NOMBRE1,NOMBRE1_0,NOMBRE2_0,NOMBRE1_3
MARIA,318456,39531,357987
JOSE,258400,19314,277714
ANTONIO,16806,111761,128567
JUAN,108222,18415,126637
SANTOS,87789,26153,113942
CARLOS,68750,27025,95775
ROSA,57755,36912,94667
ISABEL,9430,69306,78736
JESUS,15910,60569,76479
FRANCISCO,44225,31503,75728
LUIS,40474,19969,60443
MANUEL,22153,22617,44770
ANGEL,14997,28590,43587
ALBERTO,3015,40516,43531
SUYAPA,7028,31755,38783
RAMON,15756,20900,36656
ANA,33905,912,34817
OSCAR,31166,928,32094
DEL CARMEN,1,31362,31363
MARINA,5048,26300,31348
JORGE,29557,922,30479
ROBERTO,10148,18576,28724
JUANA,26562,2153,28715
MIGUEL,23991,3782,27773
ELIZABETH,2040,25659,27699
PEDRO,23182,2174,25356
LIDIA,9026,15041,24067
PATRICIA,2561,21279,23840
GLORIA,20260,3104,23364
ESPERANZA,2261,20814,23075
FRANCISCA,13328,9736,23064
REINA,20376,2275,22651
JAVIER,5910,16676,22586
ENRIQUE,2675,19824,22499
ARMANDO,4588,17482,22070
MARIO,19653,2144,21797
HECTOR,20767,815,21582
MARGARITA,6712,13871,20583
BLANCA,19704,238,19942
ANTONIA,6189,13697,19886
CESAR,9248,10542,19790
JESUS,14320,5422,19742
YAMILETH,580,19066,19646
HUMBERTO,2932,16270,19202
ORLANDO,4066,14992,19058
OMAR,4205,14627,18832
MARTHA,16859,1192,18051
RENE,7020,10841,17861
DAVID,6523,11337,17860
MARCO,17702,35,17737
ELENA,3532,13960,17492
NORMA,16752,672,17424
CONCEPCION,6776,10547,17323
VICTOR,15646,1599,17245
ARGENTINA,2165,14909,17074
JULIO,16216,614,16830
LETICIA,2503,14261,16764
SANDRA,16265,346,16611
YOLANDA,3686,12867,16553
ALEXANDER,1731,14446,16177
JULIA,10311,5655,15966
MERCEDES,8151,7365,15516
LUZ,5767,9461,15228
ALFREDO,3935,11280,15215
CRISTINA,4860,10296,15156
MARIBEL,2884,12269,15153
PABLO,9031,5957,14988
IRIS,12421,2537,14958
DANIEL,8077,6704,14781
RAFAEL,8635,6137,14772
EDGARDO,2969,11712,14681
ALBA,13901,770,14671
MARTA,12698,1695,14393
OLGA,13462,685,14147
LIZETH,391,13545,13936
DOLORES,4487,9296,13783
CARMEN,11629,1824,13453
CAROLINA,920,12303,13223
XIOMARA,3275,9682,12957
ROLANDO,3555,9060,12615
DORIS,10898,1620,12518
GUADALUPE,5011,7502,12513
ARACELY,2024,10376,12400
IRMA,10995,1401,12396
LOURDES,8388,3779,12167
ALEXIS,3132,8929,12061
TERESA,6573,5424,11997
MARITZA,5309,6639,11948
ALEJANDRO,6101,5815,11916
ANGELA,8321,3430,11751
LUISA,3689,7793,11482
ARTURO,2431,9049,11480
MA,11337,96,11433
WILMER,10499,829,11328
ALICIA,3534,7598,11132
MIRIAN,9546,1529,11075
RAUL,7235,3759,10994
ONDINA,1314,9625,10939
SONIA,10145,721,10866
FERNANDO,4157,6698,10855
VILMA,9904,849,10753
NELSON,9793,891,10684
EDUARDO,4308,6290,10598
ELSA,9254,1189,10443
ALONSO,660,9765,10425
RIGOBERTO,7912,2447,10359
RICARDO,6551,3796,10347
ANDRES,6336,3964,10300
GERMAN,8787,1474,10261
SANTIAGO,6172,4073,10245
VICTORIA,4981,5257,10238
WILFREDO,7375,2828,10203
MARVIN,9713,481,10194
MAGDALENA,1513,8629,10142
KARLA,9946,21,9967
ESTELA,2463,7208,9671
MARCOS,8080,1480,9560
PAULA,7420,2118,9538
GUSTAVO,6274,3199,9473
LEONEL,2707,6748,9455
REYNA,8466,788,9254
CLAUDIA,8979,154,9133
TULIO,1112,7977,9089
LORENA,1775,7280,9055
MAURICIO,2617,6428,9045
ADOLFO,2430,6597,9027
FELIX,6736,2190,8926
DIGNA,7610,1314,8924
ERNESTO,3354,5494,8848
LUCIA,5649,3149,8798
MIRNA,8456,338,8794
FELIPE,6178,2327,8505
DE LA CRUZ,0,8470,8470
RAMONA,4379,4040,8419
AZUCENA,788,7449,8237
DILCIA,7408,726,8134
RUBEN,5683,2310,7993
YANETH,377,7556,7933
EFRAIN,3586,4285,7871
EMILIO,3376,4444,7820
LILIAN,6386,1398,7784
GLADIS,6636,1135,7771
EDWIN,7536,225,7761
HERNAN,3537,4064,7601
MIRIAM,6721,831,7552
SILVIA,6744,808,7552
CONSUELO,2215,5319,7534
DANILO,1804,5668,7472
MARTIN,4858,2598,7456
TOMAS,4851,2552,7403
GERARDO,3895,3490,7385
MELVIN,6913,370,7283
KAREN,7190,72,7262
GLENDA,7076,66,7142
ADA,7020,112,7132
GLADYS,6221,867,7088
CATALINA,3985,3019,7004
SAUL,4279,2683,6962
FREDY,6459,482,6941
JOEL,2697,4238,6935
INES,2450,4465,6915
GUILLERMO,4453,2333,6786
ALEJANDRINA,3672,3097,6769
VICENTE,4565,2204,6769
EVA,5372,1383,6755
ELVIA,5331,1405,6736
ALFONSO,2456,4252,6708
CANDIDA,5807,780,6587
HILDA,5635,920,6555
DENIS,6120,352,6472
ADAN,3517,2919,6436
NOE,2889,3544,6433
AUGUSTO,911,5492,6403
WENDY,6329,51,6380
ELIAS,2964,3410,6374
IVAN,1500,4841,6341
CRUZ,3564,2777,6341
DOMINGO,4499,1839,6338
YADIRA,1440,4886,6326
ALEX,5749,576,6325
TRINIDAD,3076,3224,6300
AMPARO,1844,4391,6235
ZOILA,5761,423,6184
AMILCAR,1983,4180,6163
ROSARIO,2083,4030,6113
SAMUEL,4099,2009,6108
RUTH,3814,2269,6083
DELIA,2966,3082,6048
SALVADOR,4065,1980,6045
MARLEN,3842,2164,6006
ISMAEL,3229,2766,5995
WALTER,5407,524,5931
OSMAN,4537,1389,5926
ANIBAL,1603,4303,5906
VIRGINIA,3228,2592,5820
SARA,5304,505,5809
JOSEFA,3223,2530,5753
ROGER,5344,379,5723
RODOLFO,3434,2216,5650
NORA,5278,364,5642
AGUSTIN,3562,2074,5636
MARLON,5415,203,5618
ESMERALDA,1449,4159,5608
IDALIA,1379,4175,5554
PETRONA,4072,1462,5534
JANETH,400,5079,5479
DOMINGA,3772,1704,5476
ALMA,5404,68,5472
ANGELICA,2518,2917,5435
JULIAN,4451,963,5414
GABRIEL,2618,2745,5363
GREGORIO,3970,1363,5333
EMERITA,1581,3735,5316
ISIDRO,3296,2003,5299
GILBERTO,3464,1825,5289
NATIVIDAD,3114,2156,5270
ARNULFO,2460,2684,5144
BERTA,4639,503,5142
HENRY,4835,276,5111
DE LOS ANGELES,0,5107,5107
DUNIA,4935,139,5074
ADALBERTO,1216,3848,5064
DORA,4636,427,5063
ESTEBAN,2871,2181,5052
YESENIA,1437,3611,5048
CECILIA,2104,2891,4995
NICOLAS,3471,1498,4969
EDITH,2527,2412,4939
ELVIN,4769,155,4924
JOSUE,2669,2242,4911
JUDITH,930,3964,4894
LESLY,4716,143,4859
NOEL,1484,3363,4847
EMILIA,2212,2634,4846
AURORA,1903,2927,4830
TOMASA,3425,1390,4815
LUCILA,3033,1734,4767
ADALID,631,4117,4748
REINALDO,3000,1748,4748
NERY,3443,1286,4729
MARTINA,3455,1270,4725
MOISES,3122,1580,4702
VIRGILIO,2996,1695,4691
CRISTOBAL,3134,1536,4670
ALBERTINA,2188,2468,4656
BRENDA,4561,75,4636
DARIO,928,3651,4579
ELMER,4283,278,4561
ISRAEL,2151,2383,4534
MAYRA,4468,63,4531
AIDA,2929,1562,4491
JOSEFINA,2614,1870,4484
NOLVIA,4208,266,4474
LEONARDO,2554,1913,4467
GEOVANY,432,3993,4425
ERNESTINA,2326,2065,4391
SERGIO,4044,344,4388
DEL ROSARIO,0,4377,4377
LAURA,3739,628,4367
ENMA,3659,707,4366
ESTHER,985,3325,4310
ELVIRA,1810,2499,4309
SUSANA,2426,1878,4304
ROSIBEL,1646,2630,4276
ALEJANDRA,1963,2308,4271
DE LOS SANTOS,1,4242,4243
PORFIRIO,2888,1351,4239
REYNALDO,2551,1651,4202
ESTER,1230,2963,4193
LORENZO,2894,1291,4185
MAURA,3564,614,4178
FAUSTO,3650,495,4145
DONALDO,1818,2324,4142
ADELA,2910,1225,4135
IRENE,1413,2700,4113
DINORA,1442,2662,4104
BERTHA,3711,388,4099
RAQUEL,1414,2641,4055
VERONICA,1608,2425,4033
SOFIA,2348,1681,4029
BENJAMIN,2420,1608,4028
GRACIELA,2166,1770,3936
ADRIAN,2205,1728,3933
AMANDA,1817,2102,3919
BEATRIZ,921,2996,3917
RUFINO,2036,1881,3917
AMALIA,1858,2039,3897
JAIME,3633,263,3896
LEONIDAS,2376,1508,3884
MELIDA,2341,1536,3877
MARLENE,1476,2383,3859
MARIANO,3142,707,3849
ERLINDA,2106,1735,3841
DELMY,3586,255,3841
ARNALDO,1310,2496,3806
MARIANA,3208,579,3787
YOVANY,313,3471,3784
ABEL,1930,1851,3781
JOAQUIN,2533,1248,3781
GREGORIA,2693,1078,3771
OLIVIA,1717,2037,3754
SELVIN,3632,101,3733
KARINA,1040,2680,3720
WILSON,3328,388,3716
LEONOR,1633,2066,3699
ONEYDA,1521,2160,3681
ALEXI,997,2655,3652
GEOVANNY,379,3264,3643
EUGENIO,2331,1298,3629
FELIPA,2696,918,3614
LILIANA,1200,2393,3593
MODESTO,2620,971,3591
NOHEMY,855,2722,3577
OVIDIO,1186,2388,3574
AMELIA,1575,1991,3566
RITA,2957,590,3547
EUGENIA,1610,1920,3530
AGUSTINA,2184,1344,3528
ELISA,1460,2029,3489
PASTORA,1649,1813,3462
NOEMI,1277,2156,3433
PASTOR,1187,2236,3423
CLEMENTINA,1956,1460,3416
PETRONILA,2387,1005,3392
ISAIAS,1512,1879,3391
BESSY,2934,452,3386
JUSTO,3201,179,3380
ELIDA,2479,898,3377
ALONZO,264,3106,3370
BERNARDO,2283,1053,3336
FRANKLIN,3010,290,3300
ANGELINA,1624,1674,3298
DEYSI,2889,408,3297
ELIA,2443,853,3296
ADRIANA,2198,1070,3268
MARLENY,1088,2155,3243
ROSALINA,2538,701,3239
MARCELINO,2484,746,3230
DAGOBERTO,1872,1346,3218
BAUTISTA,18,3198,3216
YESSENIA,851,2346,3197
DENIA,3074,117,3191
ERIKA,3063,98,3161
MILTON,2923,234,3157
GONZALO,2106,1048,3154
VANESSA,456,2689,3145
FLORINDA,2003,1093,3096
SALOMON,1650,1436,3086
CECILIO,1523,1560,3083
GUILLERMINA,1986,1095,3081
BERNARDA,2046,1028,3074
NELLY,2452,620,3072
KENIA,3024,23,3047
ORFILIA,1452,1593,3045
MARTIR,1527,1515,3042
MARCIAL,2167,871,3038
FIDELINA,1912,1084,2996
DIANA,2883,99,2982
RUBENIA,1739,1236,2975
FELICITA,2033,942,2975
TEODORO,2352,623,2975
FLORENTINO,2064,907,2971
DALILA,1084,1886,2970
LUCIO,2376,594,2970
AMADO,1580,1388,2968
MATILDE,1738,1222,2960
FRANCIS,2688,270,2958
OBDULIO,722,2234,2956
DINA,2542,395,2937
EVELIO,1124,1808,2932
SAGRARIO,752,2176,2928
TEODORA,2075,811,2886
SEBASTIAN,2140,744,2884
ANDREA,1998,882,2880
OFELIA,1496,1382,2878
MARICELA,527,2348,2875
OLVIN,2748,116,2864
RAMIRO,1569,1288,2857
ADELINA,1711,1131,2842
ZULEMA,626,2213,2839
MARCELINA,2124,696,2820
VALENTIN,1885,934,2819
FAUSTINO,2049,770,2819
NELY,2188,629,2817
DILIA,1114,1682,2796
EMELINA,1300,1495,2795
JACOBO,1843,948,2791
NANCY,2763,28,2791
HUGO,2257,523,2780
GEORGINA,956,1823,2779
HERMINIA,1649,1108,2757
ROGELIO,1951,803,2754
BELINDA,884,1855,2739
HERIBERTO,1300,1436,2736
EMMA,2322,413,2735
VIDAL,1213,1506,2719
EDILBERTO,1164,1544,2708
JESSICA,2646,56,2702
JENNY,2660,40,2700
OLIMPIA,1281,1417,2698
ENCARNACION,1366,1328,2694
DAYSI,2459,233,2692
BENITO,1321,1370,2691
OSWALDO,1054,1633,2687
WALESKA,393,2288,2681
GABRIELA,1084,1568,2652
MAIRA,2605,40,2645
MELISSA,591,2050,2641
IGNACIO,1531,1105,2636
JOHANA,809,1819,2628
DANIA,2553,69,2622
FIDEL,1818,797,2615
ALCIDES,643,1966,2609
RONY,2454,141,2595
TELMA,2239,353,2592
ELBA,2299,274,2573
VICENTA,1752,810,2562
DENNIS,2446,116,2562
ORBELINA,944,1612,2556
OTILIA,1313,1242,2555
NOHEMI,647,1885,2532
MARGARITO,1907,625,2532
DOMITILA,1619,869,2488
INGRID,2442,33,2475
LIZZETH,82,2391,2473
CORINA,1092,1355,2447
YOLANY,487,1944,2431
BLAS,1191,1205,2396
GENARO,1690,706,2396
MARISOL,386,2005,2391
MARILU,460,1931,2391
LUCAS,1934,451,2385
MAURO,1988,386,2374
DAISY,2103,263,2366
EDGAR,2226,122,2348
DARWIN,2235,109,2344
EUSEBIO,1699,641,2340
J,2314,24,2338
NAHUN,729,1602,2331
OCTAVIO,969,1344,2313
PAULINO,1718,592,2310
ENRRIQUE,407,1885,2292
ABRAHAM,1174,1110,2284
NICOLASA,1370,886,2256
VICTORINA,1560,696,2256
DILMA,1946,309,2255
JAMILETH,64,2189,2253
ARELY,488,1722,2210
FERMIN,1509,699,2208
AURELIO,677,1525,2202
ELDA,2091,111,2202
MEDARDO,1332,860,2192
DEL SOCORRO,0,2190,2190
ROXANA,830,1360,2190
ISOLINA,578,1608,2186
ONEIDA,821,1361,2182
FILOMENA,1324,854,2178
ROMAN,1311,865,2176
EVANGELINA,1427,747,2174
FELICIANO,1647,524,2171
MARY,1878,273,2151
MISAEL,874,1273,2147
DE LA PAZ,0,2146,2146
DIONICIO,1446,696,2142
RENAN,715,1424,2139
CELINA,760,1377,2137
VICTORIANO,1699,437,2136
DIMAS,1365,767,2132
CANDIDO,1809,321,2130
ERASMO,1186,939,2125
ALLAN,1905,220,2125
ROSAURA,1524,600,2124
EDIS,1925,199,2124
REYES,937,1185,2122
GERALDINA,402,1709,2111
NEPTALI,889,1211,2100
CRISTINO,1404,690,2094
TEOFILO,1753,339,2092
REGINA,659,1429,2088
DOUGLAS,1853,214,2067
FANY,2030,37,2067
LASTENIA,823,1227,2050
MODESTA,1455,593,2048
HAYDEE,680,1364,2044
LESBIA,1997,47,2044
FATIMA,1766,277,2043
YENY,2011,24,2035
LUCIANO,1587,432,2019
ZONIA,1799,220,2019
JACKELINE,226,1779,2005
PAULINA,1352,636,1988
YAMILET,95,1885,1980
JACINTO,1191,788,1979
MAXIMO,1705,269,1974
AMINTA,896,1075,1971
ARACELI,364,1601,1965
NATALIA,1084,881,1965
OLMAN,1853,109,1962
MERLIN,1852,109,1961
MANUELA,1301,657,1958
ADILIA,901,1052,1953
JUVENTINA,1012,922,1934
BENIGNO,1232,702,1934
HIPOLITO,1369,565,1934
CELSO,1708,213,1921
SANTA,1890,28,1918
ELVA,1546,363,1909
CELESTINO,1093,811,1904
ERMELINDA,1065,828,1893
NAPOLEON,845,1032,1877
DEISY,1644,230,1874
LAZARO,1429,440,1869
ELISEO,1219,645,1864
ELSY,1713,148,1861
LENIN,846,1013,1859
BERTILIA,1093,747,1840
HILARIO,1265,575,1840
MARCIO,1667,168,1835
LILIAM,1507,325,1832
DELMIS,1657,175,1832
ROSALIA,1309,520,1829
JUSTINA,1086,740,1826
MATIAS,1022,803,1825
RUFINA,960,858,1818
ARGELIA,819,998,1817
ROQUE,1402,409,1811
ADONAY,324,1483,1807
TANIA,1783,17,1800
CATALINO,1236,556,1792
JAIRO,1721,67,1788
GRICELDA,631,1148,1779
MARCIA,1647,131,1778
FEDERICO,1063,711,1774
EVELYN,1462,309,1771
LUCINDA,1106,659,1765
NARCISO,1322,438,1760
MAXIMINO,1419,340,1759
FREDIS,1562,186,1748
OSIRIS,727,1019,1746
SOCORRO,537,1205,1742
ROMELIA,1106,636,1742
DE DIOS,0,1733,1733
ESTANISLAO,1066,667,1733
CAMILO,1177,556,1733
LINDA,1041,690,1731
LORENZA,1136,590,1726
AMERICA,550,1171,1721
ISAAC,549,1170,1719
ERCILIA,962,756,1718
JULIANA,1278,438,1716
FAUSTINA,1177,538,1715
RAFAELA,1097,615,1712
VALENTINA,1111,597,1708
ABELINO,643,1062,1705
EDY,1600,96,1696
LINO,653,1039,1692
EVANGELISTA,358,1333,1691
GERTRUDIS,970,713,1683
ANABEL,643,1037,1680
SULEMA,377,1302,1679
MAXIMILIANO,1404,274,1678
JACQUELINE,266,1411,1677
ODILIA,747,930,1677
ASUNCION,745,923,1668
NORMAN,1552,116,1668
ALVARO,1321,342,1663
YESSICA,1629,31,1660
CARLA,1643,15,1658
CARMINDA,962,695,1657
ELVIS,1560,96,1656
ISRRAEL,787,863,1650
CONSTANTINO,1075,575,1650
EDA,1554,96,1650
EUFEMIA,938,707,1645
NIDIA,1433,211,1644
IVETH,210,1432,1642
FLORENTINA,1118,521,1639
ABRAHAN,858,780,1638
DELFINA,956,678,1634
VENTURA,685,946,1631
LILIA,1091,537,1628
FLORENCIO,1276,349,1625
NIEVES,636,983,1619
WALDINA,693,925,1618
EULALIA,887,725,1612
SALOME,579,1031,1610
FLORENCIA,1007,602,1609
EULALIO,1100,509,1609
MARCELA,817,788,1605
CELIA,1198,406,1604
DELMI,1454,150,1604
YANET,98,1500,1598
SATURNINO,1206,378,1584
CRISTIAN,1486,98,1584
ANASTACIO,1129,453,1582
YOBANY,133,1447,1580
ALEYDA,909,670,1579
FANNY,1557,22,1579
JEOVANY,130,1435,1565
EDIN,1438,127,1565
ISIDRA,854,706,1560
GRISELDA,620,936,1556
ERICK,1484,72,1556
AURELIA,926,629,1555
ALTAGRACIA,853,699,1552
AMADA,1083,469,1552
MELBA,1422,129,1551
ADELMO,759,788,1547
BENITA,944,603,1547
JERONIMO,1194,353,1547
EDELMIRA,765,770,1535
RENIERY,330,1204,1534
NUBIA,1161,372,1533
ARNOLDO,424,1107,1531
EMELDA,707,816,1523
LEONARDA,1057,464,1521
ILDA,1173,335,1508
INOCENTE,527,979,1506
MARBIN,1400,103,1503
CLARA,1152,349,1501
JEOVANNY,146,1354,1500
JUSTA,1361,129,1490
SEBASTIANA,943,541,1484
OSMIN,704,777,1481
YOVANI,149,1305,1454
EDUVIGES,332,1121,1453
ARCADIA,902,551,1453
SABINA,904,543,1447
MILAGRO,594,842,1436
DAMARIS,729,707,1436
RINA,1377,56,1433
MAGDA,1386,46,1432
CALIXTO,1082,340,1422
NAUN,419,995,1414
FIDELIA,963,444,1407
AUXILIADORA,51,1349,1400
MARLIN,1289,106,1395
HERMINIO,812,576,1388
PASCUAL,860,528,1388
EUSEBIA,844,543,1387
GUMERCINDA,1002,384,1386
ARISTIDES,418,967,1385
BAUDILIO,848,536,1384
EVER,1285,96,1381
GERSON,1328,51,1379
MABEL,352,1025,1377
ROSENDO,1027,350,1377
GUMERCINDO,969,402,1371
ELDER,1234,131,1365
NESTOR,1241,111,1352
JULISSA,267,1080,1347
LEONILA,925,421,1346
FLOR,1208,125,1333
CLEOTILDE,767,563,1330
GILMA,1251,78,1329
LIZETTE,59,1263,1322
FLORA,1088,234,1322
CARLOTA,784,537,1321
ALVA,1199,122,1321
SOLEDAD,493,820,1313
ANITA,803,508,1311
SIMON,905,385,1290
YENI,1261,29,1290
ULISES,441,847,1288
BERNABE,831,457,1288
BETULIA,499,785,1284
JACINTA,772,509,1281
SABINO,921,360,1281
CORNELIO,845,419,1264
CELESTINA,740,523,1263
CANDELARIA,699,560,1259
DIONISIO,812,446,1258
MARIELA,299,953,1252
LEOPOLDO,916,328,1244
LIGIA,1112,131,1243
ENA,1191,51,1242
CLEMENTE,884,349,1233
CARMELINA,780,448,1228
DULCE,1223,4,1227
ELEUTERIO,832,393,1225
ELOISA,615,603,1218
SIXTO,963,255,1218
CLAUDIO,1077,136,1213
CARMELA,890,320,1210
IGNACIA,694,514,1208
REBECA,576,629,1205
PEDRINA,723,478,1201
IVIS,1138,58,1196
MARGOTH,109,1086,1195
FELICIANA,814,375,1189
BERNARDINA,823,364,1187
DORILA,694,488,1182
FABIAN,720,456,1176
ISIDORO,784,390,1174
BERNARDINO,861,311,1172
RAIMUNDO,929,243,1172
CARIDAD,433,738,1171
RODRIGO,843,326,1169
ROMULO,988,181,1169
MELANIA,454,711,1165
OTILIO,719,442,1161
NEPTALY,431,727,1158
THELMA,1072,85,1157
SIMONA,773,380,1153
EVELIN,774,379,1153
MIRTALA,770,375,1145
ELISABETH,107,1034,1141
JAQUELINE,125,1015,1140
MAXIMINA,812,326,1138
GEOVANNI,157,980,1137
ISIDORA,636,501,1137
JEREMIAS,794,338,1132
HORACIO,711,416,1127
ALFONZO,478,646,1124
ERLIN,1073,48,1121
ELA,997,123,1120
GISELA,300,816,1116
LINA,411,704,1115
MARLENI,341,771,1112
SIMEON,852,257,1109
JEANETH,65,1030,1095
YANIRA,289,805,1094
YAQUELIN,66,1025,1091
EXEQUIEL,526,561,1087
ROSALIO,863,223,1086
RONALD,980,105,1085
DANELIA,418,664,1082
JOAQUINA,573,506,1079
MAGDALENO,766,311,1077
ORLIN,1042,32,1074
YOVANNY,104,962,1066
NARCISA,716,348,1064
TIBURCIO,787,276,1063
ETELVINA,347,713,1060
AURA,1005,54,1059
NOEMY,374,682,1056
BETY,874,176,1050
LISETH,35,1010,1045
JOHANNA,343,700,1043
HILARIA,609,429,1038
ORALIA,460,576,1036
NECTALI,454,581,1035
ANAEL,249,779,1028
DELMA,931,97,1028
MATEO,566,461,1027
UBALDO,566,457,1023
EVARISTO,585,435,1020
POMPILIO,642,377,1019
BETTY,827,192,1019
LISSETH,26,991,1017
OTONIEL,256,760,1016
BELKIS,974,40,1014
TRANSITO,629,383,1012
ELIZABET,100,909,1009
ENRIQUETA,465,539,1004
HERMES,880,123,1003
HORTENCIA,479,523,1002
EMILIANO,599,403,1002
DIONICIA,665,336,1001
LISANDRO,552,447,999
ISAURA,565,433,998
DIEGO,712,286,998
LILY,304,692,996
CIRIACO,816,180,996
EDMUNDO,384,610,994
LUCRECIA,564,427,991
FERMINA,632,359,991
SARAI,206,783,989
ANASTACIA,637,352,989
LICETH,31,954,985
SATURNINA,687,296,983
YOJANA,201,781,982
PAZ,249,731,980
MARISELA,198,779,977
MIREYA,281,696,977
CAMILA,608,366,974
ROSINDA,640,334,974
LEYLA,940,34,974
ADELAIDA,533,440,973
MARIXA,444,525,969
PILAR,463,499,962
JUNIOR,757,202,959
EDIL,831,126,957
BARTOLO,704,251,955
TIMOTEO,740,214,954
GABINO,628,322,950
FABRICIO,172,777,949
DE LA LUZ,0,947,947
TITO,635,309,944
YONY,835,108,943
ELI,425,517,942
RONAL,880,61,941
PURIFICACION,609,330,939
TORIBIO,633,304,937
EVELIA,429,507,936
ARCADIO,609,324,933
FELICITO,730,203,933
EDNA,894,39,933
ABELINA,500,430,930
SIOMARA,227,702,929
LEON,104,820,924
BELTRAN,154,769,923
CONSEPCION,375,548,923
FILADELFO,691,232,923
PRESENTACION,580,341,921
GASPAR,601,318,919
FLORIDALMA,675,244,919
ELIO,793,125,918
PRISCILA,557,357,914
DEMETRIO,642,269,911
AGRIPINA,442,467,909
HENRRY,854,52,906
FILIBERTO,614,290,904
NORBERTO,529,374,903
LILA,482,420,902
MERY,704,194,898
YOLANI,180,717,897
IVONNE,329,568,897
LILI,217,679,896
NINOSKA,178,716,894
SECUNDINO,661,233,894
YESICA,863,28,891
SABAS,613,277,890
DONATILA,619,270,889
RUDY,752,134,886
LESLIE,838,48,886
VENANCIO,670,215,885
AMADEO,541,343,884
AGUEDA,671,212,883
YOHANA,218,664,882
GENOVEVA,452,430,882
BONIFACIO,663,217,880
TEODOLINDA,674,203,877
NINFA,623,253,876
VIRGILIA,618,255,873
MACARIO,688,182,870
DELMER,819,50,869
YASMIN,257,611,868
ANSELMO,602,265,867
MARCELO,622,241,863
RANDOLFO,271,586,857
ERICA,786,69,855
AGAPITO,454,398,852
PATRICIO,501,350,851
ELY,488,362,850
CIRILO,629,217,846
BERTILA,496,346,842
MELVA,754,76,830
ALAN,715,112,827
DEL TRANSITO,0,824,824
ANTONIETA,82,741,823
DAMIAN,314,508,822
ELEAZAR,385,432,817
NUVIA,575,241,816
SARAHI,115,696,811
DOROTEA,550,258,808
LIZZETTE,46,761,807
AQUILINO,547,260,807
MARIN,253,550,803
FABIO,665,138,803
BENEDICTO,497,305,802
YOVANNI,61,740,801
LELIS,599,200,799
RONEY,214,584,798
AMINDA,438,358,796
ARELI,150,644,794
ADONIS,212,580,792
RAIMUNDA,591,201,792
JIMMY,764,28,792
LIDUVINA,326,460,786
BLASINA,318,467,785
MELBIN,745,40,785
OBED,285,499,784
JUSTINO,589,194,783
ARNOLD,623,157,780
JUSTINIANO,685,91,776
ALEXY,209,566,775
ABILIO,355,420,775
PERFECTO,549,224,773
ONAN,179,591,770
LESLI,745,25,770
PAOLA,296,471,767
MAXIMA,594,172,766
BALBINA,516,248,764
NAHUM,268,494,762
DONATO,316,446,762
BARBARA,522,239,761
CELENIA,329,429,758
ELIGIO,428,330,758
ABELARDO,331,426,757
SILVERIO,586,169,755
LUCY,679,76,755
MIRTA,689,66,755
YOLIBETH,24,730,754
ENGRACIA,97,657,754
LIZANDRO,324,430,754
REINERIO,389,365,754
BRIGIDA,536,217,753
CLAUDINA,409,342,751
TEOFILA,541,204,745
ROSMERY,300,444,744
APOLONIO,539,204,743
POLICARPO,592,151,743
BRAULIO,578,163,741
CELEO,660,76,736
OSMAR,359,376,735
SULMA,716,19,735
ELIBERTO,299,433,732
HIGINIO,489,243,732
MARGOT,105,625,730
MAYNOR,684,46,730
EUCEBIO,517,211,728
WILLIAM,569,157,726
NIMIA,586,140,726
CEFERINO,517,208,725
ARIEL,197,527,724
SANTANA,346,376,722
YOBANI,73,648,721
GISSELA,189,530,719
CINTHIA,718,1,719
ALEIDA,410,303,713
HERMELINDA,462,250,712
BLADIMIR,145,563,708
ZACARIAS,451,256,707
APOLONIA,466,238,704
DALIA,545,158,703
FREDYS,649,53,702
HERLINDA,401,300,701
SERGIA,605,95,700
ROY,592,107,699
JOVANY,82,613,695
SOILA,637,57,694
TRANCITO,451,241,692
SEGUNDO,462,229,691
EZEQUIEL,438,252,690
JENY,675,13,688
OLINDA,309,378,687
RODIMIRO,361,326,687
CIPRIANO,493,194,687
IVETTE,128,557,685
ROSALINDA,601,83,684
RUPERTO,502,181,683
FROILAN,459,222,681
TERENCIO,535,144,679
MONICA,556,123,679
SOBEYDA,238,438,676
DANERY,107,567,674
NERI,412,261,673
ANACLETO,480,192,672
ELADIO,340,331,671
BASILIO,497,174,671
YAJAIRA,267,403,670
SAYDA,659,8,667
INGRIS,656,10,666
EDITA,442,223,665
FIDENCIO,469,196,665
ESAU,179,485,664
EDDY,625,39,664
ISIS,645,19,664
COSME,435,225,660
NEFTALI,364,294,658
RUTILIO,298,359,657
WILMAN,465,192,657
DANY,619,37,656
MERARY,202,453,655
RICARDA,456,198,654
EDILIA,268,385,653
BARTOLA,417,233,650
ALBINA,289,360,649
CATARINO,505,143,648
PIO,258,389,647
NILDA,596,49,645
SILVERIA,422,221,643
LUCIANA,447,195,642
IDANIA,306,335,641
NERIS,468,173,641
GIL,361,279,640
DOROTEO,478,162,640
PASCUALA,385,254,639
PATROCINIA,450,189,639
PRUDENCIO,504,134,638
CONRADO,321,314,635
VISITACION,352,281,633
EUNICE,179,452,631
LEONCIO,514,116,630
LESVIA,610,20,630
ELISABET,78,549,627
ASUCENA,79,548,627
ISELA,183,443,626
OBDULIA,291,335,626
YONI,554,71,625
GENARA,372,250,622
ADALI,108,513,621
BASILIA,443,178,621
CIRILA,448,172,620
JONATHAN,247,370,617
CELIO,553,64,617
FAUSTA,533,83,616
BENIGNA,382,231,613
EULOGIO,446,167,613
TEREZA,335,276,611
CRESENCIO,467,144,611
LEILA,574,37,611
BACILIA,434,174,608
LEANDRO,488,120,608
AGUSTO,101,506,607
ISAI,178,429,607
BACILIO,439,168,607
EDUIN,583,24,607
NELIS,425,177,602
BARTOLOME,461,141,602
DELMIRA,336,265,601
NOLBERTO,281,318,599
JOVITA,359,240,599
MAGIN,242,356,598
JANNETH,54,543,597
LINDOLFO,278,315,593
KAROLINA,22,570,592
ONELIA,226,363,589
PATROCINIO,417,172,589
DIONISIA,421,167,588
NOHELIA,191,396,587
CAROL,512,74,586
ELEUTERIA,295,290,585
MACARIA,442,143,585
MIGDALIA,236,348,584
ABIGAIL,145,438,583
AVILIO,203,380,583
JACOBA,349,232,581
WILBERTO,410,169,579
AIDE,175,403,578
QUINTIN,369,209,578
VICTORINO,451,122,573
MAREL,201,371,572
FREDI,506,64,570
ERIC,528,41,569
ERIK,545,24,569
CUPERTINO,222,346,568
LEOCADIO,423,144,567
GEOVANI,70,494,564
JABIER,128,435,563
ANARDA,366,195,561
REGINO,372,189,561
CAYETANO,396,163,559
JESSENIA,160,398,558
APOLINARIO,426,128,554
BILMA,487,64,551
CORNELIA,338,212,550
BESY,461,89,550
YECENIA,153,396,549
CLEMENCIA,369,180,549
BRIGIDO,434,113,547
ODALIS,230,313,543
NELDA,477,66,543
LESTER,506,37,543
TESLA,509,33,542
ALIRIO,128,411,539
REMBERTO,216,320,536
ELIZETH,44,490,534
JUVENTINO,387,146,533
WALTHER,482,50,532
NOELIA,217,313,530
BENILDA,316,212,528
DAMARY,162,364,526
LEDA,491,33,524
ERIBERTO,207,316,523
ROLDAN,201,321,522
EUCEBIA,314,208,522
EDWARD,408,114,522
KAROL,488,33,521
HERMENEGILDO,401,119,520
SENIA,503,16,519
EMPERATRIZ,87,431,518
RUBI,178,340,518
BALBINO,367,151,518
PRICILA,324,193,517
EMETERIO,369,148,517
PAULO,380,137,517
RUTILIA,276,240,516
HELEN,472,44,516
SENOVIA,248,267,515
ORESTILA,141,373,514
BALTAZAR,294,220,514
ELSI,459,55,514
NATANAEL,283,229,512
JACKELIN,44,467,511
SOBEIDA,193,317,510
BUENAVENTURA,420,90,510
ILIANA,275,234,509
EFIGENIA,281,228,509
AMBROCIO,357,151,508
HEBER,484,24,508
JERONIMA,354,152,506
PIEDAD,215,289,504
BONIFACIA,318,185,503
AQUILINA,319,184,503
TORIBIA,336,165,501
ODILIO,209,291,500
PROSPERO,415,84,499
GINA,494,5,499
ILSA,453,44,497
ABAD,82,414,496
PLUTARCO,332,163,495
VIVIAN,422,73,495
NADIA,489,6,495
CLEOFE,134,359,493
NAZARIO,358,134,492
JEANNETTE,70,421,491
CEFERINA,323,168,491
ALBINO,214,275,489
ESTEBANA,262,227,489
JEANNETH,32,455,487
SERAFIN,363,123,486
NELSY,437,48,485
BLACINA,206,278,484
SECUNDINA,299,185,484
IBETH,39,444,483
BERTILIO,332,151,483
ELPIDIO,108,371,479
ANIVAL,117,362,479
DARLIN,451,28,479
SAIRA,469,9,478
PANTALEON,354,123,477
KEVIN,425,52,477
IRRAEL,184,291,475
ISMELDA,228,246,474
INDIRA,296,178,474
ANCELMO,321,153,474
ADALY,83,389,472
CARINA,113,359,472
EMERITO,265,207,472
TEODULO,390,81,471
HERMAN,403,68,471
DE LA ROSA,0,470,470
GERONIMO,322,146,468
JONY,433,35,468
MARINO,209,258,467
ERMINIA,263,204,467
CORONADO,324,143,467
ATANACIO,338,129,467
LIZET,10,456,466
SALVADORA,260,205,465
INDALECIO,272,193,465
EDUARDA,310,154,464
ENEMECIO,328,136,464
VALESKA,73,390,463
JERSON,443,20,463
JAQUELIN,35,425,460
MERLYN,437,23,460
AROLDO,112,346,458
PAMELA,164,294,458
RUBIA,278,180,458
CANDELARIO,347,110,457
ELADIA,228,228,456
HELIODORO,248,208,456
SILVESTRE,271,185,456
TIMOTEA,296,160,456
FREDESVINDA,335,121,456
JONATAN,196,259,455
BRUNO,347,108,455
DEL TRANCITO,0,454,454
YANINA,99,355,454
ULICES,135,319,454
RENATO,162,292,454
JOSELINA,229,225,454
CIRIACA,318,136,454
EFREN,185,268,453
MARIVEL,100,352,452
LEDIS,413,39,452
PRUDENCIA,325,126,451
NECTALY,155,295,450
BERONICA,178,272,450
ANSELMA,282,168,450
CELSA,323,126,449
EPIFANIO,308,140,448
IZABEL,76,371,447
GERARDINA,93,354,447
DANUBIA,151,295,446
ARNOL,336,110,446
GLADIZ,361,85,446
SERAPIO,351,93,444
JANNETTE,39,404,443
ASCENCION,236,207,443
CASIMIRO,330,111,441
PERLA,431,10,441
MARLYN,404,36,440
FABIOLA,120,318,438
URBANO,239,199,438
LADISLAO,284,153,437
WILLIAMS,334,103,437
EDAS,390,47,437
ROBERTINA,135,301,436
OSVALDO,159,277,436
FELICITAS,309,127,436
LESBY,421,15,436
MIGDONIO,191,244,435
BELARMINO,272,163,435
RAYMUNDO,317,118,435
LEOCADIA,289,145,434
SOTERO,324,110,434
ONORIA,165,266,431
ROBERTA,242,189,431
CLARIBEL,92,338,430
BIENVENIDA,306,123,429
ARCANGEL,29,398,427
UBENCE,214,213,427
DESIDERIO,325,102,427
OQUELI,54,372,426
ENOC,143,283,426
URSULA,229,196,425
DEMETRIA,252,173,425
REMIGIO,274,151,425
EMIGDIO,200,224,424
BENICIA,250,174,424
SILVIO,350,74,424
HONORIA,174,249,423
ISAUL,194,229,423
AYDEE,125,297,422
DELIO,309,113,422
EULOGIA,243,178,421
HIPOLITA,288,133,421
MIRZA,397,24,421
DIAMANTINA,172,248,420
REGINALDO,290,130,420
DEL PILAR,0,419,419
YENNY,413,6,419
LISBETH,93,325,418
JHONY,390,28,418
SULAY,58,359,417
ROSALBA,331,86,417
EUSTAQUIO,307,108,415
BAYARDO,122,292,414
CLEOFES,128,286,414
JONNY,389,25,414
ESPECTACION,168,245,413
EPIFANIA,232,181,413
ANTOLINA,240,173,413
GEREMIAS,243,170,413
EBER,392,21,413
CELIN,216,194,410
ESTEFANIA,237,173,410
NOLBIA,379,30,409
ADILIO,144,264,408
CALIXTA,294,114,408
SILVANO,298,110,408
ESLY,371,37,408
EDWYN,402,6,408
NORIS,353,54,407
APOLINARIA,291,115,406
CASTULO,328,78,406
DELSY,377,29,406
ELMA,377,29,406
FERNANDA,214,189,403
BELLA,338,65,403
MARLA,394,9,403
LICET,12,390,402
NELI,275,127,402
ILDEFONSO,306,96,402
ERICKA,389,13,402
EBLIN,374,27,401
DEBORA,324,76,400
ELBIN,378,21,399
JAKELINE,46,352,398
CELEA,278,120,398
JESSY,385,13,398
HEIDY,392,6,398
JANETTE,42,355,397
REYNERIO,182,215,397
WUILMER,367,30,397
ZENAIDA,173,223,396
BENERANDA,200,196,396
ADALINDA,268,124,392
ARCENIO,197,193,390
MARCIANO,284,106,390
ESTHELA,95,294,389
ODALMA,152,237,389
ELIAZAR,179,210,389
MARIS,342,47,389
MELISA,93,295,388
CRESCENCIO,291,97,388
WENCESLAO,302,86,388
CASTA,339,49,388
ESMELIN,178,209,387
CARMELO,267,120,387
VICTORIANA,300,87,387
MANFREDO,138,246,384
RUMILDA,233,151,384
ELOINA,112,271,383
ARCENIA,204,179,383
MELECIO,285,98,383
ZULMA,377,6,383
EVARISTA,227,155,382
CHRISTIAN,353,29,382
ROMEL,324,57,381
EDWAR,359,21,380
ALEJANDRINO,260,119,379
JEANETTE,50,328,378
GLENIS,351,27,378
AQUILES,123,254,377
BAYRON,363,14,377
BERTIN,249,127,376
ALBERTA,185,190,375
DANNY,347,28,375
GIOVANY,41,333,374
LAUREANO,300,73,373
MANRIQUE,76,296,372
ASENCION,184,188,372
YONIS,326,46,372
IMELDA,169,202,371
VALERIANO,264,107,371
KELVIN,347,24,371
DINORAH,119,249,368
HIGINIA,211,157,368
PETRONILO,291,77,368
RONALDO,167,200,367
FAVIO,305,62,367
SINIA,356,11,367
DE MARIA,0,366,366
ELOY,165,201,366
VICITACION,222,144,366
AUDELIA,177,188,365
ERUNDINA,186,179,365
CORONADA,212,153,365
ROSALI,272,93,365
ROBERT,273,92,365
SAIDA,353,12,365
VENERANDA,181,183,364
FREDDY,336,28,364
ALEXANDRA,112,250,362
MONICO,301,60,361
VITALINA,200,160,360
RITO,274,86,360
FULGENCIO,286,74,360
EBERTO,117,242,359
CELESTE,131,228,359
MICAELA,204,155,359
DONATILO,274,85,359
SORAYA,128,230,358
ELICEO,231,126,357
GILDA,330,26,356
RITZA,345,11,356
ATILIO,164,191,355
JIMY,344,11,355
KEYLA,351,4,355
MERARI,130,224,354
CRISTHIAN,338,16,354
MIRTILA,179,174,353
BENICIO,155,197,352
HERMOGENES,183,169,352
DE LOURDES,0,350,350
SIXTA,242,108,350
VENANCIA,253,97,350
AURELIANO,276,74,350
DEISI,289,61,350
MERCY,326,24,350
TONY,328,22,350
RENIERI,67,282,349
PABLA,279,70,349
ANDY,319,30,349
ERMINDA,148,200,348
EMERSON,261,86,347
WIL,315,32,347
SAYRA,344,1,345
AVELINO,71,273,344
RICHARD,258,86,344
CELVIN,333,11,344
LEDY,313,30,343
ELIUD,106,236,342
AYDE,109,233,342
ISMENIA,154,188,342
DIOMEDES,190,151,341
SANDY,330,10,340
SALATIEL,159,180,339
NICOMEDES,206,133,339
NORBERTA,234,105,339
ARMINDA,166,172,338
FLAVIA,307,31,338
ZENIA,327,11,338
JULIETA,149,188,337
PERFECTA,201,136,337
ARMIDA,134,202,336
VIVIANA,154,181,335
MILDRED,292,42,334
ELIODORO,184,149,333
JANET,56,275,331
ISAC,126,205,331
CRECENCIO,257,74,331
MARLENIS,104,226,330
ELIEZER,136,193,329
INOCENCIO,215,114,329
JOHNNY,311,18,329
ENNA,318,11,329
KATY,325,4,329
ADELFA,178,149,327
NIXON,280,47,327
PAUL,143,183,326
MELITINA,154,172,326
ROMUALDO,255,71,326
SERVANDO,236,88,324
DENYS,306,18,324
IBAN,61,262,323
CRESENCIA,194,129,323
ELBIA,265,58,323
DILSIA,302,21,323
ALDO,309,14,323
VLADIMIR,66,256,322
EVENOR,96,226,322
GODOFREDO,240,82,322
JOVANNY,38,283,321
ARLES,256,65,321
ORFA,306,15,321
GIOVANNI,70,250,320
MAX,271,49,320
CENIA,313,7,320
ESTRELLA,89,230,319
MARTIRES,200,119,319
MIRELLA,70,248,318
JOHEL,114,204,318
EDUVINA,142,176,318
TEODULA,234,84,318
PLACIDA,237,81,318
EDI,288,30,318
JOHNY,294,24,318
YENIS,307,11,318
SADY,158,159,317
GRACIA,167,150,317
EMILIANA,193,124,317
ERIS,280,37,317
ERWIN,295,20,315
SINDY,310,5,315
MICHELLE,89,225,314
BRISELDA,172,141,313
VALERIA,186,127,313
LETY,267,46,313
ELEODORO,187,125,312
FACUNDO,214,97,311
LUIZ,228,83,311
ISBELA,108,202,310
JOVEL,118,192,310
NEREYDA,121,189,310
LYDIA,145,165,310
OLBIN,297,13,310
JANETT,42,267,309
EDIT,182,127,309
AIDEE,97,211,308
BERSABE,163,144,307
TRANQUILINO,236,71,307
JUVENAL,150,156,306
MAURICIA,199,107,306
MARILIN,78,226,304
ROSSANA,144,160,304
RUPERTA,174,130,304
FROYLAN,186,118,304
HERIBERTA,186,118,304
MARCIANA,229,75,304
ABNER,244,60,304
ROCIO,132,171,303
LEVI,156,147,303
KEILA,296,7,303
APARICIO,135,167,302
ESTEFANA,169,133,302
YOHANNA,82,219,301
SAMIR,94,206,300
CLEMENTINO,260,40,300
ORBELINDA,128,171,299
ANTOLIN,190,109,299
KATIA,296,3,299
HAYDE,98,199,297
NEHEMIAS,175,122,297
BELIA,213,84,297
RONNY,288,8,296
ELODIA,163,131,294
LEYDA,268,26,294
MAGALY,48,245,293
SEGUNDA,160,133,293
BEATRIS,92,199,291
REY,198,93,291
DANIS,266,25,291
ELEONORA,85,205,290
DILENIA,96,194,290
ADIN,123,167,290
OVIDIA,158,132,290
MARIZOL,28,260,288
FELICIDAD,172,116,288
NORLAN,268,20,288
XENIA,280,8,288
NICOLAZA,166,121,287
VALERIO,183,104,287
ALDA,279,8,287
HEBERTO,95,191,286
ROGELIA,181,105,286
LEANDRA,227,59,286
REINALDA,181,104,285
JOHAN,116,168,284
RUMALDO,159,125,284
LEODAN,77,206,283
MARTINIANO,226,57,283
DEYSY,239,44,283
ERMES,246,37,283
FRANCIA,249,34,283
MIRTHA,270,13,283
MARILYN,110,172,282
PRAXEDES,147,135,282
RUBY,160,122,282
ARLEN,257,25,282
TOBIAS,165,116,281
CAYETANA,176,105,281
ROMMEL,245,36,281
CRISTELA,99,180,279
CINTHYA,277,2,279
JUDIT,53,225,278
GUALBERTO,125,152,277
ONOFRE,147,130,277
LIZETT,12,264,276
OSTILIO,64,212,276
UBALDINA,92,184,276
ALIX,244,32,276
DELMIN,255,21,276
JAMES,185,90,275
ANCELMA,153,121,274
CIPRIANA,194,80,274
YAKELIN,16,257,273
NICANOR,122,151,273
LIDIO,169,104,273
MEDARDA,169,104,273
DIGNO,186,87,273
ANACLETA,192,80,272
OCTAVIANO,195,77,272
FLAVIO,228,44,272
LURBIN,259,13,272
YANETT,18,253,271
IDALMA,54,217,271
CRISTELIA,99,172,271
FELICIA,141,130,271
BIBIAN,189,82,271
YORLENY,83,187,270
ADELSO,139,131,270
LEE,42,227,269
ROSENDA,171,98,269
RAYMUNDA,174,95,269
CELEDONIO,194,75,269
JONAS,154,114,268
NAZARIA,180,88,268
EGLA,257,11,268
KELIN,260,8,268
REINEL,99,168,267
ENEYDA,127,139,266
AQUILEO,174,92,266
EDVIN,255,11,266
YAQUELINE,17,248,265
ELIN,237,28,265
NAIN,79,185,264
DIOGENES,215,49,264
MARI,235,29,264
NOLVIN,245,19,264
MARBYN,254,10,264
REINIERY,56,207,263
GABINA,170,93,263
ALIDA,207,56,263
GRISEL,32,230,262
LEONCIA,185,77,262
TIBURCIA,190,72,262
BETHY,211,51,262
NURIA,252,10,262
INEZ,71,190,261
DE LOS REYES,0,259,259
MILADY,89,170,259
PLACIDO,202,57,259
ELIU,95,163,258
ORVELINA,104,154,258
WILLIAN,227,31,258
RUDIS,229,29,258
SANDRO,229,29,258
LICIDA,142,115,257
ETHEL,169,88,257
SAID,82,174,256
EBELIO,103,153,256
DONAY,58,197,255
EMILSON,70,185,255
SELIN,129,126,255
YUNIOR,208,47,255
AGUINALDO,56,198,254
DONILA,158,96,254
RONI,239,15,254
NOLASCO,32,221,253
EDICTA,135,118,253
MARILIA,88,164,252
IVANIA,117,135,252
BRAULIA,179,73,252
LURVIN,239,13,252
NORMANDINA,131,120,251
ROMANA,153,98,251
JOHN,212,39,251
MARIEL,48,202,250
NEFTALY,116,134,250
DELCY,228,22,250
SIRIA,234,16,250
CLORINDA,151,98,249
ZENON,173,76,249
ELIS,206,43,249
ROMEO,102,146,248
AMBROSIO,158,90,248
LEYDI,229,19,248
HERMENEGILDA,178,69,247
JACQUELIN,27,219,246
NOHEL,52,194,246
JACOB,117,129,246
TEODOSIA,183,63,246
MERLY,228,18,246
EDUAR,232,14,246
BELKY,239,7,246
ASDRUBAL,61,184,245
IVON,71,174,245
OBIDIO,108,137,245
BRICELDA,111,134,245
NOLBERTA,144,101,245
ROSANA,130,113,243
LIA,137,106,243
JENNIFER,205,38,243
DORIAN,232,11,243
ELVIR,80,162,242
YESSY,240,2,242
ENEIDA,95,146,241
CORDELIA,120,121,241
ASTRID,202,39,241
YIMY,235,6,241
YASMINA,71,169,240
BAUDILIA,157,83,240
SUNILDA,92,147,239
ORTENCIA,96,143,239
GERTRUDIZ,123,116,239
RUBERMAN,169,70,239
AARON,108,130,238
DAMASO,162,76,238
RUT,166,72,238
NELVIN,219,19,238
ROSSEL,221,17,238
AUDELINA,89,148,237
AGRIPINO,138,99,237
SEFERINO,163,74,237
EDULFO,97,139,236
WILL,214,22,236
OLVAN,216,20,236
JASMIN,74,161,235
PORFIRIA,159,76,235
SUSAN,209,26,235
ENELDA,102,132,234
HERALDO,102,132,234
SELENIA,82,151,233
JOSEPH,114,118,232
ADOLFINA,136,96,232
CINTIA,232,0,232
BETINA,64,167,231
MIGUELINA,119,112,231
TEODOSA,156,75,231
ELIZA,80,150,230
ERLINDO,110,120,230
NECTALIA,117,113,230
ATANACIA,163,67,230
ALIS,203,27,230
DUGLAS,204,26,230
JESENIA,66,163,229
NAVIDAD,93,136,229
MENELIO,114,115,229
YIMI,218,11,229
EDDA,221,8,229
HELIBERTO,109,119,228
FRANCO,160,68,228
EDYS,209,19,228
ANN,11,216,227
GICELA,46,181,227
VIOLETA,76,151,227
SENAIDA,85,142,227
EXPECTACION,101,126,227
OLEGARIO,115,112,227
ALINA,139,88,227
VIDALDINA,150,77,227
LIBERATO,155,72,227
LENIS,207,20,227
ISAEL,94,132,226
AURISTELA,108,118,226
PRISILA,135,91,226
ILMA,183,43,226
EUSTAQUIA,126,99,225
EDER,209,16,225
LIZBETH,48,176,224
MERCEDEZ,105,119,224
BIENVENIDO,123,101,224
LUCINA,138,86,224
MARDOQUEO,167,57,224
JHONNY,207,17,224
ENIL,214,10,224
ETELBINA,89,134,223
KARIN,192,31,223
EMIL,196,27,223
CYNTHIA,219,4,223
MILVIA,217,5,222
LISET,6,215,221
LEOVIGILDO,151,70,221
ALI,76,144,220
ARLIN,199,21,220
HELMER,199,21,220
ROSELY,49,170,219
NOHE,79,140,219
ENMANUEL,88,131,219
BIBIANA,130,89,219
HERCILIA,132,87,219
ROSEL,195,24,219
DAYANARA,32,186,218
MARILY,48,170,218
MELINA,48,170,218
OSBALDO,100,118,218
DANIELA,102,116,218
ENRRIQUETA,104,114,218
SOTERA,137,81,218
CESARIO,149,69,218
CASTO,177,41,218
IRACEMA,52,165,217
HAROLD,184,33,217
YASENIA,47,169,216
LARISSA,66,150,216
CONSTANCIA,108,108,216
ESCOLASTICA,116,100,216
ENEMECIA,127,89,216
HELEODORO,130,86,216
JUVENCIO,159,57,216
RUBILIO,67,148,215
LENY,186,29,215
LOIDA,192,23,215
FRANCKLIN,202,13,215
ERCELY,72,142,214
ALEJO,103,111,214
NASARIO,146,68,214
MELITON,159,55,214
LUCIDALIA,181,33,214
DELMYS,192,22,214
VANESA,32,181,213
ELIGIA,99,114,213
ROSELIA,142,71,213
LILIBETH,27,185,212
GISELLE,59,153,212
DORINA,65,147,212
SILVINA,112,100,212
CRESCENCIA,153,59,212
GUILLERMA,159,53,212
NURY,206,6,212
HEYDI,209,3,212
SARAY,37,174,211
RODULIO,111,100,211
SELMA,200,10,210
JANINA,52,157,209
ERALDO,68,141,209
RENEE,94,115,209
ELENO,124,85,209
MACLOVIA,130,79,209
MERIDA,164,45,209
BELQUIS,185,24,209
LEIDY,198,11,209
NILSON,178,30,208
MIRSA,190,18,208
ONIL,78,128,206
MARIA DE JESUS,103,103,206
ARSENIO,118,88,206
DELIS,121,85,206
VINICIO,23,182,205
TERESA DE JESUS,29,176,205
ERENIA,91,114,205
ILSE,190,15,205
TULIA,79,125,204
EUDORO,82,122,204
DAYSY,185,19,204
SINTIA,203,1,204
ANDONY,23,180,203
GLORIBEL,44,159,203
MARBELLA,60,143,203
ANABELL,74,129,203
ESTANISLADA,118,85,203
SUSY,195,8,203
SUANY,198,5,203
YACKELIN,17,185,202
ENECON,104,98,202
MERIS,127,75,202
NORMANDO,77,123,200
BALVINA,130,70,200
CATARINA,155,45,200
WILBER,184,16,200
EDGARD,185,15,200
IRASEMA,36,163,199
MARIE,40,159,199
ROBIN,174,25,199
WILIAN,176,23,199
GAMALIEL,65,133,198
ROMELIO,118,80,198
LEONSO,164,34,198
MELVIS,173,25,198
ENEDINA,71,126,197
EDENIA,94,103,197
ESMELDA,96,101,197
CRISANTO,134,63,197
SERVELIO,152,45,197
GREVIL,164,33,197
HOSTILIO,29,167,196
TATIANA,89,107,196
NEPTALIA,101,95,196
LUS,104,92,196
ADELIA,106,90,196
ANTONINA,125,71,196
EUSTACIO,136,60,196
JENNIE,190,6,196
TIRZA,190,6,196
YANORY,39,156,195
ARQUIMIDES,57,138,195
CONRRADO,95,100,195
LINETH,20,174,194
GISSEL,28,166,194
ENID,73,121,194
DIXIANA,81,113,194
ANANIAS,111,83,194
CRECENCIA,122,72,194
GERONIMA,124,70,194
OSEAS,124,70,194
NELIN,146,48,194
FRANK,147,47,194
LIANA,183,11,194
LIZZETT,10,183,193
MARLEM,71,122,193
DAYANA,72,121,193
SENAYDA,76,117,193
MAGNO,110,83,193
PANFILO,163,30,193
SERVIO,179,14,193
WUENDY,193,0,193
ELINA,57,135,192
BOANERGES,81,111,192
DANILA,113,79,192
EUFEMIO,135,57,192
JUANITA,143,49,192
DINIA,184,8,192
CINDY,189,3,192
JAKELIN,16,175,191
JAZMIN,42,149,191
URIEL,65,126,191
YAHAIRA,72,119,191
OVED,79,112,191
CASIMIRA,121,70,191
ILEANA,128,63,191
ORFILIO,84,106,190
DONALD,138,52,190
CARMELINDA,150,40,190
NERYS,150,40,190
LUDIN,161,29,190
FRANCY,172,18,190
HERLIN,178,12,190
ANY,185,5,190
MAGALI,30,159,189
ALBERT,115,74,189
OCTAVILA,123,66,189
NELSI,160,28,188
NELVA,161,27,188
MAINOR,169,19,188
JESICA,181,7,188
MYRNA,182,6,188
ZAIDA,187,1,188
MICHAEL,87,100,187
SANTIAGA,96,91,187
OLAYO,116,71,187
WUILFREDO,139,48,187
LEDYS,171,16,187
LISSETTE,9,177,186
ELOIDINA,39,147,186
ROSSIBEL,49,137,186
YANUARIO,55,131,186
EVELINA,64,122,186
SIPRIANO,127,59,186
YURI,175,11,186
ODILY,36,149,185
AGAPITA,94,91,185
DIDIER,131,54,185
WUALTER,166,19,185
HENRI,171,14,185
BAIRON,175,10,185
MILGIAN,175,10,185
DARVIN,177,8,185
SUGEY,25,159,184
CELEDONIA,92,92,184
ERODITA,98,86,184
RANULFO,106,77,183
DONAL,166,17,183
GRACIBEL,41,141,182
AMBROCIA,118,64,182
WILLIANS,144,38,182
IBIS,160,22,182
ERIN,174,8,182
CAREN,178,4,182
DAMARI,62,119,181
ONILDA,81,100,181
CORALIA,94,87,181
GEORGE,134,47,181
MARIETA,67,113,180
EMANUEL,72,108,180
IRAEL,72,108,180
ISAURO,113,67,180
BRUNA,123,57,180
ADONY,33,146,179
YULISSA,33,146,179
REYNEL,54,125,179
GLENDY,177,2,179
ELETICIA,60,118,178
DOMICILA,71,107,178
LEOPOLDINA,104,74,178
REINO,123,55,178
NIVIDA,158,20,178
FILANDER,35,142,177
ODILI,35,142,177
EMELINDA,80,97,177
EDEN,89,88,177
IRINA,96,81,177
MANUEL DE JESUS,101,76,177
FACUNDA,110,67,177
ATILIANO,127,50,177
BETIS,134,43,177
YINA,175,2,177
ALDUVIN,43,133,176
DESIDERIA,111,65,176
REYMUNDO,120,56,176
IRVIN,169,7,176
PRIMITIVA,82,93,175
HILDEBRANDO,103,72,175
URSULO,129,46,175
YESIKA,171,4,175
ODETH,25,149,174
ISMARY,75,99,174
NILO,79,95,174
ANNA,164,10,174
YESY,167,7,174
NAHIN,37,136,173
GERARDA,104,69,173
LUDIS,155,18,173
DANIRA,62,110,172
DENNYS,167,5,172
HENRIQUE,24,147,171
ELEDINA,42,129,171
ELECTERIO,103,68,171
ROBER,139,32,171
HARRY,146,25,171
DARLING,160,11,171
LISSET,10,160,170
EVANGELISTO,47,123,170
LAVINIA,61,109,170
ADONIAS,85,85,170
ELIANA,93,77,170
RUMUALDO,107,63,170
BUENA,170,0,170
DANELY,27,142,169
YUDITH,34,135,169
ANTONY,44,125,169
MAGDIEL,64,105,169
TEODOSIO,134,35,169
ERMIN,154,15,169
BELKYS,164,5,169
ARACELIA,78,90,168
ALCIRA,79,89,168
UVALDO,94,74,168
CASTORINA,97,71,168
ALEXA,107,61,168
ALVIN,144,24,168
KELLY,151,17,168
OTTO,154,14,168
CONZUELO,51,116,167
MELCHOR,93,74,167
BETI,127,40,167
ELDIN,149,18,167
BORIS,152,15,167
ASUSENA,15,151,166
VIANEY,25,141,166
ESTENIA,64,102,166
EMETERIA,100,66,166
TELESFORO,128,38,166
ANUAR,132,34,166
HERMINDA,79,86,165
LILLIAN,134,31,165
LEIDA,139,26,165
BALVINO,111,53,164
ESCOLASTICO,131,33,164
ROSY,155,9,164
LOYDA,159,5,164
DAMIANA,97,66,163
SIMION,119,44,163
NERIN,131,32,163
THOMAS,100,62,162
SINFOROSA,109,53,162
ROSMERI,62,99,161
ABIMAEL,66,95,161
ASTERIO,79,82,161
EDELMA,97,64,161
SERAPIA,100,61,161
NELIA,112,49,161
LAUREANA,119,42,161
JERMAN,135,26,161
YARITZA,48,112,160
FELINA,77,83,160
VIRGEN,82,78,160
AMELIDA,98,62,160
SIDIA,139,21,160
INDALECIA,83,76,159
FAVIAN,84,75,159
FABIANA,111,48,159
TADEO,54,104,158
ARGELIO,56,102,158
MARILUZ,67,91,158
ADELAYDA,78,80,158
ELIZANDRO,89,69,158
WILTON,135,23,158
CLELIA,146,12,158
VALERIANA,84,73,157
BENANCIO,111,46,157
DELSI,135,22,157
JAYME,144,13,157
SHIRLEY,148,9,157
NAZARETH,10,146,156
GRICEL,14,142,156
JANE,88,68,156
EULOFIO,103,53,156
ANALIA,105,51,156
MARLY,138,18,156
LICIA,22,133,155
EMILDA,90,65,155
ERNESTOR,93,62,155
MAMERTO,100,55,155
MELIZA,29,125,154
ARCIDES,43,111,154
DENISSE,60,94,154
ORACIO,80,74,154
CARMINDO,84,70,154
FIDENCIA,96,58,154
LIDA,121,33,154
LEA,131,23,154
MAUDA,149,5,154
JULISA,32,121,153
BELEN,37,116,153
EULOFIA,74,79,153
DILIO,88,65,153
FULGENCIA,93,60,153
UVENCE,94,59,153
ANTOLINO,97,56,153
SILAS,132,21,153
RONMEL,139,14,153
SELBIN,144,9,153
MARISSA,62,90,152
ASISCLO,101,51,152
DELFA,104,48,152
EDILIO,53,98,151
ENOE,71,80,151
LEONELA,78,73,151
CUPERTINA,82,69,151
SERAFINA,98,53,151
SIMEONA,99,52,151
RONIS,141,10,151
DELVIN,144,7,151
JAIR,34,116,150
ROBILIO,40,110,150
ARELIS,67,83,150
CLARO,82,68,150
LEONILDA,90,60,150
ADINA,91,59,150
PLINIO,94,56,150
BESSI,119,31,150
MARBELY,26,123,149
AVELINA,69,80,149
CLARISSA,49,99,148
SAMIRA,51,97,148
HORTENSIA,59,89,148
ANDREZ,83,65,148
CANTALICIO,83,65,148
CLETO,93,55,148
MATEA,98,50,148
NEMECIO,106,42,148
LAURO,123,25,148
ELMAN,129,19,148
AUDELY,22,125,147
ERCELI,60,87,147
OLIVER,89,58,147
CHARLES,122,25,147
DERIS,129,18,147
ORLEN,141,6,147
FRANCELIA,48,98,146
MILADIS,52,94,146
IFRAIN,58,88,146
NILA,82,64,146
BELIZARIO,92,54,146
BELISARIO,93,53,146
MARISABEL,109,37,146
HADA,141,5,146
ROSE,73,72,145
MARIANELA,94,51,145
DONIS,119,26,145
GELIN,128,17,145
EMY,143,2,145
ADALILA,83,61,144
REFUGIO,86,58,144
ELIODORA,85,58,143
REIMUNDO,105,38,143
LILLIAM,124,19,143
JERRY,128,15,143
MARA,135,8,143
NANCI,137,6,143
JEAMILETH,4,138,142
GISEL,16,126,142
STEVE,41,101,142
ARSENIA,72,70,142
SCARLETH,72,70,142
NORY,119,23,142
ORVIN,133,9,142
CRISOSTOMO,11,130,141
GIOVANNY,20,121,141
HAIDEE,42,99,141
ELIUTH,45,96,141
NEREIDA,49,92,141
ZUNILDA,51,90,141
GELSOMINA,54,87,141
ERMINIO,87,54,141
JUAQUIN,96,45,141
MIRAMOR,97,44,141
ERLY,117,24,141
TERESO,123,18,141
OQUELY,15,125,140
MARISEL,16,124,140
ROEL,43,97,140
ELEODORA,79,61,140
HEDILBERTO,92,48,140
TEODOSO,100,40,140
NELYS,108,32,140
HEYDY,137,3,140
ZAIRA,140,0,140
JUBENTINA,64,75,139
EUFRACIA,69,70,139
ANATOLIA,97,42,139
JOB,99,40,139
WILMA,126,13,139
ERMIS,132,7,139
FANI,136,3,139
ANA DE JESUS,8,130,138
LEONZO,100,38,138
DEYCI,113,25,138
DENY,132,6,138
YAMIL,33,104,137
NAUM,43,94,137
CARLO,72,65,137
ELISANDRO,82,55,137
HERMELINDO,105,32,137
VERA,128,9,137
SEYDA,137,0,137
LIZZET,7,129,136
GISSELLE,25,111,136
ETELINDA,53,83,136
AUDILIO,54,82,136
CLARISA,61,75,136
CLEOFAS,73,63,136
EXALTACION,74,62,136
ADELMA,79,57,136
CRISPIN,81,55,136
ABILIA,92,44,136
DELCI,118,18,136
ALBIN,123,13,136
FILENA,44,91,135
BALDEMAR,46,89,135
DORALINA,59,76,135
MARTIL,97,38,135
M,99,36,135
SINFOROSO,101,34,135
EDDIE,125,10,135
EVIN,129,6,135
CINTYA,133,2,135
BALLARDO,39,95,134
STANLEY,41,93,134
LEMPIRA,49,85,134
ITALIA,55,79,134
MARICRUZ,77,57,134
REINELDA,77,57,134
CESILIA,78,56,134
NELZON,117,17,134
LORNA,129,5,134
SENDY,133,1,134
LISSETT,2,131,133
SARAHY,13,120,133
UMBERTO,42,91,133
ANGELITA,81,52,133
ROBINSON,83,50,133
ANATALIA,89,44,133
BERENICE,17,115,132
JAEL,44,88,132
JAMIL,52,80,132
FLORIDA,73,59,132
REDIN,129,3,132
ODAIR,24,107,131
AMED,26,105,131
BENTURA,48,83,131
REYNALDA,80,51,131
MELECIA,86,45,131
NARCIZO,96,35,131
TEODOCIA,102,29,131
HERMIS,115,16,131
BELKIN,122,9,131
EDWING,128,3,131
LIDENY,35,95,130
ALBARO,95,35,130
RUDI,104,26,130
MERIN,106,24,130
BYRON,120,10,130
ERLYN,122,8,130
FREDIN,124,6,130
MARICEL,13,116,129
LUBINA,34,95,129
MELANIO,66,63,129
JENARO,110,19,129
LADY,119,10,129
RIGO,119,10,129
DARWYN,125,4,129
LITO,23,105,128
ALVERTO,25,103,128
ANTHONY,32,96,128
WALBERTO,37,91,128
YESCENIA,40,88,128
ANIBAR,45,83,128
ERMICENDA,55,73,128
AUDELIO,61,67,128
SEFERINA,68,60,128
CESARIA,80,48,128
CASTULA,87,41,128
AMBROSIA,88,40,128
ENTIMO,105,23,128
SINFORIANO,111,17,128
CIRO,115,13,128
HELDER,121,7,128
DANUVIA,34,93,127
XAVIER,34,93,127
OLMEDA,37,90,127
ISAU,38,89,127
ROSBINDA,67,60,127
CILIA,108,19,127
HILMA,114,13,127
MARELY,28,98,126
LIONEL,39,87,126
PRADY,42,84,126
ALY,54,72,126
DAMARYS,68,58,126
MELQUIADES,68,58,126
ILARIO,85,41,126
TRANSFIGURACION,85,41,126
BERLIN,113,13,126
LIRIO,119,7,126
SADIA,125,1,126
CALAZAN,8,117,125
MARIBELL,20,105,125
ADELI,36,89,125
MINDA,43,82,125
LUCINIO,96,29,125
PRISCA,99,26,125
MARDEN,101,24,125
FILIBERTA,102,23,125
LESSY,111,14,125
ORBIN,113,12,125
JAVIEL,37,87,124
OLIVAR,37,87,124
IRAN,47,77,124
VARINIA,50,74,124
ARAMINTA,61,63,124
EMELY,69,55,124
HUMBERTA,81,43,124
WENSESLAO,98,26,124
MARLO,117,7,124
ERVIN,118,6,124
YESSI,122,2,124
EDRAS,123,1,124
WENDI,123,1,124
DESIREE,20,103,123
GUZMAN,26,97,123
SIDALIA,31,92,123
BALSAMINA,73,50,123
GREBIL,101,22,123
ECTOR,111,12,123
ANNY,121,2,123
MELANY,33,89,122
CLAROS,51,71,122
ANASTASIO,82,40,122
ANTONINO,92,30,122
KENY,109,13,122
WUILSON,109,13,122
OLBAN,114,8,122
ISSIS,119,3,122
MIGUEL ANGEL,7,114,121
MARBELI,24,97,121
ESTERLINA,37,84,121
MILAGROS,37,84,121
ASTERIA,42,79,121
EDELIA,61,60,121
EMELIDA,61,60,121
RUBIDIA,63,58,121
CORA,76,45,121
BRIJIDA,88,33,121
BANESSA,8,112,120
MARISSELA,19,101,120
SABRINA,45,75,120
ESTELINA,49,71,120
ALEJOS,50,70,120
UBALDA,63,57,120
CLOTILDE,82,38,120
MAVIS,93,27,120
ILSY,116,4,120
DANERI,9,110,119
JOBANY,11,108,119
YULISA,16,103,119
EVERTO,23,96,119
YACENIA,24,95,119
VIDALIA,43,76,119
ABSALON,45,74,119
VIDALINA,48,71,119
ELPIDIA,49,70,119
OLIVERIO,59,60,119
JOBITA,80,39,119
YURY,107,12,119
ONEY,14,104,118
ASAEL,37,81,118
EVELINDA,39,79,118
ZENAYDA,43,75,118
IDA,77,41,118
ESLI,101,17,118
EDSON,109,9,118
WANDA,112,6,118
YESI,115,3,118
YOJANY,10,107,117
EMMANUEL,38,79,117
ODIL,44,73,117
ZOBEIDA,51,66,117
MARILENA,53,64,117
HELIODORA,74,43,117
SILVINO,80,37,117
DEVORA,87,30,117
LEVIS,101,16,117
ONIS,111,6,117
ORLYN,116,1,117
SALMA,117,0,117
JOAN,36,80,116
ORQUIDEA,44,72,116
ALVINA,51,65,116
EXIBIA,58,58,116
EUSTACIA,64,52,116
AMANCIO,65,51,116
ERMELINDO,78,38,116
LORENSO,82,34,116
ULDA,105,11,116
SILBIA,106,10,116
NELCY,109,7,116
ANGIE,112,4,116
ALTA,115,1,116
YAQUELI,4,111,115
ANAHEL,16,99,115
ROSALY,58,57,115
ADRIANO,72,43,115
MIRTALINA,74,41,115
TEODOCIO,99,16,115
DUBLAS,101,14,115
JARVIN,105,10,115
ADIS,107,8,115
MAYDA,109,6,115
LESBI,113,2,115
ETNA,114,1,115
GRISSEL,12,102,114
YAMILE,13,101,114
EUDOCIA,46,68,114
GAVINO,71,43,114
MARIDELIA,82,32,114
NATALIO,82,32,114
MAGNA,89,25,114
BESI,96,18,114
ARLEX,98,16,114
ELGAR,107,7,114
SIREY,6,107,113
ALIDIO,26,87,113
MILENA,29,84,113
HIDALGO,31,82,113
GRICELA,32,81,113
ADIEL,39,74,113
LIDUBINA,53,60,113
OLAYA,54,59,113
UBENSE,59,54,113
ERMELINA,60,53,113
ARCELIA,65,48,113
NIVIA,93,20,113
ILCIA,99,14,113
YUDY,106,7,113
JENIE,108,5,113
ASTUL,18,94,112
JULIETH,20,92,112
YANELY,20,92,112
ONEL,31,81,112
ORLANDA,44,68,112
MARITHZA,49,63,112
ESTEVAN,79,33,112
NEYDA,101,11,112
CESIA,107,5,112
BELTRAND,11,100,111
FAVIOLA,18,93,111
WALTERINA,39,72,111
AUSBERTO,60,51,111
ANUNCIACION,61,50,111
DELY,67,44,111
MILITINA,69,42,111
BALDOMERO,73,38,111
FERMAN,73,38,111
JOSEFANA,79,32,111
KENNETH,86,25,111
GUILMER,99,12,111
GUIDO,102,9,111
MAYELA,27,83,110
MAVEL,31,79,110
LUVINA,33,77,110
SOVEIDA,43,67,110
ARMIN,47,63,110
PANTALEONA,63,47,110
ELIBERTA,66,44,110
LEONICIA,70,40,110
OLIVERIA,76,34,110
LURDES,79,31,110
LEDIN,93,17,110
EVIS,101,9,110
JANNETT,20,89,109
ALSIDES,27,82,109
DIONEL,33,76,109
JOHANY,36,73,109
ELICIA,42,67,109
HERLINDO,42,67,109
VENICIA,47,62,109
ABERCIO,51,58,109
ORQUIDIA,51,58,109
REYNELDA,53,56,109
ERIBERTA,67,42,109
ENEMIAS,70,39,109
FREDESBINDA,73,36,109
SHARON,93,16,109
HOLMAN,99,10,109
KENNY,100,9,109
BELARMINA,51,57,108
LIDYA,52,56,108
ISAIS,53,55,108
ALLEN,55,53,108
ILDEFONSA,62,46,108
CARMENZA,64,44,108
MARJORIE,89,19,108
ZANDRA,106,2,108
WALESCA,9,98,107
VALESCA,10,97,107
ORLANDINA,17,90,107
ADELY,23,84,107
BONERGE,41,66,107
SELINA,43,64,107
RODIL,52,55,107
GILBERTA,69,38,107
ADALICIA,71,36,107
LAURIANO,79,28,107
CLIMACO,4,102,106
YANNETH,6,100,106
VIANNEY,20,86,106
MARILI,27,79,106
MILAN,40,66,106
DESPOSORIO,44,62,106
BERLINDA,47,59,106
JAHAIRA,47,59,106
MERICIA,53,53,106
RACHEL,61,45,106
ATILIANA,63,43,106
EDILBERTA,71,35,106
RUBER,73,33,106
HERBERT,79,27,106
WILDER,91,15,106
SELSO,95,11,106
WILLY,96,10,106
ELMIN,100,6,106
ANDONI,10,95,105
NIEVE,10,95,105
YALENY,23,82,105
JARED,33,72,105
EBELIA,45,60,105
MARINELA,48,57,105
CESILIO,52,53,105
ASTOR,80,25,105
ILSIA,95,10,105
ELDY,98,7,105
NELBA,98,7,105
JOVANI,10,94,104
YAMILEX,11,93,104
ALEXSANDER,19,85,104
EDELMIRO,29,75,104
BLADIMIRO,30,74,104
ALFONSINA,35,69,104
REVECA,46,58,104
CORITZA,50,54,104
OCTAVIA,53,51,104
RUMALDA,64,40,104
NASARIA,67,37,104
SIPRIANA,68,36,104
LEONZA,72,32,104
FREDESVINDO,84,20,104
DIXIA,91,13,104
ENIS,93,11,104
JESSIE,100,4,104
ENY,101,3,104
YAMILETT,3,100,103
ZUYAPA,13,90,103
ODELY,19,84,103
AMARILIS,24,79,103
LIDILIA,37,66,103
ADALINA,55,48,103
SALUSTIO,61,42,103
TRANQUILINA,65,38,103
ERLIS,94,9,103
LUCI,94,9,103
GENRY,98,5,103
KATTY,102,1,103
JEOVANI,13,89,102
LARIZA,21,81,102
YARELY,21,81,102
REINIERI,27,75,102
BONERGES,38,64,102
HERNANDO,41,61,102
ODILON,43,59,102
EBELIN,57,45,102
NARDA,80,22,102
SANTO,88,14,102
DONY,92,10,102
NILSA,93,9,102
LITZA,100,2,102
HELGA,101,1,102
YAKELINE,4,97,101
AUDELI,10,91,101
ARACELIS,31,70,101
AGENOR,36,65,101
INELDA,42,59,101
EMELIA,47,54,101
ADONALDO,48,53,101
CRISANTA,57,44,101
DULCELINA,64,37,101
MYRIAM,92,9,101
TIRSA,93,8,101
ALBER,96,5,101
JENRY,96,5,101
GEOBANY,13,87,100
YOSELIN,20,80,100
OLIVA,23,77,100
JISELA,31,69,100
GUALDINA,38,62,100
ABDON,53,47,100
APOLINAR,55,45,100
LORGIA,84,16,100
DORYS,86,14,100
EDUARD,86,14,100
EDMAN,93,7,100
MELBYN,98,2,100
DE  JESUS,0,99,99
YOLIVETH,2,97,99
ALPINA,3,96,99
SOLANO,12,87,99
IVETT,13,86,99
BALESKA,14,85,99
YISEL,14,85,99
SAMAEL,26,73,99
JANINE,34,65,99
EDUVIJES,36,63,99
ESMILDA,39,60,99
HIDALIA,39,60,99
CELINDA,42,57,99
LEVY,49,50,99
BASILISA,50,49,99
MINERVA,50,49,99
GRABIEL,53,46,99
CELAN,55,44,99
DELFIN,65,34,99
MARHTA,82,17,99
HENRRI,93,6,99
DARLYN,97,2,99
YUVINY,7,91,98
SARINA,28,70,98
ALBANIA,32,66,98
SUZANA,46,52,98
ERNAN,57,41,98
LIBORIO,57,41,98
ELIX,75,23,98
TERESITA,76,22,98
DINNA,80,18,98
NELIDA,82,16,98
RODIS,84,14,98
LEILY,90,8,98
FRANCI,91,7,98
YUNY,93,5,98
LEYDY,95,3,98
HEIDI,96,2,98
THANIA,97,1,98
KENSY,98,0,98
ENRIQUEZ,16,81,97
MANRRIQUE,17,80,97
DARIELA,19,78,97
ARQUIMEDES,28,69,97
ELIEL,30,67,97
JOSELYN,36,61,97
DENISE,37,60,97
ERAZMO,42,55,97
LOURDEZ,46,51,97
MICHEL,47,50,97
BIVIAN,65,32,97
HERCULANO,75,22,97
LARRY,77,20,97
ORLY,90,7,97
ARIS,91,6,97
LESVI,91,6,97
KENYA,94,3,97
YOLIBET,3,93,96
SUYEN,15,81,96
ARCELY,26,70,96
MARIZA,34,62,96
IDALMY,41,55,96
LEONORA,42,54,96
BETULIO,50,46,96
EMIN,52,44,96
ROMILIA,55,41,96
FLORICELDA,62,34,96
MOICES,62,34,96
CONFESOR,63,33,96
JOSIAS,63,33,96
AXEL,65,31,96
PAUBLA,70,26,96
GUILFREDO,74,22,96
ELZA,81,15,96
NILIA,81,15,96
FLORIS,82,14,96
LUDY,88,8,96
DANI,90,6,96
ESDRAS,94,2,96
ELIZABEHT,4,91,95
ORESTES,41,54,95
JOSELIN,43,52,95
SACARIAS,53,42,95
NICASIO,69,26,95
DILIAN,76,19,95
SHEILA,90,5,95
EVERALDO,17,77,94
ISACC,29,65,94
GONZALINA,38,56,94
DIOSANA,39,55,94
CONSTANTINA,56,38,94
FELIZ,59,35,94
FILEMON,60,34,94
DILSA,77,17,94
HERMIN,83,11,94
ZOILO,87,7,94
BANESA,10,83,93
ELUBINA,24,69,93
ABENER,29,64,93
ABUNDIO,35,58,93
GUDELIA,42,51,93
AVILIA,49,44,93
SILVANA,49,44,93
ELAN,55,38,93
REMIGIA,56,37,93
WIGBERTO,56,37,93
ROMILDA,60,33,93
AGUEDO,65,28,93
NELVIS,76,17,93
NELSO,77,16,93
ANNIE,79,14,93
JENRRY,89,4,93
NUSLY,90,3,93
YEIMY,91,2,93
LIBETH,4,88,92
YUVINI,10,82,92
EDELMIN,25,67,92
ELUVINA,27,65,92
ERNALDO,42,50,92
LIRIA,46,46,92
JOVA,60,32,92
ADELFIA,65,27,92
ROMUALDA,67,25,92
BILLY,82,10,92
GLENY,84,8,92
INMER,85,7,92
DENNY,87,5,92
ELMIS,87,5,92
YAQUELY,5,86,91
YANERY,16,75,91
ODETTE,21,70,91
FERNEL,28,63,91
ADELMAN,30,61,91
SORAIDA,30,61,91
EGBERTO,36,55,91
LUIZA,36,55,91
MARIXSA,39,52,91
CRISTIANA,42,49,91
LOANY,42,49,91
MARIXZA,43,48,91
MIGDONIA,49,42,91
CLETA,53,38,91
CRIMILDA,54,37,91
MARTO,61,30,91
ARNULFA,62,29,91
MALAQUIAS,64,27,91
ANNER,83,8,91
LENAR,85,6,91
GENRRY,88,3,91
KEIDY,90,1,91
CLAUDETH,15,75,90
ADONI,21,69,90
MELINDA,31,59,90
STANLY,31,59,90
INOCENCIA,35,55,90
CAIN,36,54,90
ILICH,52,38,90
ARLENE,53,37,90
HORALIA,53,37,90
MERI,56,34,90
LUCINDO,68,22,90
JAIRON,80,10,90
BELMA,82,8,90
AMY,84,6,90
ZEIDA,89,1,90
MARILETH,5,84,89
YACKELINE,7,82,89
ARASELY,18,71,89
YAZMIN,32,57,89
ZORAIDA,35,54,89
ROSIVEL,36,53,89
JOBEL,37,52,89
MAJIN,44,45,89
ODALYS,48,41,89
ANASTASIA,59,30,89
EMIR,60,29,89
ROSITA,60,29,89
BERNAVE,63,26,89
ESTANISLADO,64,25,89
TELMO,64,25,89
DECIDERIO,65,24,89
LIBIA,65,24,89
KEREN,81,8,89
EDYN,86,3,89
YELSON,86,3,89
DE   JESUS,0,88,88
LISETT,4,84,88
MERITA,28,60,88
ELEANA,49,39,88
SANTANO,54,34,88
NELSA,72,16,88
GARY,79,9,88
ROGEL,79,9,88
HERSON,82,6,88
CRISTIAM,85,3,88
YAMILEHT,0,87,87
BETSABE,19,68,87
NATAN,24,63,87
ABDULIO,33,54,87
RUDITH,41,46,87
OLIBIA,47,40,87
DORE,48,39,87
ELECTERIA,49,38,87
LEONIDES,50,37,87
DELFINO,60,27,87
PONCIANO,60,27,87
LUCILO,68,19,87
LETIS,69,18,87
ONIX,77,10,87
DORIA,81,6,87
ENIA,83,4,87
GIOVANI,17,69,86
ESMERITA,27,59,86
ARMINDO,36,50,86
JOVINA,49,37,86
MAYLIN,49,37,86
RUBIO,56,30,86
FLORISELDA,58,28,86
GERVACIO,60,26,86
ODIN,60,26,86
BERTALINA,67,19,86
HOMER,68,18,86
MARDIN,75,11,86
FRANKLYN,79,7,86
MIRLA,79,7,86
SAULO,80,6,86
BELKI,82,4,86
EDGUIN,82,4,86
QUENIA,83,3,86
JARY,84,2,86
IVIN,85,1,86
KEYDI,86,0,86
REGALADO,2,83,85
YOJANI,15,70,85
ALEXSY,19,66,85
MARIELY,19,66,85
YANORI,24,61,85
VENICIO,27,58,85
HELENA,31,54,85
HAIDE,33,52,85
ORLINDA,35,50,85
LEONICIO,58,27,85
ANICETO,60,25,85
BRIJIDO,70,15,85
DELSA,74,11,85
ELVER,76,9,85
IMER,77,8,85
MILDRE,79,6,85
ALBA LUZ,1,83,84
YADIR,17,67,84
JISSELA,19,65,84
ANALY,25,59,84
ALEXANDRO,27,57,84
ANAIN,28,56,84
CLARITZA,29,55,84
OSMARO,30,54,84
MORENA,31,53,84
SENEN,34,50,84
OTTONIEL,37,47,84
HERENIA,40,44,84
JOVITO,50,34,84
AURELIANA,52,32,84
DALMIRA,52,32,84
ADALBERTA,62,22,84
DILMER,78,6,84
SUAMY,79,5,84
GILMER,81,3,84
KATYA,83,1,84
ELIBETH,4,79,83
MARISCELA,10,73,83
IVONE,14,69,83
JACKELYN,19,64,83
ANDERSON,23,60,83
FARID,26,57,83
MARCEL,37,46,83
IBANIA,39,44,83
AUDILIA,41,42,83
BIVIANA,47,36,83
PABLINO,57,26,83
HIRMA,69,14,83
LIZ,69,14,83
WALDO,70,13,83
PERCY,71,12,83
DIXIE,75,8,83
ELGA,80,3,83
YACQUELIN,5,77,82
LISETTE,8,74,82
JEHOVANY,9,73,82
MAY,14,68,82
OVENIEL,26,56,82
OVILSON,27,55,82
URANIA,36,46,82
JERARDO,51,31,82
BENANCIA,58,24,82
JUDY,68,14,82
ROLIN,75,7,82
DUVIS,78,4,82
JESSIKA,79,3,82
LEYLI,79,3,82
SANTA ANA,1,80,81
ANTEPORTAN,3,78,81
BELL,4,77,81
MARIZELA,16,65,81
ELIUT,17,64,81
GRISELA,18,63,81
AMERICO,19,62,81
ADONAI,24,57,81
RELY,24,57,81
LABINIA,25,56,81
EDELBERTO,28,53,81
EVERARDO,28,53,81
SENOBIA,30,51,81
HUMBERTINA,33,48,81
PERSEVERANDA,48,33,81
APARICIA,49,32,81
TEONILA,52,29,81
DIONILA,54,27,81
EUFRACIO,57,24,81
ADELIANO,63,18,81
DEICY,65,16,81
JEIMY,77,4,81
DAGO,78,3,81
JAMILETTE,2,78,80
IBEL,6,74,80
ELOYDINA,26,54,80
UBERLINDA,33,47,80
GENOVEBA,40,40,80
ILARIA,41,39,80
CASILDA,45,35,80
ROMILIO,52,28,80
PAUBLO,55,25,80
MILDA,56,24,80
LIVIA,57,23,80
FRANCES,65,15,80
ERNA,68,12,80
MARYURI,70,10,80
YENSY,72,8,80
BERNA,73,7,80
DIRMA,73,7,80
GLENYS,74,6,80
LESVY,74,6,80
GENY,77,3,80
ROSMAN,78,2,80
VIRNA,80,0,80
ODELI,10,69,79
YORLENI,23,56,79
MARISA,30,49,79
SIGFRIDO,41,38,79
EUDORA,47,32,79
EVANS,47,32,79
ADILCIA,50,29,79
ALFONSA,50,29,79
ANALINA,54,25,79
DEXI,59,20,79
DALIS,62,17,79
RODIN,74,5,79
SAMY,76,3,79
SULMAN,77,2,79
GENNIE,78,1,79
JILMA,78,1,79
HENRRIQUE,15,63,78
ONIEL,17,61,78
ARLETH,19,59,78
DEYANIRA,20,58,78
WALKIRIA,23,55,78
ALVINO,27,51,78
GUISELA,32,46,78
OVILIO,34,44,78
DINABEL,35,43,78
CONFESORA,38,40,78
ELIAQUIN,41,37,78
JUAQUINA,48,30,78
JUVENCIA,49,29,78
FLORISELVA,57,21,78
GRACE,58,20,78
DEVIS,61,17,78
CARIN,63,15,78
DOMINICA,67,11,78
GLENDIS,70,8,78
EDIE,71,7,78
LESY,72,6,78
NIXA,77,1,78
ODILVER,12,65,77
ARASELI,15,62,77
BETZABE,16,61,77
LORELY,16,61,77
SIFREDO,17,60,77
AVIGAIL,18,59,77
INEDINA,21,56,77
CAROLA,22,55,77
VITELIO,23,54,77
SORAYDA,24,53,77
IDUVINA,26,51,77
ROBELO,26,51,77
ALEXSI,31,46,77
NELA,35,42,77
LUPE,46,31,77
NICACIO,48,29,77
BALENTIN,53,24,77
CRISTOVAL,58,19,77
TRINA,63,14,77
LEO,65,12,77
NEIDA,65,12,77
LINTON,66,11,77
MARIAN,68,9,77
ERY,69,8,77
KELY,72,5,77
GUSMAN,14,62,76
NINOSCA,15,61,76
BERTO,16,60,76
OBANDO,16,60,76
ESGARDO,17,59,76
MARILIS,20,56,76
OSMANY,20,56,76
ODIR,24,52,76
PRADI,24,52,76
MINTA,27,49,76
TRIMINIO,28,48,76
MARYLU,29,47,76
LOANA,34,42,76
IRINEO,42,34,76
MIRIA,47,29,76
OFELINA,48,28,76
RONEL,48,28,76
JEAN,49,27,76
WINSTON,55,21,76
REYMUNDA,56,20,76
WILIAM,62,14,76
RONNIE,70,6,76
MAYRON,72,4,76
OSLY,73,3,76
YANILETH,4,71,75
HONDINA,7,68,75
YANEHT,10,65,75
IDALMI,22,53,75
GERALDO,31,44,75
OLIVIO,35,40,75
EGDOMILIA,44,31,75
GUSTABO,52,23,75
REIMUNDA,53,22,75
LUPARIO,54,21,75
RODNEY,56,19,75
ROSALVA,63,12,75
FRED,64,11,75
KERIN,65,10,75
ENRY,70,5,75
DUBIS,74,1,75
A,7,67,74
YISSEL,9,65,74
DELCID,10,64,74
MILENY,21,53,74
WALDEMAR,27,47,74
KORITZA,28,46,74
ZENEIDA,30,44,74
BERFALIA,34,40,74
BERTINA,35,39,74
DIVINA,35,39,74
LONGINO,46,28,74
LINCOLN,59,15,74
WILIANS,60,14,74
LEIBY,66,8,74
HEVER,67,7,74
VICKY,70,4,74
CHRISTIAM,71,3,74
MIRTZA,72,2,74
JANY,73,1,74
JAYRO,73,1,74
ONELIO,13,60,73
YANEL,13,60,73
ALMANDINA,17,56,73
YOLANIS,20,53,73
ISSELA,21,52,73
YSABEL,21,52,73
MARTI,24,49,73
SOVEYDA,24,49,73
REYNIERI,28,45,73
RODERICO,30,43,73
RIVALDO,34,39,73
BERNARDITA,44,29,73
EMORGELIA,46,27,73
FILONILA,47,26,73
FLORITA,48,25,73
LEONSA,48,25,73
DONACIANO,49,24,73
NEMECIA,49,24,73
LELY,53,20,73
VITALINO,55,18,73
FILOMENO,56,17,73
ORLAN,56,17,73
DORCAS,66,7,73
FRANCLIN,67,6,73
MELVI,67,6,73
ROSNY,73,0,73
GALILEO,15,57,72
ROSELI,16,56,72
ALEXSIS,20,52,72
ICELA,24,48,72
SUMILDA,24,48,72
ANTENOR,33,39,72
CRISELDA,33,39,72
ISMARI,33,39,72
ELIESER,34,38,72
TELESFORA,39,33,72
AGATON,40,32,72
ADELIO,41,31,72
ALVERTINA,45,27,72
ISSA,53,19,72
MERLI,60,12,72
FRELIN,65,7,72
ROSSY,65,7,72
VIENA,65,7,72
YUNI,69,3,72
DIRIAN,70,2,72
ITZA,70,2,72
KATHY,72,0,72
ZEYDA,72,0,72
ELIZABETT,8,63,71
ONASIS,24,47,71
RONDOLFO,26,45,71
ESTELIA,29,42,71
CELINO,31,40,71
ESTILITA,32,39,71
LENNIN,38,33,71
IPOLITO,44,27,71
SEVERO,45,26,71
NARCIZA,46,25,71
FELINO,47,24,71
FILIMON,48,23,71
DOLAURA,51,20,71
VIRGINIO,52,19,71
DEYSIS,60,11,71
DELCIA,61,10,71
ELVI,61,10,71
ELSIE,64,7,71
ERLAN,67,4,71
NELMY,67,4,71
HILCIA,68,3,71
OLGER,70,1,71
RIXA,70,1,71
ANDONIE,7,63,70
ODALY,16,54,70
HOMAR,22,48,70
YASMIRA,22,48,70
ABADESA,23,47,70
MARINELY,27,43,70
DALMIRO,28,42,70
ILDEBRANDO,36,34,70
EDILTRUDIS,44,26,70
PATRICK,44,26,70
LUPARIA,47,23,70
GETRUDIS,49,21,70
GLEN,51,19,70
LELYS,56,14,70
MACEDONIO,57,13,70
HERMENEJILDO,60,10,70
LEDIA,62,8,70
YERLIN,65,5,70
ORLE,66,4,70
NERLIN,67,3,70
JAMILET,1,68,69
ESTUARDO,5,64,69
NOREY,7,62,69
IBRAN,12,57,69
ELEONOR,20,49,69
DANERIS,21,48,69
MARICELY,22,47,69
AVEL,25,44,69
OBEL,30,39,69
ROSINA,31,38,69
ALODIA,36,33,69
EDISON,37,32,69
ARYANI,41,28,69
JASINTO,45,24,69
BALENTINA,49,20,69
HOSMAN,58,11,69
BERTALICIA,59,10,69
ROSANGELA,61,8,69
DARGUIN,63,6,69
MARYS,66,3,69
KENDY,67,2,69
DESIRE,7,61,68
ZULAY,11,57,68
ZIOMARA,18,50,68
OTOMAN,21,47,68
DIOSELINA,24,44,68
REINERY,25,43,68
NADINA,27,41,68
CLAUDETTE,31,37,68
SADI,31,37,68
TOLENTINO,42,26,68
EDMUNDA,44,24,68
DULIA,45,23,68
EDIX,50,18,68
FRAN,52,16,68
VICTORIO,56,12,68
NILVIA,60,8,68
ELBIS,62,6,68
YANY,62,6,68
GERSAN,66,2,68
TANYA,67,1,68
DE FATIMA,0,67,67
OLANDA,19,48,67
NECTALINA,22,45,67
HERNESTO,33,34,67
ELIDIA,34,33,67
SESAR,35,32,67
EDELSA,36,31,67
ARTEMIO,38,29,67
LAURENTINA,41,26,67
RONULFO,42,25,67
ENEMESIO,46,21,67
EMILY,51,16,67
MELIN,51,16,67
MELVYN,63,4,67
SULY,64,3,67
ELISETH,4,62,66
ELICETH,8,58,66
ONELY,13,53,66
VITALICIO,16,50,66
YOVANIS,17,49,66
HUBERTO,18,48,66
RELINA,21,45,66
EMELI,22,44,66
ANALI,25,41,66
OLIVEROS,30,36,66
CENAIDA,33,33,66
ONELDA,33,33,66
ROBELIO,35,31,66
JUSTINIANA,38,28,66
SAVINA,41,25,66
VELIA,44,22,66
ROSANGEL,50,16,66
SINDULFO,51,15,66
IDIS,55,11,66
SAHARA,57,9,66
YENSI,57,9,66
YONNY,57,9,66
FREDIZ,59,7,66
YILIAN,63,3,66
SEIDA,64,2,66
GREYSI,65,1,66
RICCY,66,0,66
JEANNETT,5,60,65
ARCELI,15,50,65
ESTANLY,20,45,65
ARON,22,43,65
ORTELIA,31,34,65
SELIM,31,34,65
EDELIO,34,31,65
EMIGDIA,37,28,65
VITELIA,38,27,65
BENEDICTA,41,24,65
LEONILO,41,24,65
FRANCA,46,19,65
RUMUALDA,47,18,65
EFIGENIO,48,17,65
CERGIO,53,12,65
LENI,53,12,65
DIXON,57,8,65
ROSI,58,7,65
ELWIN,60,5,65
MERLING,60,5,65
LEANA,62,3,65
ERIX,63,2,65
ENRRY,64,1,65
YANETTE,4,60,64
SMITH,6,58,64
SINAI,8,56,64
OVANDO,10,54,64
ARMENGOL,11,53,64
ENRRIQUEZ,12,52,64
VELINDA,14,50,64
MAUDIEL,17,47,64
YOJANNA,21,43,64
SENEYDA,27,37,64
OBILIO,29,35,64
URBANA,29,35,64
LEONA,31,33,64
ROSEMARY,31,33,64
ARYANY,32,32,64
AZALIA,32,32,64
ALEN,34,30,64
ADELINO,40,24,64
AMELIO,41,23,64
NEMESIO,45,19,64
FUAD,46,18,64
HERMAS,53,11,64
JOSELINO,55,9,64
JOSELITO,55,9,64
RANDY,56,8,64
EMA,60,4,64
MERVIN,60,4,64
MEYLIN,60,4,64
INA,61,3,64
DONNY,62,2,64
SEIDY,63,1,64
DEL  CARMEN,0,63,63
DEL MILAGRO,0,63,63
YALENA,6,57,63
ELIZET,8,55,63
YAQUELINA,9,54,63
YOEL,10,53,63
LIDENIA,13,50,63
AMAN,17,46,63
FLORIBEL,20,43,63
HAROLDO,20,43,63
NICOLE,24,39,63
BEMILDA,27,36,63
MIZAEL,30,33,63
ABDIAS,35,28,63
LUCRESIA,35,28,63
IRMENIA,36,27,63
EDILCIA,37,26,63
EDIC,40,23,63
MIRAMAR,41,22,63
ILDEFONZO,48,15,63
FORTUNATO,52,11,63
ROSALPINA,57,6,63
CIRIA,59,4,63
YULIBETH,3,59,62
MARYBEL,14,48,62
ANIVAR,16,46,62
ALFREDINA,17,45,62
MIROSLAVA,17,45,62
ORESTILIA,18,44,62
STALIN,23,39,62
LOMBARDO,26,36,62
IDOLINA,27,35,62
FELIBERTO,31,31,62
IGINIO,35,27,62
RAMIRA,35,27,62
LAUDELINO,37,25,62
PAVEL,39,23,62
GUILBERTO,40,22,62
GERTRUDES,44,18,62
ROSIDALIA,49,13,62
DELVIS,51,11,62
JACK,54,8,62
EDAN,56,6,62
FLERIDA,57,5,62
JORJE,57,5,62
JOLMAN,58,4,62
NIXIA,59,3,62
YENNI,60,2,62
YELBA,61,1,62
EVLYN,62,0,62
LINCOL,62,0,62
YULIETH,1,60,61
JANETHE,3,58,61
AZUSENA,5,56,61
YANEX,5,56,61
DANELI,12,49,61
SUJEY,12,49,61
ABDEL,16,45,61
ALAIN,19,42,61
ROSIBELL,19,42,61
CLARIZA,20,41,61
MILADYS,21,40,61
WALQUIRIA,21,40,61
OVILSO,22,39,61
BOHANERGES,23,38,61
ESMELIA,23,38,61
JEORGINA,25,36,61
FABIEL,27,34,61
DONADIN,29,32,61
EMIDIO,30,31,61
ERMISENDA,30,31,61
FITO,32,29,61
EMENELIO,33,28,61
ESMIRNA,33,28,61
OSMINDA,33,28,61
ALICE,45,16,61
FLORIA,50,11,61
HILDO,53,8,61
IRVING,54,7,61
NOLIA,54,7,61
JARIN,55,6,61
JAROL,56,5,61
DARWING,57,4,61
GERZON,58,3,61
MILBIA,58,3,61
MILTHON,58,3,61
KERLIN,59,2,61
GERLIN,60,1,61
IRAZEMA,6,54,60
YANIRE,6,54,60
IVET,10,50,60
BIANEY,11,49,60
ABDUL,12,48,60
MELIA,12,48,60
REYNIERY,14,46,60
MICHELL,15,45,60
ABIMELEC,18,42,60
YALIL,19,41,60
ROMINA,22,38,60
LARISA,23,37,60
ODESSA,23,37,60
ESTELVINA,27,33,60
MARLENIA,27,33,60
ALBERTINO,28,32,60
LEMUEL,29,31,60
ANABELLA,31,29,60
QUINTINA,31,29,60
ENTIMA,34,26,60
ALFRED,37,23,60
TITA,37,23,60
CESAREA,38,22,60
ERCILIO,38,22,60
DAVIS,40,20,60
GONSALO,41,19,60
HERNESTINA,41,19,60
FABIA,44,16,60
NARSISO,49,11,60
INOSENCIO,50,10,60
WILIAMS,51,9,60
BRAYAN,54,6,60
CELICA,55,5,60
DIXI,55,5,60
FRANCYS,55,5,60
MALCON,55,5,60
KEYLIN,57,3,60
BANY,58,2,60
EMNA,58,2,60
KELYN,59,1,60
VANIA,59,1,60
SILOE,3,56,59
LIDABEL,10,49,59
MARELI,10,49,59
ABISAI,14,45,59
JULIETTE,14,45,59
IBRAHAM,17,42,59
JABIEL,20,39,59
AVIDAN,21,38,59
EDIBERTO,21,38,59
ODALIA,21,38,59
STEVEN,23,36,59
CONCEBIDA,25,34,59
ELEAQUIN,30,29,59
ADITA,34,25,59
AUDON,35,24,59
CARMENSA,35,24,59
HERNALDO,36,23,59
SCARLET,36,23,59
TRINO,44,15,59
CASILDO,45,14,59
GUMERSINDA,46,13,59
JASINTA,48,11,59
LENIA,53,6,59
ORLIS,53,6,59
LESLIN,55,4,59
NELSIN,55,4,59
MARIA SANTOS,56,3,59
ELBYN,58,1,59
INGRI,58,1,59
LEYBI,58,1,59
LIZA,58,1,59
YEIMI,59,0,59
LIZETHE,0,58,58
LIDIETH,9,49,58
ANDONIS,10,48,58
DANEY,10,48,58
ALDUBIN,11,47,58
VALDEMAR,11,47,58
ORISTILA,15,43,58
YULIANA,15,43,58
AVENER,16,42,58
MARITSA,20,38,58
MENALIA,26,32,58
DIGNORA,27,31,58
ENGELBERTO,30,28,58
OLEGARIA,31,27,58
CENOVIA,32,26,58
PRIMITIVO,32,26,58
HONORATO,34,24,58
PRECENTACION,36,22,58
SIDNEY,38,20,58
EUDOMILIA,40,18,58
ZOE,42,16,58
NIDIAN,49,9,58
PRISCILIANO,49,9,58
FRESBINDO,53,5,58
OLMA,54,4,58
ROSSELL,55,3,58
GERZAN,56,2,58
JOSE SANTOS,58,0,58
ANIBETH,1,56,57
JEOVANNI,4,53,57
ALIZETH,5,52,57
ISEL,7,50,57
LILIETH,7,50,57
YOBANIS,10,47,57
ARALY,15,42,57
ARECIO,16,41,57
SAMANTA,17,40,57
JOSSUE,21,36,57
INOSENTE,23,34,57
URBELINA,24,33,57
ANEL,26,31,57
ROCIBEL,27,30,57
ELOIZA,30,27,57
DORINDA,32,25,57
EVERILDA,33,24,57
HAZEL,38,19,57
LIVIDA,41,16,57
MEREGILDO,41,16,57
ROLAN,41,16,57
RUDECINDA,42,15,57
CANUTO,44,13,57
MYRIAN,44,13,57
SIRIACO,44,13,57
KATHERINE,46,11,57
MARIX,47,10,57
ELCY,49,8,57
ESLIN,50,7,57
MAIDA,52,5,57
NIRMA,52,5,57
CINIA,54,3,57
ELBER,54,3,57
NALDA,54,3,57
OSLIN,54,3,57
KENNIA,56,1,57
OGER,56,1,57
JEOBANY,6,50,56
BETANIA,12,44,56
ENELDINA,17,39,56
MADAI,17,39,56
ODESA,18,38,56
EDELINA,20,36,56
ASTENIA,21,35,56
ADALIA,22,34,56
BISMAR,24,32,56
DISNEY,24,32,56
BELIS,26,30,56
ODILA,26,30,56
ERDULFO,30,26,56
DARIA,37,19,56
HERMICENDA,37,19,56
BIRGILIO,38,18,56
DELFIA,39,17,56
LAURIANA,39,17,56
ERMENEGILDO,41,15,56
ATANASIO,42,14,56
MELANEO,42,14,56
JEFFREY,44,12,56
SARAH,44,12,56
LETI,48,8,56
MILSA,48,8,56
DIMIA,49,7,56
MERCI,51,5,56
BELQUI,54,2,56
NELVIA,54,2,56
EVLIN,55,1,56
ESNA,56,0,56
DE    JESUS,0,55,55
AQUINO,2,53,55
LIZZETHE,2,53,55
YUBANY,3,52,55
IBRAHAN,6,49,55
YUBINY,6,49,55
MAE,8,47,55
YANIN,11,44,55
YOSELY,11,44,55
OSMANI,13,42,55
OTHONIEL,15,40,55
CARMINA,16,39,55
LIBERTAD,17,38,55
OMAN,19,36,55
ALISIA,20,35,55
ARLENY,23,32,55
KARELIA,24,31,55
LUVINDA,24,31,55
MARLENYS,27,28,55
FRANSISCO,30,25,55
RAMSES,30,25,55
CANUTA,31,24,55
PORFIDIO,32,23,55
INDIANA,35,20,55
CONMEMORACION,36,19,55
ERLI,37,18,55
BERNALDA,38,17,55
ELLY,39,16,55
MIRIANS,42,13,55
FLORESMILA,44,11,55
GLADY,47,8,55
OSWAL,47,8,55
CELBIN,49,6,55
GERBER,50,5,55
JULY,50,5,55
YORLIN,51,4,55
OLMER,53,2,55
AMBAR,54,1,55
JENNI,54,1,55
NANSY,55,0,55
SINTHIA,55,0,55
ELISET,3,51,54
BERTRAND,7,47,54
YANERI,9,45,54
DAMICELA,17,37,54
ROXANY,18,36,54
AUDELINO,19,35,54
YANITZA,20,34,54
ARLETTE,21,33,54
BETUEL,21,33,54
SABEL,21,33,54
ARMENJA,31,23,54
HERMILO,34,20,54
HELEODORA,35,19,54
LOURDIS,36,18,54
LUCRECIO,36,18,54
NEY,37,17,54
BIRGINIA,38,16,54
DEODORA,39,15,54
SAVINO,39,15,54
DAMACIO,41,13,54
FELISITA,42,12,54
LOREN,43,11,54
RUBIS,45,9,54
HAROL,46,8,54
YUDI,47,7,54
JESY,51,3,54
JINMY,51,3,54
NORVIN,51,3,54
ROJER,51,3,54
RONIE,51,3,54
YUNIS,51,3,54
BLENDA,52,2,54
CRISTY,52,2,54
DARBIN,52,2,54
GEMA,52,2,54
LEDVIA,53,1,54
SHEYLA,53,1,54
DEJESUS,0,53,53
NOELY,7,46,53
YULIZA,8,45,53
GALEL,9,44,53
MISSAEL,15,38,53
BARINIA,16,37,53
AUDULIO,17,36,53
YOJAN,17,36,53
OBENIEL,21,32,53
ROSANY,21,32,53
AUDIAS,24,29,53
EDUBINA,25,28,53
PACITA,26,27,53
ROSELINA,28,25,53
ARGENTINO,30,23,53
LOURDE,32,21,53
NAIDIA,33,20,53
RIBALDO,35,18,53
ELEN,38,15,53
EVAN,39,14,53
ROGERS,39,14,53
VIBIAN,40,13,53
YANI,43,10,53
EDIZ,44,9,53
NARSISA,45,8,53
DEISE,46,7,53
JELIN,49,4,53
LESVIN,49,4,53
MAUREN,50,3,53
DE CARMEN,0,52,52
JEANETHE,0,52,52
YOSETH,2,50,52
RENIERE,7,45,52
SIGFREDO,12,40,52
ANAVEL,14,38,52
ELIONORA,15,37,52
DILUVINA,16,36,52
ORFELINA,17,35,52
ISMENA,18,34,52
EVILIO,20,32,52
ARTHUR,21,31,52
MAYTE,24,28,52
LIVIO,31,21,52
WUILMAN,33,19,52
ERITA,34,18,52
MARYORY,35,17,52
MELDA,40,12,52
RUDECINDO,41,11,52
MARLI,42,10,52
CALIXTRO,43,9,52
HELLEN,43,9,52
HILTON,43,9,52
LASARO,43,9,52
MAXIMINIO,43,9,52
RODY,44,8,52
DEYBI,45,7,52
RICHAR,46,6,52
DARLAN,47,5,52
RENY,47,5,52
MEVIS,50,2,52
SABY,51,1,52
DE SUYAPA,0,51,51
OLMEDO,5,46,51
LYNN,7,44,51
GISELL,8,43,51
DAMIRO,10,41,51
EDIMAR,14,37,51
SAMANTHA,15,36,51
BELLY,17,34,51
ARGENIS,18,33,51
HORLANDO,20,31,51
ALADINO,21,30,51
GRISSELDA,21,30,51
MELANEA,21,30,51
MILCIADES,23,28,51
ROLAND,24,27,51
TARCILA,27,24,51
ODILMA,28,23,51
BRUNILDA,31,20,51
POLICARPA,31,20,51
REINERIA,32,19,51
ESMIN,33,18,51
PONPILIO,33,18,51
ADOLIA,34,17,51
PRICILIANO,38,13,51
JOYCE,40,11,51
MARBEL,40,11,51
NELVI,42,9,51
DELSIS,43,8,51
EYBI,44,7,51
ITALO,44,7,51
ENNY,50,1,51
GREISY,50,1,51
HILSA,50,1,51
HULDA,50,1,51
MILDREN,50,1,51
DACIA,51,0,51
JACQUELINNE,3,47,50
ISAVEL,9,41,50
MAELY,9,41,50
MABELL,11,39,50
YONEL,11,39,50
CRISTABEL,12,38,50
JOVANNI,14,36,50
JASMINA,16,34,50
LARITZA,18,32,50
ANGELES,22,28,50
ISELDA,22,28,50
ZENOVIA,22,28,50
CONSTANZA,25,25,50
ELBIRA,26,24,50
ISMAR,28,22,50
JOE,31,19,50
MAXIMILIANA,31,19,50
OVILIA,31,19,50
JILBERTO,34,16,50
SALUSTIANO,35,15,50
DIEGA,36,14,50
ROBUSTIANO,38,12,50
ALIN,40,10,50
GLORIS,41,9,50
MELIS,41,9,50
ERMAN,44,6,50
HERMEN,44,6,50
DERLIN,45,5,50
MARGIE,46,4,50
SOYLA,46,4,50
NITZA,47,3,50
GENRRI,49,1,50
ISLIA,49,1,50
PEGGY,49,1,50
AXA,50,0,50
ELVYN,50,0,50
GENIS,50,0,50
YEYMY,50,0,50
CALAZANS,2,47,49
E,3,46,49
MONSERRAT,3,46,49
CLARIVEL,4,45,49
GISELLA,8,41,49
YASSENIA,10,39,49
XIOMAR,12,37,49
MARBETH,13,36,49
YOLINDA,13,36,49
ETHELVINA,14,35,49
MILENIA,14,35,49
ISSAC,15,34,49
MELANI,15,34,49
AVELARDO,17,32,49
DABID,17,32,49
ITALINA,17,32,49
LUDOVICO,17,32,49
EULISES,18,31,49
MANASES,20,29,49
ADIL,21,28,49
CLEOPATRA,22,27,49
HELI,23,26,49
EDINA,25,24,49
ABRAN,26,23,49
DONA,26,23,49
ERMILO,26,23,49
MINELIO,26,23,49
NORBELINA,26,23,49
SAMARIA,26,23,49
ERMENEGILDA,27,22,49
HERODITA,31,18,49
SEVERIANO,32,17,49
AYDA,33,16,49
ERMIDA,34,15,49
BALERIANO,35,14,49
BELIN,35,14,49
NOLAN,36,13,49
PABLINA,37,12,49
FIDELINO,38,11,49
DOMITILO,41,8,49
NELVY,41,8,49
TIOFILO,42,7,49
LIMBER,44,5,49
IRWIN,45,4,49
JENSY,45,4,49
ARLYN,47,2,49
GLENIA,47,2,49
JEANNY,47,2,49
RUDYS,47,2,49
SAN,47,2,49
YERY,47,2,49
DIRLA,48,1,49
JENI,48,1,49
NENCY,48,1,49
WILVER,48,1,49
KEYDY,49,0,49
SULMY,49,0,49
ANGEL ANTONIO,0,48,48
IBET,5,43,48
DONEY,6,42,48
JEANETT,6,42,48
LISBET,9,39,48
MANOLO,12,36,48
SAADY,15,33,48
CONAN,16,32,48
EDILA,19,29,48
EVELY,20,28,48
OSMUNDO,21,27,48
AMILTON,27,21,48
AUNER,29,19,48
VITA,33,15,48
CASIANO,34,14,48
AIXA,35,13,48
TULA,35,13,48
HUBERT,36,12,48
SILBERIO,37,11,48
BRYAN,41,7,48
SYLVIA,41,7,48
NESLY,42,6,48
NYDIA,43,5,48
CLORIS,44,4,48
JANNY,44,4,48
BELQUIN,45,3,48
JOSE DE JESUS,45,3,48
YESTER,45,3,48
DARLA,47,1,48
GABY,48,0,48
GUENDY,48,0,48
TANNIA,48,0,48
REINA ISABEL,1,46,47
JANNET,6,41,47
MAHELY,6,41,47
YONATAN,8,39,47
YOHANY,11,36,47
JAIN,13,34,47
ABIDAN,18,29,47
ELSENORA,18,29,47
ILUVINA,18,29,47
MAURILIA,19,28,47
BRENILDA,20,27,47
ESTELITA,21,26,47
ETEL,21,26,47
EUDELIA,21,26,47
MARTIZA,22,25,47
ORBELICIA,23,24,47
ORFILA,23,24,47
EDELVINA,24,23,47
NEIL,25,22,47
TOVIAS,26,21,47
VERTILIA,26,21,47
WALTERIO,27,20,47
REGINALDA,28,19,47
INGINIA,29,18,47
LENYN,29,18,47
DUBAL,31,16,47
MARCOLFA,31,16,47
MARK,33,14,47
GUMERSINDO,35,12,47
MARGEN,36,11,47
NORIA,36,11,47
DALMA,37,10,47
MARLE,37,10,47
DEISIS,38,9,47
PURA,38,9,47
NURIS,41,6,47
CELMA,42,5,47
DELMIA,42,5,47
LETTY,42,5,47
MARCY,42,5,47
SILIA,42,5,47
ARLIS,43,4,47
DIXY,45,2,47
HEDMAN,45,2,47
NORLIN,45,2,47
SUNY,46,1,47
ZULLY,46,1,47
JEFFRY,47,0,47
LIZZETE,6,40,46
JOSELINE,7,39,46
KAY,8,38,46
EDULIO,10,36,46
CESARINA,11,35,46
ODILBER,13,33,46
ROSIBETH,14,32,46
ARLINTON,15,31,46
EDUBIGES,15,31,46
RENALDO,19,27,46
ACENCION,20,26,46
AUDATO,21,25,46
EDILFREDO,22,24,46
ADEL,23,23,46
EMIDIA,24,22,46
CELIDA,28,18,46
LILIANS,29,17,46
SERBANDO,30,16,46
BERNALDO,31,15,46
EARL,31,15,46
ANALICIA,34,12,46
FELIS,34,12,46
LINDSAY,35,11,46
BESSIE,37,9,46
GILBER,39,7,46
SILA,39,7,46
JENIFER,41,5,46
LENDA,41,5,46
FREDAL,43,3,46
MILSON,43,3,46
DIONIS,44,2,46
YIMIS,44,2,46
EWIN,45,1,46
ILSI,45,1,46
YUDIS,45,1,46
GERVIN,46,0,46
LICETT,0,45,45
JUVINI,4,41,45
OBISPO,4,41,45
YAIR,9,36,45
ONORIO,11,34,45
GIOCONDA,14,31,45
HONORIO,15,30,45
SELENE,15,30,45
YISELA,15,30,45
ARABELLA,16,29,45
DARLENE,17,28,45
AMAURY,18,27,45
ELIDIO,18,27,45
FRANSISCA,20,25,45
MILEYDI,20,25,45
ARNALDA,21,24,45
CEFALIA,21,24,45
EFRAHIN,21,24,45
BAUTISTINA,22,23,45
KENNEDY,22,23,45
ERMILA,26,19,45
ILDEFONZA,28,17,45
CECIL,29,16,45
HELIDA,31,14,45
PAUBLINA,31,14,45
DINO,33,12,45
LISA,33,12,45
ROSABEL,34,11,45
JUAN DE DIOS,35,10,45
BETSY,36,9,45
PETER,36,9,45
ELSIDA,38,7,45
HELDA,40,5,45
ELSIS,42,3,45
ELTON,42,3,45
ERI,42,3,45
MIRCIA,42,3,45
SONY,42,3,45
FRANSIS,43,2,45
JOHONNY,43,2,45
ZELMA,43,2,45
CRISTHIAM,44,1,45
GEYDI,45,0,45
INGRY,45,0,45
MARIA DE LOS,45,0,45
MARIA DEL,45,0,45
YUBANI,6,38,44
MALGARITA,10,34,44
ALID,11,33,44
AZAEL,12,32,44
YANORIS,13,31,44
ORISTELA,14,30,44
AMERITA,15,29,44
DAYAN,15,29,44
DELMIRO,19,25,44
LENING,19,25,44
ARMANTINA,20,24,44
GEOVANNA,20,24,44
IGINIA,20,24,44
ORALIO,20,24,44
IDENIA,21,23,44
ANABELA,22,22,44
ESTELBINA,23,21,44
LELI,23,21,44
HAMILTON,25,19,44
BEDA,26,18,44
CALLETANO,27,17,44
CRUS,27,17,44
EDID,29,15,44
EVIDELIO,29,15,44
UBENCIO,29,15,44
FE,30,14,44
DAMASIO,31,13,44
EPIMENIO,31,13,44
ELDIFONSO,32,12,44
TEODOLINA,32,12,44
YESMIN,32,12,44
LADIS,33,11,44
WALDER,35,9,44
WERNER,35,9,44
ELMO,36,8,44
MARDO,37,7,44
SIRILO,37,7,44
FLABIO,38,6,44
LOLIA,38,6,44
DENI,39,5,44
ELLA,39,5,44
KARY,39,5,44
NORIN,39,5,44
ROSELVIA,39,5,44
WUIL,39,5,44
FARIDA,40,4,44
BELSY,41,3,44
DEMIS,41,3,44
EIDY,41,3,44
ODIS,41,3,44
CATY,42,2,44
LESTHER,42,2,44
MALVIN,42,2,44
SALLY,43,1,44
KEILY,44,0,44
ZAYDA,44,0,44
LIZEHT,1,42,43
BALESCA,3,40,43
YUVANY,3,40,43
NAZARET,4,39,43
ZELENIA,8,35,43
BERTRAN,9,34,43
JARDEL,9,34,43
ARNAUL,10,33,43
LIZARDO,10,33,43
CORIXA,11,32,43
ZOBEYDA,15,28,43
ROJAS,16,27,43
DAN,19,24,43
ELDENIDA,20,23,43
NOLVERTO,20,23,43
IBRAHIM,21,22,43
DAMACIA,22,21,43
LORETO,23,20,43
ALEXIA,25,18,43
EVILA,25,18,43
CERAFIN,26,17,43
ANILDA,27,16,43
FREDESLINDA,28,15,43
REYNO,28,15,43
SELESTINO,29,14,43
ENEMESIA,30,13,43
MARYORI,31,12,43
FIGURACION,32,11,43
LIDIS,32,11,43
ROCENDO,32,11,43
DORIZ,33,10,43
JENIFFER,34,9,43
NELYN,35,8,43
WILZON,36,7,43
ELSIA,37,6,43
FLABIA,39,4,43
DORCA,41,2,43
DANA,42,1,43
ELMY,42,1,43
HEDY,42,1,43
JOMER,42,1,43
DEL CONSUELO,0,42,42
JEAQUELINE,0,42,42
ASUZENA,3,39,42
JACKELINNE,3,39,42
JISSEL,4,38,42
NAEL,6,36,42
ELIETH,7,35,42
ELINOR,7,35,42
MASSIEL,7,35,42
ALCIDEZ,8,34,42
DARLENY,12,30,42
SENEIDA,12,30,42
ANABELY,13,29,42
ASDRUVAL,14,28,42
IBRAHIN,15,27,42
AUGUSTA,16,26,42
AYAX,19,23,42
DUVAL,20,22,42
FERNAN,20,22,42
HIRAM,20,22,42
TELVINA,20,22,42
NERIZ,22,20,42
NORMALINA,24,18,42
CATHERINE,25,17,42
LINDALY,28,14,42
TEOLINDA,28,14,42
ARMANDA,30,12,42
ELOIDA,32,10,42
LUBIA,32,10,42
LEXI,34,8,42
MACLOVIO,35,7,42
RIDER,35,7,42
ROGGER,37,5,42
LUDWIN,38,4,42
KRISTIAN,40,2,42
LESBIN,40,2,42
ELKIN,41,1,42
ENRRI,41,1,42
GODO,41,1,42
LENDY,41,1,42
MELVIA,41,1,42
NODIS,41,1,42
SAMIA,41,1,42
GENNY,42,0,42
THESLA,42,0,42
ELIZZABETH,3,38,41
MABILIA,4,37,41
ADGUSTO,7,34,41
MELIXA,7,34,41
GRASIBEL,8,33,41
YANELI,8,33,41
YUBINI,8,33,41
SONEIDA,9,32,41
ADONYS,11,30,41
ARMANDINA,12,29,41
YAMIRA,12,29,41
ARMIDIO,15,26,41
EDELMINA,15,26,41
ELISIA,15,26,41
EVIDALIA,16,25,41
EDILMA,17,24,41
SCARLETT,17,24,41
JHONATAN,18,23,41
RELI,18,23,41
ABENCIO,21,20,41
ORIETA,21,20,41
PASITA,24,17,41
EDIHT,25,16,41
TOMAZA,25,16,41
WILBERT,30,11,41
NORI,32,9,41
GORGE,34,7,41
VIDA,34,7,41
BRIAN,35,6,41
EVERTH,35,6,41
JESSE,35,6,41
LUDYS,36,5,41
NELBIN,36,5,41
NURIAN,36,5,41
SURY,36,5,41
HARY,37,4,41
BERLY,38,3,41
BRENY,38,3,41
GLEDIS,38,3,41
JONI,38,3,41
LEDI,38,3,41
ZINIA,38,3,41
ZOYLA,38,3,41
DANYS,39,2,41
YEYMI,39,2,41
CEIDA,40,1,41
GEIDY,40,1,41
YUNIA,40,1,41
DIANY,41,0,41
ALCANTARA,1,39,40
ARABEY,2,38,40
ELICET,2,38,40
DESSIRE,5,35,40
JAQUELINA,9,31,40
ASIS,11,29,40
SADITH,11,29,40
CRISTIBEL,12,28,40
EBELINDA,12,28,40
EMELDINA,12,28,40
VITALIA,13,27,40
AMIN,14,26,40
NATAEL,14,26,40
ELIECER,16,24,40
MERARIS,16,24,40
NEPTALINA,16,24,40
WUALDINA,17,23,40
ERICELDA,18,22,40
HERODES,18,22,40
JOANA,18,22,40
EUCLIDES,19,21,40
ESEQUIEL,20,20,40
IDES,21,19,40
NARDALINA,21,19,40
GILBERT,23,17,40
DECIDERIA,24,16,40
EUDES,24,16,40
MELY,24,16,40
SILBESTRE,26,14,40
DEXY,27,13,40
DISNARDA,27,13,40
ERMILDA,27,13,40
NELIZ,27,13,40
BERNILDA,28,12,40
LURDIS,28,12,40
HERMENEJILDA,29,11,40
MARYURY,29,11,40
JHON,30,10,40
ROBERTH,30,10,40
TIRSO,30,10,40
TERRY,32,8,40
ARLE,33,7,40
NIMER,33,7,40
BENVENUTO,34,6,40
ELVY,36,4,40
LEYDIS,36,4,40
MIRYAN,36,4,40
FANIS,37,3,40
ELYN,38,2,40
EYDI,38,2,40
LENNY,38,2,40
NOLIN,38,2,40
YESSIKA,38,2,40
ZULY,38,2,40
OLDIN,39,1,40
OSVIN,39,1,40
SAIDY,39,1,40
KIRA,40,0,40
NERLY,40,0,40
WILDA,40,0,40
ANGEL DE JESUS,0,39,39
YAQUELYN,0,39,39
ALEXANDERS,4,35,39
JOSETH,4,35,39
LOUISE,4,35,39
MARILE,4,35,39
YOHAN,4,35,39
GISSELL,5,34,39
JHOVANY,5,34,39
OVEL,5,34,39
YARLENY,6,33,39
JULIZA,7,32,39
ORALDO,8,31,39
EULICES,9,30,39
YEZENIA,9,30,39
YARELI,10,29,39
CENAYDA,11,28,39
EXAU,11,28,39
SONEYDA,11,28,39
CORONA,12,27,39
DALI,12,27,39
MILEYDA,12,27,39
REINERI,12,27,39
EDUBIJES,13,26,39
GERTRUDYS,13,26,39
JANIRA,13,26,39
ALEXYS,14,25,39
ETELINA,14,25,39
ISVELA,14,25,39
ROBERTI,16,23,39
BARBARITA,18,21,39
DELI,18,21,39
ESCARLETH,18,21,39
MILITZA,18,21,39
IZAIAS,19,20,39
OTTOMAN,19,20,39
ASCENSION,20,19,39
JOSAFAT,20,19,39
JUBENTINO,20,19,39
DULIO,21,18,39
DALIO,22,17,39
HOWARD,22,17,39
SALUSTINA,22,17,39
TECLA,22,17,39
ADONIA,23,16,39
MARGARET,24,15,39
SAVAS,25,14,39
JOSE DE LA CRUZ,26,13,39
MIRIAMS,26,13,39
LINDER,27,12,39
RUHT,27,12,39
BIBIANO,29,10,39
MERYS,29,10,39
JENNIFFER,30,9,39
LAURENTINO,31,8,39
LENA,31,8,39
LORENSA,31,8,39
MERLIS,31,8,39
NEVIA,32,7,39
GILMAR,34,5,39
HELIN,35,4,39
HUBER,35,4,39
LIDICE,35,4,39
MELSAR,35,4,39
OGLA,35,4,39
VILDA,35,4,39
DEBBIE,36,3,39
DELCIS,36,3,39
EBLYN,36,3,39
LESNY,36,3,39
EDUYN,37,2,39
GROSVIN,37,2,39
IVES,37,2,39
JEMMY,37,2,39
KAREM,37,2,39
MODESTINA,37,2,39
VELKIS,37,2,39
CYNTIA,38,1,39
WALDA,38,1,39
SEYDI,39,0,39
OLIVETH,1,37,38
ALDUVI,2,36,38
YANILET,2,36,38
IVEL,4,34,38
JIOVANY,4,34,38
YONARY,4,34,38
ISABETH,6,32,38
HUNBERTO,9,29,38
MARILEN,9,29,38
ROSSELY,9,29,38
ADILSON,12,26,38
ESTALIN,12,26,38
OLFANIA,12,26,38
TARQUINO,12,26,38
NOHELY,13,25,38
VITAL,13,25,38
ALBAN,14,24,38
ISABELA,14,24,38
JOSE MARIA,14,24,38
MAIRENA,14,24,38
JONAN,16,22,38
OBIDIA,16,22,38
LEOBARDO,17,21,38
LUBINDA,17,21,38
MARLENA,17,21,38
SOAD,17,21,38
SANTAMARIA,18,20,38
JENOVEVA,19,19,38
MIXAEL,19,19,38
ROSSMERY,19,19,38
GAVINA,20,18,38
LAUDELINA,20,18,38
LEONARD,21,17,38
BAUDELIO,24,14,38
DEONICIO,24,14,38
NELLYS,25,13,38
AFRODICIO,26,12,38
SILBERIA,26,12,38
CALISTRO,27,11,38
EFRAN,28,10,38
ESMAIRA,28,10,38
TAURINO,28,10,38
VIRJILIO,28,10,38
AUDY,29,9,38
CRISTO,29,9,38
DAISI,30,8,38
ELVIDA,30,8,38
NERYN,30,8,38
CLINTON,31,7,38
LEVIN,31,7,38
WUILIAN,31,7,38
LESLIS,32,6,38
MORIS,32,6,38
ALDRIN,33,5,38
CHESTER,33,5,38
DEIBY,33,5,38
EDDIS,34,4,38
MIRYAM,34,4,38
REDUCINDO,35,3,38
DYLCIA,36,2,38
ELDI,36,2,38
VANY,36,2,38
CANDY,37,1,38
JONIS,37,1,38
YARA,37,1,38
DIANETH,2,35,37
MIREY,3,34,37
NINETH,5,32,37
YANINE,5,32,37
DONALY,7,30,37
ANDREW,8,29,37
NOELI,8,29,37
JADIRA,9,28,37
PALERMO,10,27,37
DIOCELINA,11,26,37
HOMERO,11,26,37
YOANA,11,26,37
ZAMIRA,12,25,37
MARYLIN,13,24,37
ADILBERTO,14,23,37
AGRECIO,14,23,37
DONELIA,14,23,37
MARIELLA,14,23,37
ADORACION,15,22,37
AZALEA,15,22,37
NABIL,15,22,37
YORLENIS,15,22,37
ALCINIA,16,21,37
ARBELIA,16,21,37
JOBINA,17,20,37
RAY,17,20,37
ROSMARY,17,20,37
VICTELIA,18,19,37
DILBERTO,19,18,37
NATANAHEL,19,18,37
RAINEL,19,18,37
AUDBERTO,20,17,37
ENELIDIO,20,17,37
ROSANNA,20,17,37
DONALDA,21,16,37
HERMELINA,21,16,37
SELEDONIO,21,16,37
ERASMINIA,23,14,37
JACKSON,23,14,37
NERIO,25,12,37
NICASIA,25,12,37
PACO,25,12,37
SILBANO,25,12,37
JOSE FRANCISCO,26,11,37
ANER,27,10,37
DELIDA,27,10,37
MELIDO,27,10,37
VENEDICTO,27,10,37
IVY,28,9,37
AMILDA,29,8,37
FLORIDALIA,30,7,37
DEICI,31,6,37
EVERT,31,6,37
ZARA,31,6,37
SERBELIO,32,5,37
DARCY,33,4,37
DILER,33,4,37
EDAR,34,3,37
SIRIAN,34,3,37
NELMI,35,2,37
ELKA,36,1,37
ESVIN,36,1,37
ESMY,37,0,37
LESMAN,37,0,37
ANTONI,3,33,36
MARIELOS,3,33,36
JAQUELINNE,4,32,36
ORBELI,5,31,36
VERENICE,5,31,36
YAMIBEL,5,31,36
JOWANY,6,30,36
YOVANA,7,29,36
JEMIMA,9,27,36
MARICSA,9,27,36
OBILSON,9,27,36
ODALI,9,27,36
ROVILIO,9,27,36
GISELDA,10,26,36
HONAN,11,25,36
ELVINA,12,24,36
IZOLINA,12,24,36
BERCELY,13,23,36
EUDOSIA,13,23,36
FRANCIBEL,13,23,36
OBILSO,13,23,36
ELSOMINA,15,21,36
ISOLDA,16,20,36
MIRTALIA,16,20,36
NORALY,16,20,36
CALEB,17,19,36
ANNE,18,18,36
EXSEQUIEL,18,18,36
HOLANDA,19,17,36
MENA,19,17,36
RODILIO,19,17,36
HELY,20,16,36
URCINA,20,16,36
AUSTIN,21,15,36
SALUSTRIO,21,15,36
SERVELIA,21,15,36
ERADIA,22,14,36
JIMENA,22,14,36
SANDER,23,13,36
TRIFINA,23,13,36
ANEYDA,24,12,36
AUDENCIO,24,12,36
YANSY,25,11,36
GLINIS,26,10,36
ALDEN,27,9,36
WILLIE,27,9,36
ERMA,28,8,36
NELCI,28,8,36
CESAREO,29,7,36
LUDWING,29,7,36
HERY,30,6,36
YEFRIN,30,6,36
JERSSON,31,5,36
JACOBINA,32,4,36
HENA,33,3,36
MARVA,33,3,36
ARLY,34,2,36
JUNY,34,2,36
YENCY,34,2,36
GLENDI,35,1,36
MAIRON,35,1,36
SILIAN,35,1,36
IVO,36,0,36
DEL   CARMEN,0,35,35
ROSA DELIA,0,35,35
MARINE,2,33,35
C,4,31,35
YAMILETTE,4,31,35
R,5,30,35
ALCIDE,6,29,35
ISAY,6,29,35
ADEMIR,7,28,35
MARILINA,8,27,35
OSBERTO,8,27,35
RAYNEL,9,26,35
SOLANGE,10,25,35
YELENA,11,24,35
UBELIA,12,23,35
ANAUN,13,22,35
DIOXANA,13,22,35
BLAZ,14,21,35
ESNILDA,14,21,35
MARISTELA,14,21,35
ARLINGTON,15,20,35
DELDINA,15,20,35
ELIASAR,15,20,35
STELLA,15,20,35
ARLET,16,19,35
OLIDIA,16,19,35
SELAN,16,19,35
CAROLINE,17,18,35
GERMANA,18,17,35
MIGUELA,18,17,35
NATHAN,18,17,35
NEFTALIA,18,17,35
DALY,19,16,35
DANIXA,19,16,35
DONILDA,19,16,35
JOBA,19,16,35
AVIMAEL,20,15,35
LILIAMS,24,11,35
VIOLA,24,11,35
DORY,25,10,35
HERCULANA,25,10,35
ALISON,26,9,35
DULFINDA,26,9,35
GRACIANA,26,9,35
OSMEL,27,8,35
ANGELINO,28,7,35
DAISSY,28,7,35
RIDEL,28,7,35
ERITH,29,6,35
LOLA,29,6,35
RODE,29,6,35
WILFIDO,29,6,35
DEBORAH,30,5,35
DELFIDA,30,5,35
MELBIS,30,5,35
NOREN,30,5,35
YULIAN,30,5,35
BILL,31,4,35
CAROLL,31,4,35
DENIZ,31,4,35
JULIE,32,3,35
MIKE,32,3,35
CHERYL,33,2,35
DINGNA,33,2,35
OLMIN,33,2,35
SERVIN,33,2,35
WISTON,33,2,35
EMAR,34,1,35
ESWIN,34,1,35
GELVIN,34,1,35
EGNA,35,0,35
FARAH,35,0,35
MARVYN,35,0,35
OLVYN,35,0,35
SILMA,35,0,35
VICTOR MANUEL,0,34,34
LLAMILETH,1,33,34
YACQUELINE,2,32,34
AUDIEL,6,28,34
BANEZA,6,28,34
ELEXANDER,9,25,34
ELID,9,25,34
LICENIA,9,25,34
REYNERI,9,25,34
MADELIN,10,24,34
MAGDALY,10,24,34
MARICZA,10,24,34
MELITZA,10,24,34
SULEYDA,10,24,34
ZARINA,10,24,34
DESPOSORIA,11,23,34
MARILUX,11,23,34
SILFREDO,11,23,34
VINDA,11,23,34
DELICIA,13,21,34
EDUVIGIS,13,21,34
LILLY,13,21,34
ORFIDIA,13,21,34
UVALDINA,13,21,34
BELY,14,20,34
MERSEDES,14,20,34
ERMOGENES,15,19,34
ESMELINDA,15,19,34
LEDUVINA,15,19,34
CONCHA,16,18,34
EMILSO,16,18,34
STEPHEN,17,17,34
DAMAS,18,16,34
EMELDO,18,16,34
LISIDA,18,16,34
MARDONIO,18,16,34
ABELIO,19,15,34
CANTALICIA,19,15,34
CELY,19,15,34
POMPEYO,19,15,34
SOLANGEL,19,15,34
URSINA,19,15,34
ANGELO,20,14,34
ERSILIA,20,14,34
PANFILA,20,14,34
ELLEN,21,13,34
KARLO,21,13,34
OCTAVIANA,21,13,34
SENON,21,13,34
CLAUDINO,22,12,34
DONEIDA,22,12,34
ROBEL,22,12,34
BETIZ,23,11,34
SARITA,23,11,34
BETTI,24,10,34
DONIA,24,10,34
BEVERLY,26,8,34
CERVELIO,26,8,34
SOCRATES,26,8,34
ELMI,27,7,34
ERMER,28,6,34
GERALD,28,6,34
LEOPOLDA,28,6,34
MELESIO,28,6,34
PIOQUINTO,28,6,34
ALFA,29,5,34
NILCIA,29,5,34
NINA,29,5,34
LEONSIO,30,4,34
ALBERTH,31,3,34
DE,31,3,34
DILVER,31,3,34
YANIS,31,3,34
BIANCA,32,2,34
ELSIN,33,1,34
GREICY,33,1,34
IRSA,33,1,34
KATHIA,33,1,34
OSTIN,33,1,34
SUANI,33,1,34
ARONY,2,31,33
ANA ROSA,4,29,33
VANNESA,4,29,33
ANDINO,6,27,33
ELAINE,6,27,33
ESTELI,6,27,33
JUVINY,6,27,33
RIVELINO,6,27,33
EMPERATRIS,7,26,33
MARIBETH,7,26,33
ALDUBI,8,25,33
ANAI,8,25,33
YOSELYN,8,25,33
GLADIMIR,9,24,33
MILADI,9,24,33
MIREA,10,23,33
ANATOLIO,11,22,33
DOMISILA,11,22,33
EDBERTO,11,22,33
EROINA,11,22,33
ROVELO,11,22,33
WAYNE,11,22,33
AIMEE,12,21,33
ODELIA,12,21,33
ERONDINA,13,20,33
ELSIDES,14,19,33
LILIO,14,19,33
TAMAR,14,19,33
IXEL,15,18,33
ORLENDA,15,18,33
AUBERTO,16,17,33
EXALON,16,17,33
CLARIXA,17,16,33
ELCIDES,17,16,33
MICHELE,17,16,33
BIDALDINA,18,15,33
GERVACIA,18,15,33
NIMROD,18,15,33
BERNALDINA,19,14,33
ESTANISLAA,19,14,33
ESTEVANA,19,14,33
GLENN,19,14,33
ZENEN,19,14,33
GERONCIO,20,13,33
MELQUISEDEC,20,13,33
EDILDA,21,12,33
SIRIACA,21,12,33
ALBADINA,22,11,33
DAMASIA,22,11,33
BECY,23,10,33
DELMAR,23,10,33
ESTREBERTO,23,10,33
ORMELINDA,23,10,33
SINECIO,23,10,33
DICK,24,9,33
EILEEN,25,8,33
ANADILIA,26,7,33
DARIS,26,7,33
RICCI,26,7,33
SOANY,26,7,33
BEDER,27,6,33
DERMIS,27,6,33
BESIS,28,5,33
HANS,28,5,33
ERMEN,29,4,33
GELEN,29,4,33
HERLAN,29,4,33
ILCE,29,4,33
SARY,29,4,33
DIXA,30,3,33
YURIS,30,3,33
BELMIN,31,2,33
JENIS,31,2,33
NAIDA,31,2,33
ROSELL,31,2,33
YERI,31,2,33
JESIKA,32,1,33
OLVER,32,1,33
EGDA,33,0,33
JESSI,33,0,33
YIMMY,33,0,33
DE MATA,0,32,32
MAUDALENA,1,31,32
ENAI,2,30,32
HENRIQUEZ,2,30,32
SUSETH,2,30,32
ARALI,4,28,32
ILUBINA,5,27,32
AMABEL,6,26,32
ELIZABEL,6,26,32
YOSELI,6,26,32
MADALINA,7,25,32
JOJANA,8,24,32
ZENEYDA,8,24,32
MABIEL,9,23,32
SOLIN,9,23,32
VALOIS,9,23,32
YARIELA,9,23,32
FELISA,10,22,32
SUMAYA,10,22,32
ALCIDA,11,21,32
ARCELIO,11,21,32
ARODY,12,20,32
DIOMEDIS,12,20,32
GABELO,13,19,32
IDILIA,13,19,32
NUEMI,13,19,32
ANDRE,14,18,32
HIRAN,14,18,32
NEMESIA,14,18,32
ANNETTE,15,17,32
AUREA,15,17,32
BOANERGE,15,17,32
SUCELINDA,15,17,32
JOCELYN,16,16,32
WADY,16,16,32
RUDOLPH,17,15,32
AVENCIO,18,14,32
RUVENIA,18,14,32
TRINILO,18,14,32
ANICETA,19,13,32
ELVIDIO,19,13,32
NICOLAZ,19,13,32
ARIANA,20,12,32
CERAPIO,20,12,32
EDELFIDA,20,12,32
IRIZ,20,12,32
MARICELDA,20,12,32
JUVENIL,21,11,32
OSIAS,21,11,32
GILVERTO,22,10,32
LAURINDA,22,10,32
VERNON,22,10,32
YANCY,22,10,32
GUILIBALDO,23,9,32
VISENTE,23,9,32
BIENBENIDA,24,8,32
CALVIN,24,8,32
HERMIDA,24,8,32
IAN,24,8,32
MIRA,24,8,32
OMER,24,8,32
ORLI,24,8,32
SEVERIANA,24,8,32
DAICY,25,7,32
LIBIO,25,7,32
MABIS,25,7,32
MARIZABEL,25,7,32
CARMELITA,26,6,32
HERMOSINIA,26,6,32
LEYVI,26,6,32
LUCITANA,26,6,32
ERNESTINO,27,5,32
JUBENCIO,27,5,32
LUVIA,27,5,32
MELVY,27,5,32
BETYS,28,4,32
EMERSSON,28,4,32
LINDON,29,3,32
NILIAN,29,3,32
YERIS,29,3,32
YIMIN,29,3,32
LUVIS,30,2,32
MARJA,30,2,32
REDIS,30,2,32
RICKY,30,2,32
BELKISS,31,1,32
BELSA,31,1,32
EDDIN,31,1,32
IMMER,31,1,32
MAIRO,31,1,32
OSMER,31,1,32
SHERLY,31,1,32
KATTIA,32,0,32
DE ASIS,0,31,31
DEL MAR,0,31,31
VANNESSA,0,31,31
MARCO TULIO,2,29,31
YANIBEL,3,28,31
COLOMBINA,5,26,31
YISSELA,5,26,31
DORIBEL,7,24,31
IDALGO,7,24,31
JOY,7,24,31
YANE,7,24,31
CRISTEL,8,23,31
DANUBIO,8,23,31
DINOSKA,8,23,31
ENRIQUES,8,23,31
ORBELY,8,23,31
YOCONDA,8,23,31
ANAMIN,9,22,31
ENEDILIO,9,22,31
REYNERY,9,22,31
ABDULIA,10,21,31
ADALUZ,10,21,31
CATEDRA,10,21,31
LINDO,10,21,31
OBETH,10,21,31
ABDIEL,11,20,31
GRISCELDA,11,20,31
INDOLFO,11,20,31
JAFET,11,20,31
LIDENI,11,20,31
ARISTEO,12,19,31
ESMUNDO,12,19,31
LINDALI,12,19,31
OMARA,12,19,31
YELINA,12,19,31
EXIDIA,13,18,31
MELADIS,13,18,31
EMELIO,14,17,31
SIDONIA,14,17,31
SMELIN,14,17,31
IDELFONSO,15,16,31
BACILISA,16,15,31
BALERIA,16,15,31
CONCESA,16,15,31
EDUVIN,16,15,31
MILEIDY,16,15,31
SIRILA,16,15,31
EUDALDO,17,14,31
ELICIDA,18,13,31
MAFALDA,18,13,31
VICTALINA,18,13,31
ELAM,19,12,31
BETZAIDA,20,11,31
DEONICIA,20,11,31
MACEDONIA,20,11,31
MIDIA,20,11,31
MIDIAN,20,11,31
RODAS,20,11,31
SKARLETH,20,11,31
EXEQUIAS,21,10,31
KARIM,21,10,31
NEMIAS,21,10,31
ALFONZA,22,9,31
BALERIO,22,9,31
CAROLYN,22,9,31
DOMICIANO,22,9,31
ROSAEL,22,9,31
FREDES,24,7,31
MANDA,24,7,31
WENDELL,24,7,31
BANI,25,6,31
DAFNE,25,6,31
ERADIO,25,6,31
ERICO,25,6,31
MARLIS,25,6,31
URPANIA,25,6,31
AMNER,26,5,31
BEATO,26,5,31
DULIS,26,5,31
NAYDA,26,5,31
RONYS,26,5,31
ROSMEL,26,5,31
ATANASIA,27,4,31
ERLING,27,4,31
ESMA,27,4,31
SELVIA,27,4,31
BELDA,28,3,31
MERSY,28,3,31
DIONY,29,2,31
NELMAN,29,2,31
ORIS,29,2,31
HERVIN,30,1,31
JEFRY,30,1,31
LAUREN,30,1,31
YESMY,30,1,31
DEA,31,0,31
FANNI,31,0,31
SEYDY,31,0,31
VAIRON,31,0,31
VIKY,31,0,31
GONZAGA,0,30,30
YANED,1,29,30
ADALYD,2,28,30
YOBANNY,2,28,30
MANUEL ANTONIO,4,26,30
NORELY,5,25,30
ROSIDEL,5,25,30
SUAYAPA,5,25,30
DONEL,6,24,30
ETELMINA,6,24,30
ONALDO,6,24,30
GEMIMA,7,23,30
LIN,7,23,30
SAEL,7,23,30
WLADIMIR,7,23,30
YUVANI,7,23,30
HEROINA,8,22,30
ABELINDA,9,21,30
YAMELY,9,21,30
OLIBERTO,10,20,30
YAMAL,10,20,30
ELIBENIA,11,19,30
GIANCARLO,12,18,30
YONES,12,18,30
EBARISTO,13,17,30
EDILVERTO,13,17,30
ELMIRA,13,17,30
SONILDA,13,17,30
ELIAZER,14,16,30
ESMELYN,14,16,30
INOCENTA,14,16,30
EBELINA,15,15,30
JEHU,15,15,30
CELMIRA,16,14,30
DEAN,16,14,30
DEOMEDES,16,14,30
ENILDA,16,14,30
EVELING,16,14,30
LUPAREA,16,14,30
MADIAN,16,14,30
ARELYS,17,13,30
WENCE,17,13,30
CHRISTOPHER,18,12,30
HUBERLINDA,18,12,30
RENATA,18,12,30
URIAS,19,11,30
ADELSA,20,10,30
ADONIRAN,20,10,30
ANA MARIA,20,10,30
FURGENCIO,20,10,30
JANICE,20,10,30
AGNES,21,9,30
LIONZO,21,9,30
OBILIA,21,9,30
ALAM,22,8,30
KATHLEEN,22,8,30
MEREGILDA,22,8,30
SEVASTIAN,22,8,30
DOROTHY,23,7,30
ELEA,23,7,30
NASRY,23,7,30
RODMAN,23,7,30
SELIA,23,7,30
DALIDA,24,6,30
DEISSY,25,5,30
ENUE,25,5,30
LORGIO,25,5,30
DEYBY,26,4,30
HERICA,26,4,30
NELSIS,26,4,30
DEXA,27,3,30
MELQUI,27,3,30
DELBIN,28,2,30
ELDEN,28,2,30
ELNA,28,2,30
ERBIN,28,2,30
FLORY,28,2,30
JEANY,28,2,30
JOSMAN,28,2,30
EDWUIN,29,1,30
KARLIN,29,1,30
NILBIA,29,1,30
NOLBIN,29,1,30
ANI,30,0,30
JINA,30,0,30
LESWIN,30,0,30
MA.SANTOS,30,0,30
MANLIO,30,0,30
SERBIO,30,0,30
TEZLA,30,0,30
JOLIBETH,0,29,29
LUDIBETH,0,29,29
BAUSTISTA,1,28,29
ALICET,2,27,29
LAMAR,2,27,29
LINET,2,27,29
JUAN ANGEL,3,26,29
YESENY,3,26,29
MARISSOL,4,25,29
ODUBER,4,25,29
ANDINA,5,24,29
JIOVANNY,5,24,29
CHANEL,6,23,29
MAYDEE,6,23,29
NATALY,6,23,29
ABIEL,7,22,29
YOBANA,7,22,29
FAURICIO,8,21,29
MANFREDY,8,21,29
OCDULIO,8,21,29
ABIGAEL,9,20,29
ARISTELA,9,20,29
DAMARIZ,9,20,29
ENITH,9,20,29
NAHAMAN,9,20,29
NAPOLION,9,20,29
OLDEMAR,9,20,29
ANABELI,10,19,29
ADULFO,11,18,29
MIREYDA,11,18,29
SINDOLFO,11,18,29
ZORAYA,11,18,29
EUDOXIA,12,17,29
IDELSI,12,17,29
IVANY,12,17,29
LUJAN,12,17,29
REGIS,12,17,29
SONIDIA,12,17,29
VETULIA,12,17,29
EDILSON,13,16,29
ENAR,13,16,29
JOANNA,13,16,29
DELINA,14,15,29
IRLANDA,14,15,29
JOSE ANTONIO,14,15,29
ROSVINDA,14,15,29
VERTILA,14,15,29
BETSAIDA,15,14,29
KENEDY,15,14,29
ROSYBEL,15,14,29
SEBERIANO,15,14,29
ELEASAR,16,13,29
ESMINDA,16,13,29
EXCEQUIEL,16,13,29
SUE,16,13,29
FAUTINO,17,12,29
GENOBEVA,17,12,29
GETULIO,17,12,29
GIOVANNA,17,12,29
INGINIO,17,12,29
ADELINDA,18,11,29
DODANIN,18,11,29
DONEYDA,18,11,29
DONINA,18,11,29
ENAN,18,11,29
JOHANN,18,11,29
ROSEBEL,18,11,29
BELISA,19,10,29
DAVE,19,10,29
HARVEY,19,10,29
HORTENCIO,19,10,29
JENARA,19,10,29
KERRY,19,10,29
OTILIANO,19,10,29
DELMAN,20,9,29
ELISMA,20,9,29
ENERMILA,20,9,29
NICANDRO,20,9,29
VIBIANA,20,9,29
YOLY,20,9,29
DORI,21,8,29
HINGINIO,21,8,29
ILDIFONSO,21,8,29
LOLITA,21,8,29
SERVANDA,21,8,29
VENUS,21,8,29
ANWAR,22,7,29
DELIN,22,7,29
GILMAN,22,7,29
HORACIA,22,7,29
OWEN,22,7,29
DEXIS,23,6,29
IRIAN,23,6,29
JIM,23,6,29
NEDY,23,6,29
MARTIS,24,5,29
WILFRIDO,24,5,29
DEYSSI,25,4,29
IGOR,25,4,29
ERMEL,26,3,29
EYBY,26,3,29
ILZA,26,3,29
JORAN,26,3,29
LESLIA,26,3,29
LIVIS,26,3,29
TEDDY,26,3,29
EDDI,27,2,29
EMIS,27,2,29
HEBERT,27,2,29
HEBERTH,27,2,29
JIMI,27,2,29
LEIDI,27,2,29
MAREANO,27,2,29
SAYDI,27,2,29
SELVYN,27,2,29
YULY,27,2,29
DEGNIS,28,1,29
GLENDYS,28,1,29
HANSY,28,1,29
HARLIN,28,1,29
JEIDY,28,1,29
LEYLY,28,1,29
WUENDI,28,1,29
ZAYRA,28,1,29
J.SANTOS,29,0,29
KELLYN,29,0,29
YENIA,29,0,29
DE J,0,28,28
YAMILEC,0,28,28
ANGEL MARIA,1,27,28
JAQUELY,1,27,28
ELISABEHT,2,26,28
MONSERRATH,2,26,28
ALDRUBAL,3,25,28
AVIGAEL,3,25,28
JOSELY,3,25,28
MARIZETH,3,25,28
DENISSA,4,24,28
ESPERANSA,4,24,28
JICELA,4,24,28
MAEL,4,24,28
VANEZA,4,24,28
YALILE,6,22,28
EDU,7,21,28
MARVELY,7,21,28
SAYONARA,7,21,28
URSULINA,7,21,28
YAMIR,7,21,28
DAMISELA,8,20,28
ELDUVINA,8,20,28
ERALDINA,8,20,28
HAZAEL,8,20,28
YARLENI,8,20,28
EDELINDA,9,19,28
ROSIO,9,19,28
UDELIA,9,19,28
ULISER,9,19,28
VANGELA,9,19,28
VEATRIZ,9,19,28
ELDENIA,10,18,28
EUDILIO,10,18,28
MADELINE,11,17,28
MARITA,11,17,28
MURIEL,11,17,28
ROSANI,11,17,28
ASBEL,12,16,28
RENIERIS,12,16,28
GEOMARA,13,15,28
LUGARDA,13,15,28
MARTIREZ,13,15,28
STEPHANIE,13,15,28
VENILDA,13,15,28
ELIVENIA,14,14,28
ELSIRA,14,14,28
ENELIA,14,14,28
LUX,14,14,28
NATHANAEL,14,14,28
SELESTINA,14,14,28
ADELITA,15,13,28
IGNASIO,15,13,28
INGNACIO,15,13,28
NORALI,15,13,28
BERNICE,16,12,28
CALIX,16,12,28
EUSEVIA,16,12,28
AMANCIA,17,11,28
MILIAN,17,11,28
RAYMOND,17,11,28
DIDIA,18,10,28
EDYTH,18,10,28
FLORIANA,18,10,28
JUNE,18,10,28
LEBY,18,10,28
OCTAVI,18,10,28
VALERIE,18,10,28
AHIDA,19,9,28
FLORENCE,19,9,28
SIMIONA,19,9,28
YASSER,20,8,28
AYLIN,21,7,28
DORITA,21,7,28
ENOS,21,7,28
ROMER,21,7,28
FREDESBINDO,22,6,28
LUDIM,22,6,28
EUFEMIANO,23,5,28
HELIO,23,5,28
ROSADELIA,23,5,28
TEOBALDO,23,5,28
GILDO,24,4,28
SAMI,24,4,28
HERMA,25,3,28
MARBI,25,3,28
ROJELIO,25,3,28
YEFRI,25,3,28
ALLISON,26,2,28
DARLY,26,2,28
EYDA,26,2,28
GUALTER,26,2,28
HERBER,26,2,28
MARVIS,26,2,28
TONI,26,2,28
WILLMER,26,2,28
YELSO,26,2,28
CECIA,27,1,28
FANIA,27,1,28
FRAY,27,1,28
GILTON,27,1,28
HORLIN,27,1,28
NOBLIDA,27,1,28
CONNIE,28,0,28
ESMAN,28,0,28
FAUTO,28,0,28
GLEDY,28,0,28
HILDER,28,0,28
HILSE,28,0,28
MELBI,28,0,28
ROLMAN,28,0,28
SILDA,28,0,28
MARILET,0,27,27
YAMILEH,0,27,27
ALCANTAR,1,26,27
PORTAN,1,26,27
YOVAN,1,26,27
JIOVANI,2,25,27
LIZABETH,3,24,27
DARINEL,4,23,27
MARESA,4,23,27
MAREZA,4,23,27
NABEL,4,23,27
YALENI,4,23,27
AUDEL,5,22,27
ELISABEL,5,22,27
JERALDINA,5,22,27
MARGOTT,5,22,27
YANARA,5,22,27
JOSE ANGEL,6,21,27
MARTINEZ,6,21,27
BALMORE,7,20,27
ESTEHER,7,20,27
ZAMIR,7,20,27
RUBILIA,8,19,27
WALDIR,8,19,27
YVONNE,8,19,27
ADALGISA,9,18,27
ADALGIZA,9,18,27
RODIBEL,9,18,27
SAIN,10,17,27
ESTELINDA,11,16,27
ALSIRA,12,15,27
EDELVIS,12,15,27
ELIVERTO,12,15,27
ANJEL,13,14,27
ARODI,13,14,27
AUGUSTIN,13,14,27
BOLIVAR,13,14,27
ESMELIDA,13,14,27
OVELIA,13,14,27
ADALIS,14,13,27
GERALDINE,14,13,27
MARITXA,14,13,27
MARLEY,14,13,27
ROCINDA,14,13,27
EUDOCIO,15,12,27
MORRIS,15,12,27
SALUSTINO,15,12,27
ELITA,16,11,27
ESTERLINDA,16,11,27
EXZEQUIEL,16,11,27
OCTABIO,16,11,27
CLIFFORD,17,10,27
GEORGETTE,17,10,27
IMARA,17,10,27
UBEN,17,10,27
EVILDA,18,9,27
QUIRINO,18,9,27
ROSALINO,18,9,27
WENDOLY,18,9,27
ELLIS,19,8,27
FRANZ,20,7,27
LELIN,22,5,27
YONYS,22,5,27
BEMBENUTO,23,4,27
BONNIE,23,4,27
DEYSE,23,4,27
DILSON,23,4,27
ELSON,23,4,27
HELMUT,23,4,27
MILDRES,23,4,27
REDUCINDA,23,4,27
SHERRY,23,4,27
SIRLEY,23,4,27
SISTO,23,4,27
DARLEN,24,3,27
ENI,24,3,27
EVIL,24,3,27
ARLON,25,2,27
CARLIN,25,2,27
ELSSY,25,2,27
FRIDA,25,2,27
GERSSON,25,2,27
KARL,25,2,27
NOLMAN,25,2,27
ROSS,25,2,27
YESIS,25,2,27
BRENDY,26,1,27
CEILA,26,1,27
ENNER,26,1,27
LELIA,26,1,27
MELKIN,26,1,27
SARIS,26,1,27
ENIO,27,0,27
LEYBY,27,0,27
SYNTIA,27,0,27
ZULMAN,27,0,27
ADA LUZ,0,26,26
DE LOS DOLORES,0,26,26
DEL SAGRARIO,0,26,26
ALICETH,1,25,26
ELIZZETH,1,25,26
YEOVANY,1,25,26
CLERETH,2,24,26
LLAMILET,2,24,26
MIRELY,2,24,26
ISAIN,4,22,26
RAMOS,4,22,26
ADALVERTO,5,21,26
DANIERY,5,21,26
DELANO,5,21,26
FABRICIA,5,21,26
SADIT,5,21,26
SELENA,5,21,26
WALQUIDIA,5,21,26
YADINA,6,20,26
YAJAYRA,6,20,26
BERALIA,7,19,26
AFIF,8,18,26
ANAHIN,8,18,26
MARCELLA,8,18,26
ROXSANA,8,18,26
YASENY,8,18,26
GISSELLA,9,17,26
LIBERATA,9,17,26
ROVERTO,9,17,26
YAMIN,9,17,26
YOMILA,9,17,26
DONALIA,10,16,26
MARICIA,10,16,26
ASTOLFO,11,15,26
BITALINA,11,15,26
BUENA VENTURA,11,15,26
MINA,11,15,26
ORVELINDA,11,15,26
BIDAL,12,14,26
DALINDA,12,14,26
ADMIRAL,13,13,26
AUDULIA,13,13,26
BERARDO,13,13,26
ISLENA,13,13,26
VEDA,13,13,26
ALEXCI,14,12,26
EUFROCINA,14,12,26
HARRIS,14,12,26
FEMELICIA,15,11,26
LORETA,15,11,26
PRIMO,15,11,26
ROSELIS,15,11,26
RUDIT,15,11,26
CLARENCE,16,10,26
EBENOR,16,10,26
JEFFERSON,16,10,26
MARLINA,16,10,26
PATROSINIO,16,10,26
TRUMAN,16,10,26
EDELFINA,17,9,26
JUBENAL,17,9,26
KENETH,17,9,26
ADY,18,8,26
CERVANDO,18,8,26
MARISELDA,18,8,26
DAMASA,19,7,26
FILOMON,19,7,26
HELIA,19,7,26
PAUBLINO,19,7,26
NELLI,20,6,26
CHARLIE,21,5,26
MARIA FRANCISCA,21,5,26
MELBY,21,5,26
PLASIDO,21,5,26
RONAN,21,5,26
RUSBEL,21,5,26
CARLOTINA,22,4,26
ELSO,22,4,26
LISSY,22,4,26
MARLOS,22,4,26
MARTILIANO,22,4,26
MILITON,22,4,26
YERSON,22,4,26
ANGELBERTO,23,3,26
EDMON,23,3,26
LEXY,23,3,26
MARIZ,23,3,26
TRACY,23,3,26
VERNA,23,3,26
ADELFINA,24,2,26
HERBERTH,24,2,26
JUNIA,24,2,26
MARWIN,24,2,26
NOLVA,24,2,26
ORLES,24,2,26
OSMUNDA,24,2,26
ARLING,25,1,26
BELMAR,25,1,26
BIANKA,25,1,26
CLENIA,25,1,26
DUMA,25,1,26
ELBY,25,1,26
ELDIS,25,1,26
ELGUIN,25,1,26
MARZO,25,1,26
NOLVY,25,1,26
RODER,25,1,26
ROMY,25,1,26
SULLY,25,1,26
JAIRA,26,0,26
YEFRY,26,0,26
ALEXZANDER,0,25,25
MARILEX,1,24,25
ADONEY,2,23,25
IVETHE,2,23,25
JEANNETHE,2,23,25
OLIVANY,2,23,25
SIOMAR,2,23,25
YANEC,2,23,25
CARELIA,3,22,25
GABIER,3,22,25
NOVARINO,3,22,25
OLIVO,3,22,25
ADALIO,4,21,25
DORILEX,4,21,25
DUBANY,5,20,25
FERNELY,5,20,25
JUDIHT,5,20,25
MARVELI,5,20,25
MAVILIA,5,20,25
OSMEDY,5,20,25
ULICER,5,20,25
APOSTOL,6,19,25
GEOVANINA,6,19,25
LORELI,6,19,25
VERENA,6,19,25
ERISELDA,7,18,25
IDUBINA,7,18,25
NADINE,7,18,25
OLIVERO,7,18,25
SMELING,7,18,25
YANIXA,7,18,25
ANAHI,8,17,25
DONOSO,8,17,25
JONATTAN,8,17,25
MADAY,8,17,25
YEXENIA,8,17,25
DONAIRE,9,16,25
GIBRAN,9,16,25
CENEN,10,15,25
CIDALIA,10,15,25
DOLINDA,10,15,25
FORTUNATA,10,15,25
MAGDALI,10,15,25
NOBEL,10,15,25
YANERIS,10,15,25
CEZAR,11,14,25
S,11,14,25
ASALIA,12,13,25
ODEL,12,13,25
ONAIDA,12,13,25
SANTA MARIA,12,13,25
AMOS,13,12,25
DILUBINA,13,12,25
EDITZA,13,12,25
ISAHIAS,13,12,25
GRACIANO,14,11,25
VIRJINIA,14,11,25
DONACIO,15,10,25
DONILIA,15,10,25
GELACIO,15,10,25
HERMISENDA,15,10,25
JAMIN,15,10,25
LAZARA,15,10,25
PEARL,15,10,25
EUTIMIO,16,9,25
RUVEN,16,9,25
CERGIA,17,8,25
EDEL,17,8,25
NARDO,17,8,25
ONESIMO,17,8,25
SALBADOR,17,8,25
ELMIR,18,7,25
SOFONIAS,18,7,25
YENIFER,18,7,25
IGNASIA,19,6,25
LIONSO,19,6,25
LYLIAN,19,6,25
MARCEDONIO,19,6,25
RAINELDA,19,6,25
SARI,19,6,25
EDRULFO,20,5,25
HARLEN,20,5,25
JAN,20,5,25
LAUTERIO,20,5,25
SELVI,20,5,25
ANDI,21,4,25
CRUCILA,21,4,25
DEXTER,21,4,25
ENRI,21,4,25
GLENI,21,4,25
LEONISIA,21,4,25
MERLON,21,4,25
MERYN,21,4,25
CLEDIA,22,3,25
DELWIN,22,3,25
DERY,22,3,25
GENE,22,3,25
JANIO,22,3,25
KENIS,22,3,25
SIGRID,22,3,25
CIRA,23,2,25
AUDA,24,1,25
GERBIN,24,1,25
GRETA,24,1,25
JADE,24,1,25
JERSAN,24,1,25
KARLEN,24,1,25
KELSIN,24,1,25
LESSLY,24,1,25
MELKY,24,1,25
MELQUIN,24,1,25
PERSY,24,1,25
VANNY,24,1,25
WINDER,24,1,25
YULI,24,1,25
JACKIE,25,0,25
LIXA,25,0,25
MARIA DE LA,25,0,25
NASLY,25,0,25
SAGLA,25,0,25
LOS ANGELES,0,24,24
BLAS DE JESUS,1,23,24
JANNETE,1,23,24
VILLANEY,1,23,24
VILLANUEVA,1,23,24
YANNETT,1,23,24
YASSIR,1,23,24
JHOBANY,2,22,24
LUIS ALONSO,2,22,24
UNDINA,2,22,24
CLARETH,3,21,24
ENRICO,3,21,24
JAKELYN,3,21,24
JEOWANY,3,21,24
ODETT,3,21,24
ARABELA,4,20,24
LINDAY,4,20,24
NAVELI,4,20,24
RENIEL,4,20,24
SEOMARA,4,20,24
YERALDO,4,20,24
JAQUELYN,5,19,24
MARILENY,5,19,24
RIBELINO,5,19,24
RUBITH,5,19,24
YICELA,5,19,24
ALEXIE,6,18,24
DALINA,6,18,24
FLORISEL,6,18,24
MADEL,6,18,24
NAUL,6,18,24
ELIZETT,7,17,24
GEOVANA,7,17,24
ISBEL,7,17,24
LEONID,7,17,24
NATALI,7,17,24
OBELIA,7,17,24
ULICE,7,17,24
YARIDA,7,17,24
EMELINO,8,16,24
IDELSY,8,16,24
LEDESMA,8,16,24
SUGELY,8,16,24
URBINA,8,16,24
JORGELINA,9,15,24
OSIEL,9,15,24
YAMILA,9,15,24
BISHARA,10,14,24
ELIBALDO,10,14,24
JOHANNY,10,14,24
ZUSANA,10,14,24
DANELIS,11,13,24
IDALIO,11,13,24
LEROY,11,13,24
MARLENNE,11,13,24
MILIXA,11,13,24
RUTT,11,13,24
ADELICIA,12,12,24
ANEIDA,12,12,24
ATILANO,12,12,24
EMILCE,12,12,24
EMILSA,12,12,24
ERCIDES,12,12,24
JORGINA,12,12,24
LUCIDIA,12,12,24
RUTILA,12,12,24
ALANA,13,11,24
BISMARK,13,11,24
EUDILIA,13,11,24
EVENILDA,13,11,24
GORGONIO,13,11,24
LOCADIO,13,11,24
CONCE,14,10,24
OSMARA,14,10,24
EDITHA,15,9,24
GENOBEBA,15,9,24
GREGORY,15,9,24
SELSA,15,9,24
ELISIDA,16,8,24
INACIO,16,8,24
LEWIS,16,8,24
WUILBERTO,16,8,24
ALEXS,17,7,24
CIRCUNSICION,17,7,24
EDUVINIA,17,7,24
ELIM,17,7,24
FERDINANDO,17,7,24
FLAVIANO,17,7,24
YOLIN,17,7,24
RUY,18,6,24
TRIFILIO,18,6,24
ELCI,19,5,24
YUNIO,19,5,24
BERTILDA,20,4,24
DELMO,20,4,24
FREDIL,20,4,24
MARVI,20,4,24
CECUNDINO,21,3,24
DAPHNE,21,3,24
GUIL,21,3,24
LEIVIN,21,3,24
MAXIMINIA,21,3,24
NILMO,21,3,24
SUNI,21,3,24
ANIA,22,2,24
DENISS,22,2,24
EIBY,22,2,24
GRETEL,22,2,24
HOGLA,22,2,24
MARIAM,22,2,24
MAYRO,22,2,24
WESLY,22,2,24
JEANNIE,23,1,24
LESLYE,23,1,24
MEIDY,23,1,24
MERBIN,23,1,24
NEYDI,23,1,24
NOLVIS,23,1,24
BANIA,24,0,24
ELFI,24,0,24
GOLDIN,24,0,24
JORGEN,24,0,24
KENCY,24,0,24
LIXY,24,0,24
NERLYN,24,0,24
ROSMY,24,0,24
SUSSY,24,0,24
WENDIS,24,0,24
XINIA,24,0,24
BERTA ALICIA,0,23,23
CAPIZ,0,23,23
DE LAS MERCEDES,0,23,23
LICEHT,0,23,23
JISEL,1,22,23
JUAN BLAS,1,22,23
MINETH,1,22,23
CASIO,2,21,23
ESMITH,2,21,23
EXELY,2,21,23
IZELA,2,21,23
MARINETH,2,21,23
MILENI,2,21,23
LIVETH,3,20,23
MAGADALENA,3,20,23
OSMARY,3,20,23
GRISELL,4,19,23
HENRRIQUEZ,4,19,23
VALENTINO,4,19,23
YONATHAN,4,19,23
ZARAI,4,19,23
DIOMAR,5,18,23
DONELY,5,18,23
MELADY,5,18,23
ODET,5,18,23
YOJAIRA,5,18,23
YOWANY,5,18,23
AHMED,6,17,23
EXOMINA,6,17,23
LEXANDER,6,17,23
RADAMES,6,17,23
ADI,7,16,23
ARICELA,7,16,23
DILA,7,16,23
GEOCONDA,7,16,23
SERENA,7,16,23
DIONELSY,8,15,23
DONAN,8,15,23
EDITT,8,15,23
ESCARLET,8,15,23
IRENIA,8,15,23
YANES,8,15,23
ALESSANDRA,9,14,23
DODANY,9,14,23
EDALDO,9,14,23
JOVANA,9,14,23
MARILUS,9,14,23
YANIRIA,9,14,23
AMEL,10,13,23
AUGUSTINA,10,13,23
ESTEFANY,10,13,23
GERBACIO,10,13,23
LUDIVINA,10,13,23
MADELINA,10,13,23
ONAM,10,13,23
ONELSA,10,13,23
ROSELIN,10,13,23
FLORINDO,11,12,23
PATROSINIA,11,12,23
GILBERTINA,12,11,23
AVISAI,13,10,23
ERNESTA,13,10,23
LITA,13,10,23
ILENIA,14,9,23
JUBAL,14,9,23
VENJAMIN,14,9,23
ADALMA,15,8,23
ARNEL,15,8,23
BAUDELIA,15,8,23
CARLINDA,15,8,23
ELCIDA,15,8,23
ERMILIO,15,8,23
IRINEA,15,8,23
ITURBIDE,15,8,23
ORBEL,15,8,23
UVENSE,15,8,23
ADELMIRA,16,7,23
ALDEMAN,16,7,23
HJALMAR,16,7,23
MILY,16,7,23
MORGAN,16,7,23
NELIO,16,7,23
NIMIO,16,7,23
WILFIDA,16,7,23
AMALIO,17,6,23
AULIO,17,6,23
GUNTHER,17,6,23
LIBIDA,17,6,23
LILIS,17,6,23
SAHIRA,17,6,23
VERTA,17,6,23
ANAIDA,18,5,23
ERROL,18,5,23
FLORIANO,18,5,23
LUCINIA,18,5,23
MARTHO,18,5,23
PLASIDA,18,5,23
SINFORIANA,18,5,23
WILMAR,18,5,23
XOCHIL,18,5,23
ADNER,19,4,23
DONNA,19,4,23
EDIA,19,4,23
GRADIS,19,4,23
GREVIS,19,4,23
HOLGA,19,4,23
ILVIA,19,4,23
MARIA DE LA PAZ,19,4,23
CARL,20,3,23
EDYL,20,3,23
ELMIDA,20,3,23
GILSA,20,3,23
JARLIN,20,3,23
LIS,20,3,23
NOLVI,20,3,23
PORFIDIA,20,3,23
SELFIDA,20,3,23
SIVIA,20,3,23
BAIRO,21,2,23
FEBE,21,2,23
KELSY,21,2,23
KERLYN,21,2,23
MERSI,21,2,23
MILCA,21,2,23
NOLY,21,2,23
RIXI,21,2,23
TED,21,2,23
DEYVIN,22,1,23
EDBIN,22,1,23
GENRI,22,1,23
HERMER,22,1,23
JARIS,22,1,23
JERLIN,22,1,23
KERVIN,22,1,23
LESDY,22,1,23
ROLVIN,22,1,23
SUAMI,22,1,23
TEDY,22,1,23
YADER,22,1,23
EMMY,23,0,23
ERGUIN,23,0,23
GOLDA,23,0,23
HARVIN,23,0,23
JENRRI,23,0,23
JEYMI,23,0,23
SINTYA,23,0,23
TRICIA,23,0,23
DEL CID,0,22,22
LA CRUZ,0,22,22
ANDOLFO,1,21,22
LILIET,1,21,22
LUZ MARINA,1,21,22
YAKELYN,1,21,22
JANEHT,2,20,22
MARIZEL,2,20,22
ALELY,3,19,22
EVELI,3,19,22
ALFARO,4,18,22
JOVAN,4,18,22
LISBANIA,4,18,22
OKELY,4,18,22
YOSELINA,4,18,22
YUNIBETH,4,18,22
ALCESTER,5,17,22
DIANET,5,17,22
FLORES,5,17,22
GUISELLE,5,17,22
LYLY,5,17,22
OBERTO,5,17,22
YOMAR,5,17,22
ADID,6,16,22
CELENE,6,16,22
LILINA,6,16,22
RODIVER,6,16,22
AMADOR,7,15,22
ANAHUN,7,15,22
BERZABE,7,15,22
CANCIO,7,15,22
EUNISE,7,15,22
FLORIBETH,7,15,22
JANUARIO,7,15,22
JOSSELIN,7,15,22
MIRENA,7,15,22
UNBERTO,7,15,22
CARLINA,8,14,22
ESPEDICTO,8,14,22
RUBERTINA,8,14,22
RUBIDIO,8,14,22
SALUSTIANA,8,14,22
AMAURI,9,13,22
AZUCELINDA,9,13,22
DILFREDO,9,13,22
POLO,9,13,22
RUBELIA,9,13,22
SEFALIA,9,13,22
AMANDO,10,12,22
JAHIR,10,12,22
MAYDE,10,12,22
NOHEMIAS,10,12,22
LIZANDRA,11,11,22
MAILIN,11,11,22
OSSIRIS,11,11,22
OVALDO,11,11,22
PAOLO,11,11,22
VALERY,11,11,22
ZORAYDA,11,11,22
DONAIDA,12,10,22
HABENCIO,12,10,22
MAUREEN,12,10,22
MERARDO,12,10,22
OCTACIANO,12,10,22
RICARTE,12,10,22
SEVERA,12,10,22
TIOFILA,12,10,22
YOSMIRA,12,10,22
ADENIS,13,9,22
ALIPIO,13,9,22
BALERIANA,13,9,22
EVITA,13,9,22
HILCIAS,13,9,22
NORLANDO,13,9,22
REINARDO,13,9,22
ERNEST,14,8,22
HERMOJENES,14,8,22
ISA,14,8,22
ISMAIRA,14,8,22
JERTRUDIS,14,8,22
LISANDRA,14,8,22
SILVA,14,8,22
CARMI,15,7,22
DAMAZO,15,7,22
DEOGRACIA,15,7,22
GEDALIAS,15,7,22
ISMARIS,15,7,22
LAMBERTO,15,7,22
LUCITA,15,7,22
PACA,15,7,22
RODRIGA,15,7,22
BERNALDINO,16,6,22
EBA,16,6,22
NEXI,16,6,22
VERTIN,16,6,22
WENDOLYN,16,6,22
YANSI,16,6,22
DAYSEE,17,5,22
EBELYN,17,5,22
MERLO,17,5,22
DELFI,18,4,22
ENGELS,18,4,22
FAVIANA,18,4,22
SAUDY,18,4,22
TEODOLINDO,18,4,22
WILBOR,18,4,22
BERHTA,19,3,22
DEYVI,19,3,22
DUNIS,19,3,22
ERICH,19,3,22
HARIN,19,3,22
JESSYCA,19,3,22
LIBNI,19,3,22
MARITZABEL,19,3,22
SIBIA,19,3,22
GREDY,20,2,22
HEYBY,20,2,22
LORVIN,20,2,22
PATSY,20,2,22
RENSO,20,2,22
ROVIN,20,2,22
SILDER,20,2,22
BICTOR,21,1,22
EVI,21,1,22
KIMBERLY,21,1,22
LUSY,21,1,22
NEISY,21,1,22
NULVIA,21,1,22
SINDIA,21,1,22
SUSI,21,1,22
WALDIN,21,1,22
DANNI,22,0,22
GENIE,22,0,22
JERZON,22,0,22
KLEYMER,22,0,22
NODY,22,0,22
ROSBIN,22,0,22
SINDI,22,0,22
SULMI,22,0,22
MILETH,0,21,21
YISSELL,0,21,21
AMALEC,1,20,21
LIZEETH,1,20,21
LLANETH,1,20,21
OLIBETH,1,20,21
ALELI,2,19,21
YAEL,2,19,21
YALIBETH,2,19,21
BELINA,3,18,21
MARCO ANTONIO,3,18,21
MARELIN,3,18,21
ALDUBY,4,17,21
CLAVER,4,17,21
EDELMIR,4,17,21
IRINALDO,4,17,21
ISAID,4,17,21
JEANET,4,17,21
MAELI,4,17,21
ALDENIS,5,16,21
BEXAIDA,5,16,21
DONAI,5,16,21
GESSENIA,5,16,21
MAIDE,5,16,21
SELMIRA,5,16,21
YOMARY,5,16,21
COINTA,6,15,21
EDELBINA,6,15,21
EUNICES,6,15,21
YANELA,6,15,21
YASIR,6,15,21
CAMELIA,7,14,21
DORALY,7,14,21
FRANCOIS,7,14,21
HONDURAS,7,14,21
MILEYDY,7,14,21
OSLANDO,7,14,21
RONIEL,7,14,21
TAINA,7,14,21
ABED,8,13,21
ARAMIS,8,13,21
GADIEL,8,13,21
LOUIS,8,13,21
MAGINA,8,13,21
MEDEA,8,13,21
OLANDINA,8,13,21
ROMERO,8,13,21
DANITZA,9,12,21
LUZMILA,9,12,21
PRAGEDES,9,12,21
SIGIFREDO,9,12,21
ANTIA,10,11,21
ELEAZER,10,11,21
GERMAIN,10,11,21
LENINA,10,11,21
MELANIE,10,11,21
MELITA,10,11,21
NAAMAN,10,11,21
ARZUBI,11,10,21
ELDIBRANDO,11,10,21
FERMINIA,11,10,21
IDEN,11,10,21
ODON,11,10,21
RANDOLPH,11,10,21
URBELINDA,11,10,21
YNES,11,10,21
ALEYDI,12,9,21
AMELINA,12,9,21
EDIMIA,12,9,21
EDINSON,12,9,21
EDORITA,12,9,21
FARES,12,9,21
ADAM,13,8,21
BARRY,13,8,21
BERY,13,8,21
CALLETANA,13,8,21
CEBASTIAN,13,8,21
EUSEVIO,13,8,21
FAUTINA,13,8,21
LLOYD,13,8,21
MARYORIE,13,8,21
ANABELLE,14,7,21
ANICIA,14,7,21
GLICERIO,14,7,21
JASON,14,7,21
JAYSON,14,7,21
ROGELINA,14,7,21
ROSMUNDA,14,7,21
ULPANIA,14,7,21
ABELIA,15,6,21
BALTASAR,15,6,21
DILBER,15,6,21
ELIBORIO,15,6,21
LOCADIA,15,6,21
OSWALD,15,6,21
RALPH,15,6,21
BIENBENIDO,16,5,21
CELFIDA,16,5,21
DALYS,16,5,21
DIOSA,16,5,21
LENARD,16,5,21
YANCI,16,5,21
ALWIN,17,4,21
DAYCI,17,4,21
EMER,17,4,21
LECY,17,4,21
RONIN,17,4,21
TIBERIO,17,4,21
TIODORA,17,4,21
VELMA,17,4,21
WAGNER,17,4,21
ZITA,17,4,21
ARVIN,18,3,21
BETHI,18,3,21
ILDER,18,3,21
KERWIN,18,3,21
NIBIA,18,3,21
QUEVIN,18,3,21
RULBER,18,3,21
YINY,18,3,21
YONIN,18,3,21
ANDIS,19,2,21
DENNI,19,2,21
DOUBLAS,19,2,21
ELKY,19,2,21
ESLYN,19,2,21
MAUXIMINO,19,2,21
MILGIA,19,2,21
BELGICA,20,1,21
DOLLY,20,1,21
ELQUIN,20,1,21
GELSON,20,1,21
GILLIAN,20,1,21
GROSBIN,20,1,21
GUENDI,20,1,21
JANCY,20,1,21
JEYDI,20,1,21
JUANY,20,1,21
MANDY,20,1,21
MARVEL,20,1,21
MERLE,20,1,21
MEYDI,20,1,21
NILDO,20,1,21
NORBIN,20,1,21
ONY,20,1,21
TOMMY,20,1,21
VISENTA,20,1,21
YIME,20,1,21
DUBIA,21,0,21
EDDYS,21,0,21
GELBER,21,0,21
HERLYN,21,0,21
KATHYA,21,0,21
LEILI,21,0,21
LIKZA,21,0,21
SARBELIO,21,0,21
CACIO,0,20,20
ELIZABHET,0,20,20
MILAXY,0,20,20
NONATO,0,20,20
ISABET,1,19,20
LLANET,1,19,20
BETZABETH,2,18,20
ELISABETT,2,18,20
GAMELIN,2,18,20
JEACKELINE,2,18,20
JEANNETE,2,18,20
LEZETH,2,18,20
LORETH,2,18,20
MELIZZA,2,18,20
BINICIO,3,17,20
DANICELA,3,17,20
DONARY,3,17,20
ENRRIQUES,3,17,20
GEOBANI,3,17,20
GRISELLE,3,17,20
JEZABEL,3,17,20
MANDINA,3,17,20
MARUBENY,3,17,20
SORAY,3,17,20
ADAIR,4,16,20
ARACELYS,4,16,20
ESTANLEY,4,16,20
GUICELA,4,16,20
MALENA,4,16,20
MARIA ISABEL,4,16,20
MARISELLA,4,16,20
MOREL,4,16,20
NILDIBETH,4,16,20
NOBERTO,4,16,20
SAULI,4,16,20
ANGUEL,5,15,20
ARISTIDIS,5,15,20
DINAEL,5,15,20
GISSELE,5,15,20
GOVANY,5,15,20
JAREL,5,15,20
ORIEL,5,15,20
SPENCER,5,15,20
SULINA,5,15,20
BERENA,6,14,20
LI,6,14,20
MARINELI,6,14,20
MITCHEL,6,14,20
SORIANO,6,14,20
MARITTZA,7,13,20
SELEDONIA,7,13,20
ALFREDIS,8,12,20
AVERCIO,8,12,20
CASTIDAD,8,12,20
DODANIM,8,12,20
LUDMILA,8,12,20
ORFELIA,8,12,20
OSIRES,8,12,20
ZENOBIA,8,12,20
AILIN,9,11,20
ALIDIA,9,11,20
ANAY,9,11,20
ARGENIA,9,11,20
CELENY,9,11,20
DENISA,9,11,20
EDALIA,9,11,20
ELBERTO,9,11,20
GRIPINA,9,11,20
ADISLAO,10,10,20
ANARGELIA,10,10,20
CENEIDA,10,10,20
DIODORA,10,10,20
EGIDIO,10,10,20
ESMERLIN,10,10,20
FLORIPE,10,10,20
MEREIDA,10,10,20
ROMALDO,10,10,20
TRIFINIA,10,10,20
EMILSE,11,9,20
GLORINDA,11,9,20
LAURENCE,11,9,20
LEBI,11,9,20
LIONSA,11,9,20
MILEXI,11,9,20
MIRTHALA,11,9,20
PIA,11,9,20
ALEYSI,12,8,20
ARMIDIA,12,8,20
AUSTREBERTA,12,8,20
AUSTREBERTO,12,8,20
DONAR,12,8,20
ELOYSA,12,8,20
EPAMINONDAS,12,8,20
EVANGELIA,12,8,20
FEDELINA,12,8,20
GERARDINO,12,8,20
JOVINO,12,8,20
MARIA MAGDALENA,12,8,20
SABI,12,8,20
ARMEN,13,7,20
ASHLEY,13,7,20
AUDREY,13,7,20
CASIANA,13,7,20
CERAPIA,13,7,20
CRISANTOS,13,7,20
DELYS,13,7,20
FANOR,13,7,20
GENOVELIO,13,7,20
GRAVIEL,13,7,20
KENT,13,7,20
MACRINA,13,7,20
NOLVERTA,13,7,20
ORBELINDO,13,7,20
BRUCE,14,6,20
CRISTOPHER,14,6,20
ELIER,14,6,20
HORBELINA,14,6,20
LOIS,14,6,20
LUPITA,14,6,20
PHILIP,14,6,20
REINER,14,6,20
SOL,14,6,20
ABENICIA,15,5,20
AUDI,15,5,20
CALISTO,15,5,20
DARY,15,5,20
HEMORGELIA,15,5,20
NINROD,15,5,20
ROSULA,15,5,20
DIMNA,16,4,20
DONI,16,4,20
GRABIELA,16,4,20
LEAH,16,4,20
LESI,16,4,20
RODNY,16,4,20
RUIZ,16,4,20
SEGISMUNDO,16,4,20
DERLY,17,3,20
EBERT,17,3,20
FERMANA,17,3,20
LENYS,17,3,20
NERIDA,17,3,20
DERICK,18,2,20
DEYNI,18,2,20
GELSY,18,2,20
HERADIA,18,2,20
INDRA,18,2,20
JARI,18,2,20
KEBIN,18,2,20
LEDIZ,18,2,20
MAUXIMO,18,2,20
MIGEL,18,2,20
PAULITA,18,2,20
ROLBIN,18,2,20
DERWIN,19,1,20
JARBIN,19,1,20
LOLY,19,1,20
MELZAR,19,1,20
MYRA,19,1,20
NEYRA,19,1,20
SAADIA,19,1,20
SANDI,19,1,20
SASKIA,19,1,20
SECIA,19,1,20
TAMMY,19,1,20
ANYI,20,0,20
CHERLY,20,0,20
DARSY,20,0,20
DAYSE,20,0,20
DESY,20,0,20
DURKY,20,0,20
EDDER,20,0,20
EDGUAR,20,0,20
EYLIN,20,0,20
LEDBIA,20,0,20
DE     JESUS,0,19,19
DE LA TRINIDAD,0,19,19
JAKELINNE,0,19,19
JEAKELINE,0,19,19
LOS SANTOS,0,19,19
MARIBELT,0,19,19
PATRISIA,0,19,19
ANTO,1,18,19
BOSCO,1,18,19
JAMILEHT,1,18,19
MERICI,1,18,19
MONTSERRAT,1,18,19
AZULEMA,2,17,19
BLANCA ROSA,2,17,19
DILENA,2,17,19
HIBETH,2,17,19
YAMARY,2,17,19
YANEY,2,17,19
ALTA GRACIA,3,16,19
AVAD,3,16,19
ELIZETTE,3,16,19
MABETH,3,16,19
MAHELI,3,16,19
MARBELLY,3,16,19
SADID,3,16,19
SONALI,3,16,19
YOSSELIN,3,16,19
YUBAN,3,16,19
ADELID,4,15,19
GUADALBERTO,4,15,19
JULIET,4,15,19
LOU,4,15,19
MARICELI,4,15,19
SUSET,4,15,19
YAMINA,4,15,19
ADMIRABLE,5,14,19
AHIDE,5,14,19
AUDINA,5,14,19
CONCEVIDA,5,14,19
NAVELY,5,14,19
ODALIZ,5,14,19
YANARY,5,14,19
YASIRA,5,14,19
BENHUR,6,13,19
DIANIRA,6,13,19
ELFIDIO,6,13,19
ELVEDA,6,13,19
GUALQUIRIA,6,13,19
NORBELY,6,13,19
YOVANNA,6,13,19
ANTON,7,12,19
ARODIS,7,12,19
ARTEMIA,7,12,19
CARSON,7,12,19
CELENA,7,12,19
DIOMARA,7,12,19
FLORINA,7,12,19
HERIBRANDO,7,12,19
HINGINIA,7,12,19
KRISTEL,7,12,19
LOHANA,7,12,19
NAMAN,7,12,19
NIEVEZ,7,12,19
ORACIA,7,12,19
SECILIA,7,12,19
SUZETTE,7,12,19
UZIEL,7,12,19
ADELFO,8,11,19
CELI,8,11,19
CORAZON,8,11,19
DENICE,8,11,19
ENOEL,8,11,19
INGRACIA,8,11,19
IRANIA,8,11,19
JESSEL,8,11,19
JOHNSON,8,11,19
SOE,8,11,19
VICTALIA,8,11,19
BENJASMIN,9,10,19
DESENIA,9,10,19
EDINORA,9,10,19
ELASIO,9,10,19
GUISSELA,9,10,19
ILDAURA,9,10,19
ISMALIA,9,10,19
MARIA LUISA,9,10,19
MILA,9,10,19
NATALIE,9,10,19
NAVIL,9,10,19
NEEMIAS,9,10,19
NEYIB,9,10,19
OVELIO,9,10,19
PIOQUINTA,9,10,19
VISMAR,9,10,19
ANUNCIO,10,9,19
HAIDA,10,9,19
JONES,10,9,19
MACRIN,10,9,19
MATILDA,10,9,19
MILDONIO,10,9,19
ADILMA,11,8,19
ALVARADO,11,8,19
ARLENI,11,8,19
ARSUBI,11,8,19
CRICELDA,11,8,19
ELACIO,11,8,19
MELQUICEDEC,11,8,19
MIXDALIA,11,8,19
ORSON,11,8,19
PERPETUO,11,8,19
ROMAIN,11,8,19
VITO,11,8,19
WESLEY,11,8,19
ZAUL,11,8,19
AILEEN,12,7,19
BERTOLDO,12,7,19
EDILVIA,12,7,19
EUSTASIO,12,7,19
EVANELIA,12,7,19
FIDELIO,12,7,19
FLOYD,12,7,19
JUSTIN,12,7,19
LUSINDA,12,7,19
PROTACIO,12,7,19
SEBERIANA,12,7,19
ATANAEL,13,6,19
CELITA,13,6,19
ESMENIA,13,6,19
EVELIS,13,6,19
LAUTERIA,13,6,19
MENELEO,13,6,19
MERIZ,13,6,19
NIEBES,13,6,19
CLOVIS,14,5,19
DIVA,14,5,19
ESTANLI,14,5,19
HERMEREGILDO,14,5,19
LOGAN,14,5,19
WILLMAN,14,5,19
BERTULIA,15,4,19
CALIXTRA,15,4,19
EDWARDS,15,4,19
ILDELFONSO,15,4,19
LORIS,15,4,19
LUDES,15,4,19
NEFI,15,4,19
NOLMY,15,4,19
URBINO,15,4,19
EBIN,16,3,19
JERY,16,3,19
JUVENDILIA,16,3,19
LEIVY,16,3,19
MARLING,16,3,19
REGULO,16,3,19
SILSA,16,3,19
BRENIS,17,2,19
DEMESIO,17,2,19
DEYVIS,17,2,19
EDMAR,17,2,19
GLEDYS,17,2,19
LEDVIN,17,2,19
LIZZIE,17,2,19
NORYS,17,2,19
YIMER,17,2,19
ASTRY,18,1,19
CRISTA,18,1,19
DENNIA,18,1,19
DEODORO,18,1,19
DEONILA,18,1,19
DOLVIN,18,1,19
ECAR,18,1,19
LAYDA,18,1,19
LERIDA,18,1,19
LETYS,18,1,19
LEYDIN,18,1,19
NESSY,18,1,19
NIXSON,18,1,19
CESIL,19,0,19
DERVIN,19,0,19
DIXIS,19,0,19
ELVYS,19,0,19
GESSY,19,0,19
GRECIA,19,0,19
GUEIBY,19,0,19
JIMMI,19,0,19
JIUBER,19,0,19
JIUVER,19,0,19
KARIS,19,0,19
LARY,19,0,19
LEYVIN,19,0,19
LURBYN,19,0,19
MITZI,19,0,19
NILZA,19,0,19
SEYLA,19,0,19
SIRA,19,0,19
SOILO,19,0,19
TERLY,19,0,19
YECICA,19,0,19
DE LA CARIDAD,0,18,18
DE LA CRUS,0,18,18
ELIZABERTH,0,18,18
GEHOVANY,0,18,18
H,0,18,18
ERVINDO,1,17,18
IBETT,1,17,18
MARILES,1,17,18
YOLIVET,1,17,18
YUDETH,1,17,18
ALEXEI,2,16,18
AMIR,2,16,18
CUSTODIO,2,16,18
JANEETH,2,16,18
NUEMY,2,16,18
YOSET,2,16,18
ABDALA,3,15,18
ARICEL,3,15,18
ARMAMDO,3,15,18
DAYANIRA,3,15,18
EBANGELISTA,3,15,18
GISCELA,3,15,18
JOSSETH,3,15,18
MADALY,3,15,18
MILANIA,3,15,18
MINELY,3,15,18
OFERTIN,3,15,18
VELIS,3,15,18
CARITINA,4,14,18
DONALI,4,14,18
IDALINA,4,14,18
MARESSA,4,14,18
MERCILA,4,14,18
NISAEL,4,14,18
ORELY,4,14,18
OSMERY,4,14,18
YARIXA,4,14,18
YASENI,4,14,18
YOANY,4,14,18
ALEXANDRE,5,13,18
ALMILCAR,5,13,18
ANABELLY,5,13,18
BERSELY,5,13,18
DAMIRA,5,13,18
DENNISE,5,13,18
EMISELA,5,13,18
ESTILIA,5,13,18
EZAU,5,13,18
FABRIZIO,5,13,18
GEORJINA,5,13,18
MERCED,5,13,18
NABELI,5,13,18
ONELI,5,13,18
ORESTE,5,13,18
SAMARY,5,13,18
ULMARO,5,13,18
YVETTE,5,13,18
ABADEZA,6,12,18
ADELIS,6,12,18
DANULFO,6,12,18
EDELMAN,6,12,18
GALINDO,6,12,18
HERNANDEZ,6,12,18
ISAHI,6,12,18
ISMELIA,6,12,18
JUVAL,6,12,18
LARIZZA,6,12,18
NORTIE,6,12,18
ABUNDIA,7,11,18
DALE,7,11,18
DIAMARIS,7,11,18
ESMELY,7,11,18
GEOMAR,7,11,18
ISILDA,7,11,18
ITZEL,7,11,18
IVAR,7,11,18
MANACES,7,11,18
MARIETTA,7,11,18
NICACIA,7,11,18
OBALDO,7,11,18
ORBELIA,7,11,18
ABADI,8,10,18
ALDENIDA,8,10,18
AMALDO,8,10,18
ANITO,8,10,18
BRISTELA,8,10,18
ENORIS,8,10,18
FLORIPES,8,10,18
JHONSON,8,10,18
MAYER,8,10,18
NELIDIO,8,10,18
NEPHTALI,8,10,18
OLANDO,8,10,18
RUD,8,10,18
WARREN,8,10,18
YING,8,10,18
ARTENIO,9,9,18
EDULIA,9,9,18
ELMINA,9,9,18
IDIANA,9,9,18
JOSEPHINE,9,9,18
PETRONIO,9,9,18
REYDILIO,9,9,18
RUPERT,9,9,18
SAMARA,9,9,18
TERECITA,9,9,18
ZALATIEL,9,9,18
ALDIFONSO,10,8,18
ANAN,10,8,18
BALTAZARA,10,8,18
BRENEDIN,10,8,18
DARNELL,10,8,18
EDILFONSO,10,8,18
EVEL,10,8,18
FALCONERY,10,8,18
JOVIN,10,8,18
KIRK,10,8,18
LELIZ,10,8,18
MING,10,8,18
NELL,10,8,18
NICOMEDEZ,10,8,18
OBERDAN,10,8,18
ARISTOTELES,11,7,18
ARLINE,11,7,18
COSMES,11,7,18
ELDIFONSA,11,7,18
ELFA,11,7,18
EMERENCIANA,11,7,18
ESPIRIDION,11,7,18
EVELNY,11,7,18
FERID,11,7,18
GALO,11,7,18
ROOSEVELT,11,7,18
RUSSELL,11,7,18
BRIDEL,12,6,18
DELMIR,12,6,18
EBANGELINA,12,6,18
EDITO,12,6,18
ERODITO,12,6,18
HELEM,12,6,18
JIL,12,6,18
OFRACIA,12,6,18
ORTILIA,12,6,18
PANTALION,12,6,18
RODULFO,12,6,18
SENOVIO,12,6,18
WALDETRUDIS,12,6,18
ARMELINDA,13,5,18
CLEMENCIO,13,5,18
PERRY,13,5,18
POLA,13,5,18
SUYAPITA,13,5,18
CEVERIANO,14,4,18
CRUCITA,14,4,18
ELCIA,14,4,18
GODOLFREDO,14,4,18
JUDA,14,4,18
JUNNIOR,14,4,18
LEIVI,14,4,18
LINCON,14,4,18
LUBY,14,4,18
NORBEL,14,4,18
RUBIN,14,4,18
AGNER,15,3,18
BEATA,15,3,18
CROSBY,15,3,18
EDMER,15,3,18
LURBY,15,3,18
NELIX,15,3,18
AVIS,16,2,18
BASILICIA,16,2,18
BELQUIZ,16,2,18
CHERRY,16,2,18
DANIE,16,2,18
DEIRA,16,2,18
ELMES,16,2,18
EMI,16,2,18
FRELYN,16,2,18
GLADYZ,16,2,18
KENI,16,2,18
KEYLI,16,2,18
LENCY,16,2,18
NERIA,16,2,18
NURI,16,2,18
OSBIN,16,2,18
ROSBEL,16,2,18
WENDYS,16,2,18
YARLIN,16,2,18
YOLI,16,2,18
ZUNY,16,2,18
BELMY,17,1,18
CELFA,17,1,18
CHEILA,17,1,18
DEINY,17,1,18
DELVER,17,1,18
DERMIN,17,1,18
DIONI,17,1,18
EDUAN,17,1,18
FILMA,17,1,18
MARIA GLORIA,17,1,18
MYNOR,17,1,18
SORIA,17,1,18
YAN,17,1,18
YINI,17,1,18
DASIA,18,0,18
DAYRA,18,0,18
EXON,18,0,18
GEMEY,18,0,18
IRBIN,18,0,18
IZLIA,18,0,18
JANIA,18,0,18
JSOE,18,0,18
KEYSI,18,0,18
MAUDY,18,0,18
NARCY,18,0,18
NEYSI,18,0,18
QUELIN,18,0,18
SEILA,18,0,18
SINTHYA,18,0,18
YENDY,18,0,18
ALBA DINA,0,17,17
BEL,0,17,17
BERTA LIDIA,0,17,17
ELSA MARINA,0,17,17
ROSA LIDIA,0,17,17
YAMITH,0,17,17
ARJENTINA,1,16,17
B,1,16,17
BETZABEL,1,16,17
DANEL,1,16,17
KARENINA,1,16,17
ORNOVIO,1,16,17
VALLARDO,1,16,17
ANTONIEL,2,15,17
ELENIN,2,15,17
EXIMANDA,2,15,17
LING,2,15,17
LISSETE,2,15,17
MADALENA,2,15,17
NOREYDA,2,15,17
ORELI,2,15,17
SARAID,2,15,17
YOMARA,2,15,17
ANADINA,3,14,17
ESPAËA,3,14,17
FARINA,3,14,17
FREDO,3,14,17
ILVEA,3,14,17
JALIL,3,14,17
LEN,3,14,17
RONAY,3,14,17
SCOTT,3,14,17
YDALIA,3,14,17
YONELY,3,14,17
ABIRAN,4,13,17
ADALINO,4,13,17
BENERABLE,4,13,17
DANESSA,4,13,17
ELICENA,4,13,17
ERNELINA,4,13,17
HANNA,4,13,17
IDALISIS,4,13,17
LEOVARDO,4,13,17
LEVITH,4,13,17
LICED,4,13,17
MARLETH,4,13,17
ODILSON,4,13,17
STIVEN,4,13,17
UMBELINA,4,13,17
YORLANY,4,13,17
YUVINE,4,13,17
ABENICIO,5,12,17
ADRIEL,5,12,17
ANELY,5,12,17
ARISTARCO,5,12,17
BARBARO,5,12,17
DAYANI,5,12,17
GALATEA,5,12,17
LINORA,5,12,17
MARGARETH,5,12,17
OLID,5,12,17
ROSSANY,5,12,17
SELINDA,5,12,17
YANILA,5,12,17
AGRESIO,6,11,17
ARSIDES,6,11,17
ELICENIA,6,11,17
EVACIO,6,11,17
EVANJELISTA,6,11,17
ISNELDA,6,11,17
JEANINE,6,11,17
LIBERTO,6,11,17
LISENIA,6,11,17
LORETTA,6,11,17
MARCELY,6,11,17
MILAY,6,11,17
RUDERIS,6,11,17
BRUMILDA,7,10,17
CELAURA,7,10,17
DANILIA,7,10,17
EDICTO,7,10,17
ELECTICIA,7,10,17
ELIASER,7,10,17
ENGRACIO,7,10,17
ESLINDA,7,10,17
EVANGELICA,7,10,17
EXPEDICTO,7,10,17
ISILIA,7,10,17
IXOLINA,7,10,17
JANELLE,7,10,17
JANORY,7,10,17
LOANI,7,10,17
MARIDEL,7,10,17
MARINEL,7,10,17
MAYTEE,7,10,17
NORELIA,7,10,17
ONASSIS,7,10,17
PABEL,7,10,17
ROBERTY,7,10,17
RUFILIO,7,10,17
ALEMAN,8,9,17
CALISTRA,8,9,17
CELEDON,8,9,17
EDELMO,8,9,17
ELCIRA,8,9,17
EXELENIA,8,9,17
ISENIA,8,9,17
JAZMINA,8,9,17
KELITA,8,9,17
MELITO,8,9,17
ROCSANA,8,9,17
VACILIA,8,9,17
WLADIMIRO,8,9,17
ANACELIA,9,8,17
CLYDE,9,8,17
ELIC,9,8,17
ELOI,9,8,17
EVANDRO,9,8,17
HORALIO,9,8,17
HOSMAR,9,8,17
IRAIDA,9,8,17
ORALIS,9,8,17
OWALDO,9,8,17
PIERRE,9,8,17
TEREZO,9,8,17
UFEMIA,9,8,17
ADANELIA,10,7,17
BRIDIS,10,7,17
CARMELIA,10,7,17
CELENEA,10,7,17
CONCEPSION,10,7,17
EMERIDA,10,7,17
FLORENTIN,10,7,17
FREDERMAN,10,7,17
HERMOSINDA,10,7,17
HONORATA,10,7,17
JUAN FRANCISCO,10,7,17
MELGAR,10,7,17
REYEZ,10,7,17
ROZA,10,7,17
WILLIS,10,7,17
BALDOMERA,11,6,17
BETO,11,6,17
BRANDY,11,6,17
CITA,11,6,17
CRISTIN,11,6,17
ERNELIA,11,6,17
FRESVINDO,11,6,17
GENOVEVO,11,6,17
HONORINA,11,6,17
IPOLITA,11,6,17
UVALDA,11,6,17
VELARMINO,11,6,17
ACISCLO,12,5,17
ANVAR,12,5,17
CLAY,12,5,17
DEMECIA,12,5,17
DIMA,12,5,17
DOLIA,12,5,17
ENOES,12,5,17
ESGAR,12,5,17
EUJENIO,12,5,17
ILDO,12,5,17
ILIA,12,5,17
ISACIO,12,5,17
LAISLAO,12,5,17
LIONZA,12,5,17
ROSARIA,12,5,17
WILFRED,12,5,17
WUILZON,12,5,17
ALIZ,13,4,17
BERNARD,13,4,17
BICENTE,13,4,17
DELVI,13,4,17
DEMECIO,13,4,17
ELVIO,13,4,17
HARLEY,13,4,17
MAMERTA,13,4,17
MARGINA,13,4,17
PRIMA,13,4,17
SILBINA,13,4,17
AMINA,14,3,17
CLEVELAND,14,3,17
DAYLIN,14,3,17
DILIAM,14,3,17
EDMA,14,3,17
ELSITA,14,3,17
ESMI,14,3,17
EUSTALIA,14,3,17
ITURBIDES,14,3,17
NELBY,14,3,17
RITHA,14,3,17
RODYS,14,3,17
RUTBEL,14,3,17
TROY,14,3,17
UGO,14,3,17
VELQUIS,14,3,17
WILLSON,14,3,17
ZOTERO,14,3,17
BETIN,15,2,17
DELCIN,15,2,17
DILMAN,15,2,17
DUL,15,2,17
EYVI,15,2,17
FRANKLIM,15,2,17
HELIBERTA,15,2,17
JONYS,15,2,17
JUAN DE LA CRUZ,15,2,17
NICIA,15,2,17
RUMILIO,15,2,17
SADIS,15,2,17
SIRO,15,2,17
BENNY,16,1,17
DANNIS,16,1,17
DENSY,16,1,17
DERYS,16,1,17
DEYBIS,16,1,17
DUNY,16,1,17
FABRICIANO,16,1,17
LEISLY,16,1,17
MALCO,16,1,17
MAYCOL,16,1,17
NAIRA,16,1,17
NEIDY,16,1,17
NIDYA,16,1,17
NUZLY,16,1,17
RICHER,16,1,17
ROSALIDIA,16,1,17
SAMMY,16,1,17
SIDIAN,16,1,17
SIU,16,1,17
SOLVIN,16,1,17
SUSIE,16,1,17
VELKY,16,1,17
ARY,17,0,17
ERSOL,17,0,17
GELVIS,17,0,17
HILSIA,17,0,17
ILMER,17,0,17
JILDA,17,0,17
JUNNY,17,0,17
MA.CONCEPCION,17,0,17
MAURY,17,0,17
MILVA,17,0,17
NADYA,17,0,17
NENSY,17,0,17
NOVIS,17,0,17
OSLI,17,0,17
SARVIA,17,0,17
WELMER,17,0,17
WINNIE,17,0,17
YENMY,17,0,17
DE DOLORES,0,16,16
DE LAS NIEVES,0,16,16
DE MERCEDES,0,16,16
DE PAUL,0,16,16
DEL ROCIO,0,16,16
DELA CRUZ,0,16,16
JULIO CESAR,0,16,16
MABELY,0,16,16
MARIA SUYAPA,0,16,16
MAYANIN,0,16,16
NOMBRE DE JESUS,0,16,16
SAMAI,0,16,16
YACENY,0,16,16
ALVA LUZ,1,15,16
DINORATH,1,15,16
JESABEL,1,15,16
JULIBETH,1,15,16
LICEP,1,15,16
NATHANIEL,1,15,16
WALLESKA,1,15,16
YANUARY,1,15,16
GRISSELA,2,14,16
IBON,2,14,16
JEMINA,2,14,16
MARCONY,2,14,16
MARINET,2,14,16
RENERY,2,14,16
STEVENS,2,14,16
YONEY,2,14,16
BALOY,3,13,16
BENAVIDES,3,13,16
DALISAY,3,13,16
DORALI,3,13,16
JOLANY,3,13,16
SINOE,3,13,16
YAKELY,3,13,16
YOLENY,3,13,16
ARISTEDES,4,12,16
DIANE,4,12,16
DOLOREZ,4,12,16
EMID,4,12,16
GESENIA,4,12,16
JANIN,4,12,16
KARITZA,4,12,16
MIDENCE,4,12,16
MURPHY,4,12,16
ORELIA,4,12,16
RANDU,4,12,16
WENDALY,4,12,16
YALILA,4,12,16
ABIGAHIL,5,11,16
BIANNEY,5,11,16
CHANTAL,5,11,16
EXIDES,5,11,16
GUDIEL,5,11,16
JHOEL,5,11,16
JIMINSON,5,11,16
LEONARDI,5,11,16
LIDENIS,5,11,16
MARILUTH,5,11,16
MELICIA,5,11,16
MITCHELL,5,11,16
NATANIEL,5,11,16
NAU,5,11,16
ONIDIA,5,11,16
YEN,5,11,16
YOVANINA,5,11,16
ADILENIA,6,10,16
ANDRONICO,6,10,16
ARELIA,6,10,16
BALOIS,6,10,16
BANGELA,6,10,16
BELARMINIO,6,10,16
BIGDONIO,6,10,16
CECIBEL,6,10,16
DANESY,6,10,16
DONELSY,6,10,16
ELISENDA,6,10,16
EMINDA,6,10,16
FELIPE DE JESUS,6,10,16
FRANCELY,6,10,16
HEMERITA,6,10,16
HENOCH,6,10,16
IRMINA,6,10,16
MAITE,6,10,16
MAURICE,6,10,16
OFIR,6,10,16
OSNAN,6,10,16
RACAEL,6,10,16
WIDAD,6,10,16
ALESSANDRO,7,9,16
ALMIRA,7,9,16
ARISTIRES,7,9,16
CONSEBIDA,7,9,16
ELISAMA,7,9,16
ERMINDO,7,9,16
ESTELLA,7,9,16
FLAMINIO,7,9,16
ISMAELA,7,9,16
LUZMILDA,7,9,16
MAIELA,7,9,16
MARLEEN,7,9,16
MICDALIA,7,9,16
MISAHEL,7,9,16
ROSMERIS,7,9,16
BELIO,8,8,16
CARDENIO,8,8,16
CERAFINA,8,8,16
DANUARIO,8,8,16
DODAMIN,8,8,16
DOLINA,8,8,16
ELIMELEC,8,8,16
EXIVIA,8,8,16
GREY,8,8,16
JOBITO,8,8,16
ONELIS,8,8,16
PERPETUA,8,8,16
QUIRINA,8,8,16
RAIN,8,8,16
RIQUILDA,8,8,16
RODEMEL,8,8,16
ROSELA,8,8,16
SEVASTIANA,8,8,16
TELBINA,8,8,16
TINA,8,8,16
UMERCINDO,8,8,16
VAN,8,8,16
VICENTINA,8,8,16
WALKIDIA,8,8,16
ALCADIA,9,7,16
ALVANIA,9,7,16
AMELDA,9,7,16
BERTALIDIA,9,7,16
BLANDINA,9,7,16
CAROLIN,9,7,16
ELIOVER,9,7,16
KAMAL,9,7,16
LUSILA,9,7,16
OSMALDO,9,7,16
ROJELIA,9,7,16
SEVERINO,9,7,16
SHELDON,9,7,16
AURELINA,10,6,16
DUMAS,10,6,16
EDICT,10,6,16
ERMILDO,10,6,16
GEORGIA,10,6,16
HENDRY,10,6,16
HERMILA,10,6,16
ILLICH,10,6,16
LEONGINO,10,6,16
LEONY,10,6,16
MELI,10,6,16
MERTILA,10,6,16
RYAN,10,6,16
VIDALINO,10,6,16
WALDITRUDIS,10,6,16
ALES,11,5,16
BERTALI,11,5,16
CIRCUNCICION,11,5,16
DIONELSI,11,5,16
ELIAN,11,5,16
ELMOR,11,5,16
FROILANA,11,5,16
HAYLIN,11,5,16
HERMILIO,11,5,16
LAURENCIO,11,5,16
MACLOBIA,11,5,16
MARTY,11,5,16
MILTO,11,5,16
SHERMAN,11,5,16
ASCELA,12,4,16
CELIS,12,4,16
COSMEN,12,4,16
DELMIZ,12,4,16
FINDO,12,4,16
GRETHEL,12,4,16
LESIS,12,4,16
LIDYS,12,4,16
LOT,12,4,16
MARIA ANTONIA,12,4,16
NEOMICIA,12,4,16
RIGOVERTO,12,4,16
VERTILIO,12,4,16
YRMA,12,4,16
AUSBERTA,13,3,16
BELMIS,13,3,16
BRISELDO,13,3,16
ERUBIN,13,3,16
GOLDY,13,3,16
HENRIS,13,3,16
HERMOCINDA,13,3,16
HEYDEE,13,3,16
LIANDRO,13,3,16
LIDES,13,3,16
LUPAREO,13,3,16
MAURIN,13,3,16
MELODY,13,3,16
MILKA,13,3,16
NETY,13,3,16
RANDAL,13,3,16
REINARDA,13,3,16
SARVELIO,13,3,16
SILVER,13,3,16
WEI,13,3,16
YSMAEL,13,3,16
CATIA,14,2,16
DOLY,14,2,16
ELBI,14,2,16
ELEO,14,2,16
ELIZ,14,2,16
ELVIZ,14,2,16
ELYS,14,2,16
EVY,14,2,16
GRENDA,14,2,16
GUILMAN,14,2,16
HANK,14,2,16
LIMBERG,14,2,16
LIONCIO,14,2,16
LUDWIG,14,2,16
MELQUIS,14,2,16
MINOR,14,2,16
NENA,14,2,16
NERCY,14,2,16
OLMES,14,2,16
ROSSI,14,2,16
SELFA,14,2,16
SENY,14,2,16
TONIS,14,2,16
URIS,14,2,16
DARMIN,15,1,16
DELVIA,15,1,16
EDMOND,15,1,16
ELMAR,15,1,16
HELMAN,15,1,16
HERLING,15,1,16
HERLY,15,1,16
JELSON,15,1,16
LEIVIS,15,1,16
MARGA,15,1,16
MARMIN,15,1,16
MIRMA,15,1,16
MIXA,15,1,16
NEVIN,15,1,16
RELIDE,15,1,16
RENZO,15,1,16
RHINA,15,1,16
ROSUL,15,1,16
SELMAN,15,1,16
SONNY,15,1,16
ULBIA,15,1,16
YULIA,15,1,16
BIRNA,16,0,16
DAYSSY,16,0,16
EYDY,16,0,16
FARA,16,0,16
GIPSY,16,0,16
HOSCAR,16,0,16
JENMY,16,0,16
JHENY,16,0,16
JOCE,16,0,16
JULVIA,16,0,16
JURY,16,0,16
LIGDA,16,0,16
NANSI,16,0,16
NAVIA,16,0,16
NAYRA,16,0,16
NELLIE,16,0,16
NEPTY,16,0,16
TESSA,16,0,16
TONIA,16,0,16
WILKIN,16,0,16
ZEILA,16,0,16
DIGNA EMERITA,0,15,15
JAVIERA,0,15,15
LIDABETH,0,15,15
LIDETH,0,15,15
ROSA DE JESUS,0,15,15
SANTOS ISABEL,0,15,15
YANNETTE,0,15,15
YULETH,0,15,15
DOLINE,1,14,15
ELIZABEH,1,14,15
IZAAC,1,14,15
IZABETH,1,14,15
JAQUELI,1,14,15
JEANNETTH,1,14,15
LINNETH,1,14,15
LYN,1,14,15
ODELIN,1,14,15
YOLIVETT,1,14,15
AIME,2,13,15
AMAEL,2,13,15
BERTONI,2,13,15
CONCEPION,2,13,15
DARIEL,2,13,15
IDAIL,2,13,15
JACKELINA,2,13,15
KARELY,2,13,15
LIDIBETH,2,13,15
LYLI,2,13,15
MACIEL,2,13,15
MAILY,2,13,15
ODUVER,2,13,15
ROSSINA,2,13,15
YALID,2,13,15
YOLANYS,2,13,15
ALCALA,3,12,15
ARACEL,3,12,15
CIOMARA,3,12,15
DIAMAR,3,12,15
ESMILA,3,12,15
FRANSUA,3,12,15
GUIOVANY,3,12,15
HIBAN,3,12,15
JONEL,3,12,15
KARLINA,3,12,15
MAN,3,12,15
MILOVAN,3,12,15
OBET,3,12,15
RUVI,3,12,15
SUCELINA,3,12,15
YANOLY,3,12,15
YOAN,3,12,15
YUDIT,3,12,15
ZULEYDA,3,12,15
AMARILYS,4,11,15
AZUNCION,4,11,15
ELIDER,4,11,15
ENOCK,4,11,15
FINLANDER,4,11,15
ISSEL,4,11,15
IZAI,4,11,15
JAVIR,4,11,15
JOSSELYN,4,11,15
LEOBIGILDO,4,11,15
MADELY,4,11,15
MARIA ELENA,4,11,15
ODAIL,4,11,15
ORLENIS,4,11,15
ROSALIN,4,11,15
ABIHAIL,5,10,15
ANUBIS,5,10,15
BRIGITTE,5,10,15
COMSEPCION,5,10,15
DENICIA,5,10,15
JOSELI,5,10,15
LARIXA,5,10,15
NOHELI,5,10,15
NUNILA,5,10,15
RANCES,5,10,15
UBERTO,5,10,15
VERONICO,5,10,15
YOHELY,5,10,15
YOLANNY,5,10,15
ZOCORRO,5,10,15
ALBERTICO,6,9,15
ANELIA,6,9,15
ARMILDO,6,9,15
AUDOCIA,6,9,15
BENILDE,6,9,15
ESMERY,6,9,15
IDELINA,6,9,15
INOSENCIA,6,9,15
JUAN CARLOS,6,9,15
LAWRENCE,6,9,15
LETYCIA,6,9,15
LIDER,6,9,15
LUPA,6,9,15
MARENA,6,9,15
OBELINDA,6,9,15
ONIAS,6,9,15
RENIER,6,9,15
ROXANI,6,9,15
SESARIA,6,9,15
SULEIDA,6,9,15
WADI,6,9,15
WELLINGTON,6,9,15
YOLANDO,6,9,15
ALBERCIO,7,8,15
BIATRIZ,7,8,15
ESTERIA,7,8,15
ETELIA,7,8,15
EUFRASIA,7,8,15
FLORICEL,7,8,15
HENOC,7,8,15
HERMIDIA,7,8,15
HILBERTO,7,8,15
IDELIA,7,8,15
JAMAL,7,8,15
LEONE,7,8,15
MANFRED,7,8,15
OBELINA,7,8,15
SUNCION,7,8,15
SUREYA,7,8,15
ULISIS,7,8,15
UWALDO,7,8,15
VIVINA,7,8,15
YALI,7,8,15
YANIRIS,7,8,15
AMINADAD,8,7,15
ANADELIA,8,7,15
CONSEVIDA,8,7,15
EGDOMILIO,8,7,15
ENELDO,8,7,15
ESNELDA,8,7,15
GRIZELDA,8,7,15
HUGH,8,7,15
JULIEN,8,7,15
MARROQUIN,8,7,15
MARVELLA,8,7,15
MAYA,8,7,15
MILEXY,8,7,15
ROSALYN,8,7,15
ROSELYN,8,7,15
RUTBELIA,8,7,15
SEBERA,8,7,15
SELITA,8,7,15
TONILA,8,7,15
ALECIO,9,6,15
ALVADINA,9,6,15
ARNAN,9,6,15
BACILIZA,9,6,15
CASTRO,9,6,15
ENEAS,9,6,15
ENELIO,9,6,15
EUJENIA,9,6,15
FLORICIA,9,6,15
FREDERICK,9,6,15
GWENDOLYN,9,6,15
HERMILDA,9,6,15
HILIBERTO,9,6,15
ILUMINADA,9,6,15
JOANNE,9,6,15
JUDAS,9,6,15
LIBORIA,9,6,15
MARIA ROSA,9,6,15
MARTIRE,9,6,15
MERLINDA,9,6,15
MUNIR,9,6,15
OCDULIA,9,6,15
OLSEN,9,6,15
OSWALDA,9,6,15
REMIJIO,9,6,15
ROBERTINO,9,6,15
TORIVIO,9,6,15
TURIANO,9,6,15
ZADICK,9,6,15
CILAS,10,5,15
COSTANTINO,10,5,15
DICCIANA,10,5,15
DILIANA,10,5,15
ELIVEN,10,5,15
EMILTON,10,5,15
JESE,10,5,15
JOSHUA,10,5,15
LINDAURA,10,5,15
LUSIA,10,5,15
MARIA DE LA LUZ,10,5,15
MARILINDA,10,5,15
NATHALIE,10,5,15
NIRIA,10,5,15
NORVELINA,10,5,15
REYNERIA,10,5,15
SELVY,10,5,15
ABDY,11,4,15
ADILA,11,4,15
APOLIGENO,11,4,15
BEN,11,4,15
BIRGILIA,11,4,15
BITELIA,11,4,15
DARLON,11,4,15
DORIN,11,4,15
EUFENIA,11,4,15
EZEQUIAS,11,4,15
HERCULIANO,11,4,15
HERMENCIA,11,4,15
HERMOCINIA,11,4,15
IRIA,11,4,15
JACKLYN,11,4,15
LADISLADO,11,4,15
MAUXIMINA,11,4,15
NORMELINA,11,4,15
OVER,11,4,15
RODI,11,4,15
RUVIA,11,4,15
TOLENTINA,11,4,15
VALVINA,11,4,15
WALMER,11,4,15
WILSSON,11,4,15
ALIA,12,3,15
ARLO,12,3,15
CELZO,12,3,15
DAYSSI,12,3,15
ERMI,12,3,15
EVEN,12,3,15
FLORISELBA,12,3,15
FREDRICK,12,3,15
HARLAN,12,3,15
HENRRIS,12,3,15
HERIS,12,3,15
KERY,12,3,15
LEDYN,12,3,15
MARION,12,3,15
MELYN,12,3,15
ROSADEL,12,3,15
SELVA,12,3,15
TIODOSA,12,3,15
WALNER,12,3,15
WILTER,12,3,15
YARY,12,3,15
YOLISMA,12,3,15
ADDIS,13,2,15
ARLEM,13,2,15
BENY,13,2,15
CILVIA,13,2,15
DAX,13,2,15
EDALINA,13,2,15
ERMAS,13,2,15
ESLA,13,2,15
EXI,13,2,15
FRESIA,13,2,15
GAMAL,13,2,15
HERBIN,13,2,15
HERWIN,13,2,15
IRZA,13,2,15
ISMA,13,2,15
JANIER,13,2,15
MERLEN,13,2,15
NELBI,13,2,15
NUMAN,13,2,15
PRISILIANO,13,2,15
SISTA,13,2,15
THELMO,13,2,15
UMERCINDA,13,2,15
ALLAM,14,1,15
ALLYSON,14,1,15
ANIS,14,1,15
ARLA,14,1,15
CARIS,14,1,15
CIDIA,14,1,15
CLARIS,14,1,15
DALVIN,14,1,15
DARWUIN,14,1,15
DELSIN,14,1,15
ELFY,14,1,15
ERLES,14,1,15
GELYN,14,1,15
GESSICA,14,1,15
GLENIN,14,1,15
GLIRIAN,14,1,15
GUILBER,14,1,15
GUILSON,14,1,15
HAIRO,14,1,15
HARLY,14,1,15
JELEN,14,1,15
KELBIN,14,1,15
LEIBI,14,1,15
LETIZ,14,1,15
MELKIS,14,1,15
MILGIAM,14,1,15
NEIRA,14,1,15
OLMEN,14,1,15
ROSADINA,14,1,15
TELHMA,14,1,15
THIRZA,14,1,15
WENDEL,14,1,15
WILQUIN,14,1,15
WUENCESLAO,14,1,15
YARI,14,1,15
YESLY,14,1,15
CATHY,15,0,15
CEIDY,15,0,15
CHEYLA,15,0,15
DELBY,15,0,15
DEYLA,15,0,15
DUSTIN,15,0,15
EDDUIN,15,0,15
EDRA,15,0,15
EDUWIN,15,0,15
EYBIS,15,0,15
FLORI,15,0,15
GRAZIA,15,0,15
HOLVIN,15,0,15
IXA,15,0,15
JAIDY,15,0,15
JEYDY,15,0,15
JOHONY,15,0,15
KIRIAN,15,0,15
LEYBIN,15,0,15
LUBIS,15,0,15
MALBIN,15,0,15
NILMA,15,0,15
ONNY,15,0,15
PASCACIO,15,0,15
YEMI,15,0,15
YENYS,15,0,15
BORROMEO,0,14,14
CORSINO,0,14,14
DE CONCEPCION,0,14,14
DE LUZ,0,14,14
DE PAZ,0,14,14
IBETTE,0,14,14
JOSSELY,0,14,14
LIZCETH,0,14,14
LIZETE,0,14,14
LUIS ALONZO,0,14,14
MARIETH,0,14,14
OLGA MARINA,0,14,14
SANTOS INOCENTE,0,14,14
ARABEL,1,13,14
CLARET,1,13,14
CRISEL,1,13,14
DINOSCA,1,13,14
JANNETHE,1,13,14
JOBANI,1,13,14
NABELY,1,13,14
YACENI,1,13,14
YANNET,1,13,14
YOBAN,1,13,14
CLAUDETT,2,12,14
DEEN,2,12,14
ELEDIN,2,12,14
IDALDO,2,12,14
JOSIEL,2,12,14
MADALI,2,12,14
MARIELI,2,12,14
MAYEL,2,12,14
SOLINA,2,12,14
SONALY,2,12,14
SULEY,2,12,14
YANEETH,2,12,14
YANELLY,2,12,14
ALFONCINA,3,11,14
BEATRICE,3,11,14
CHRISTINA,3,11,14
DANELLY,3,11,14
DENNISSE,3,11,14
ELINORA,3,11,14
EXELI,3,11,14
JOVIEL,3,11,14
LINETTE,3,11,14
LUATANY,3,11,14
MARILUT,3,11,14
OKELI,3,11,14
SAI,3,11,14
YAKELINA,3,11,14
ALESTER,4,10,14
AMALEX,4,10,14
ANPARO,4,10,14
AVIDIO,4,10,14
DIMITRI,4,10,14
ELEANOR,4,10,14
EMELIN,4,10,14
ERODES,4,10,14
ESMELING,4,10,14
ESTEFANI,4,10,14
EUFROSINA,4,10,14
FABRIZZIO,4,10,14
GIOMARA,4,10,14
GRICELIA,4,10,14
IDALY,4,10,14
INDULFO,4,10,14
JOAO,4,10,14
JOCABED,4,10,14
LENORA,4,10,14
MARCELL,4,10,14
ROCAEL,4,10,14
SUHAIL,4,10,14
VIATRIZ,4,10,14
VINICIA,4,10,14
YARINO,4,10,14
ADELSON,5,9,14
AGILIO,5,9,14
ALETICIA,5,9,14
ANAMEY,5,9,14
ANGELIA,5,9,14
ANNETT,5,9,14
AYME,5,9,14
BIRMANIA,5,9,14
DONAIN,5,9,14
EBERARDO,5,9,14
EDELSY,5,9,14
ELDUVIN,5,9,14
ELISEA,5,9,14
ESTEFAN,5,9,14
HOOVER,5,9,14
INMACULADA,5,9,14
IZAEL,5,9,14
LULU,5,9,14
MARDALY,5,9,14
MARYSOL,5,9,14
MAURILIO,5,9,14
MILIANO,5,9,14
NOEE,5,9,14
SAVIER,5,9,14
ARCADOLINA,6,8,14
ARGEDIA,6,8,14
CHARLOTTE,6,8,14
DIONELCY,6,8,14
EDILSA,6,8,14
EMELISA,6,8,14
HONEIDA,6,8,14
IDAN,6,8,14
LONGINA,6,8,14
MADELEINE,6,8,14
NEL,6,8,14
NOSMARA,6,8,14
OBEIDA,6,8,14
ODALMY,6,8,14
PACIFICO,6,8,14
PASABIEN,6,8,14
YOHANI,6,8,14
ADIGNA,7,7,14
ARGENY,7,7,14
ARISTINA,7,7,14
BIDALINA,7,7,14
CIRCUNCISION,7,7,14
DALBA,7,7,14
DIOLANDA,7,7,14
DONAYDA,7,7,14
DONILO,7,7,14
ELIZARDO,7,7,14
ELLIOT,7,7,14
EMICELA,7,7,14
ERMICELDA,7,7,14
ESMERALDO,7,7,14
ESTANIS,7,7,14
ETELVA,7,7,14
JORDAN,7,7,14
LADISLADA,7,7,14
LILIARDO,7,7,14
MARIA GUADALUPE,7,7,14
MONIQUE,7,7,14
ONORATO,7,7,14
PERSEBERANDA,7,7,14
RUBELINDA,7,7,14
RUVIDIA,7,7,14
SELENY,7,7,14
SEMIR,7,7,14
VALENCIA,7,7,14
YALY,7,7,14
YONARI,7,7,14
YUMILA,7,7,14
ANADEL,8,6,14
ANDREY,8,6,14
BICTORIA,8,6,14
BRICELDO,8,6,14
CELYN,8,6,14
CRISMILDA,8,6,14
DESMOND,8,6,14
DICCIA,8,6,14
DONARIS,8,6,14
ELEXIS,8,6,14
ELIONAY,8,6,14
GETRUDES,8,6,14
HABRAHAN,8,6,14
KETTY,8,6,14
LUANA,8,6,14
LUGERIO,8,6,14
MILEIDA,8,6,14
NOVELIA,8,6,14
ORIANA,8,6,14
ROSEMERY,8,6,14
ROSMINDA,8,6,14
THOMASA,8,6,14
TRIFINIO,8,6,14
VENIGNO,8,6,14
YANKEL,8,6,14
ADALINDO,9,5,14
ARIN,9,5,14
CENOBIA,9,5,14
EGIDIA,9,5,14
ELIBRANDO,9,5,14
EPIFANEO,9,5,14
ERCINDA,9,5,14
ERMIDIA,9,5,14
ERMILIA,9,5,14
ERMITA,9,5,14
ESAUL,9,5,14
FRANCINE,9,5,14
GLISELDA,9,5,14
HARDY,9,5,14
HERNA,9,5,14
HILIANA,9,5,14
IRAYDA,9,5,14
KEITH,9,5,14
LANDELINO,9,5,14
LEXIS,9,5,14
MAYLEN,9,5,14
MENELIA,9,5,14
OBDILIA,9,5,14
ONAS,9,5,14
RANDOL,9,5,14
SUSANO,9,5,14
TAUFIC,9,5,14
TRIGIDIA,9,5,14
VERNARDA,9,5,14
ADELSY,10,4,14
DONATA,10,4,14
ERACLITO,10,4,14
ERMENCIA,10,4,14
JILL,10,4,14
LIDY,10,4,14
MOYSES,10,4,14
NECTY,10,4,14
NEOMISIA,10,4,14
NOA,10,4,14
OLIMPIO,10,4,14
ROBUSTINO,10,4,14
RUMILIA,10,4,14
BACILICIA,11,3,14
BIVIANO,11,3,14
CHARLY,11,3,14
DANTE,11,3,14
DEBIS,11,3,14
DORALINDA,11,3,14
DULAR,11,3,14
EDMIN,11,3,14
ELIDO,11,3,14
ELSITO,11,3,14
FRANCE,11,3,14
FRANCSICO,11,3,14
FREDYN,11,3,14
JEANNE,11,3,14
JENCY,11,3,14
JENE,11,3,14
LEYBIS,11,3,14
NEVIS,11,3,14
SADIE,11,3,14
SANDOR,11,3,14
SIRIS,11,3,14
SITA,11,3,14
VIGILIA,11,3,14
ABDI,12,2,14
ABY,12,2,14
ALANS,12,2,14
AUDIN,12,2,14
DALTON,12,2,14
DELBER,12,2,14
ERLE,12,2,14
FREDESMINDA,12,2,14
HANSEL,12,2,14
HERIN,12,2,14
HERLIS,12,2,14
JANSY,12,2,14
LUDI,12,2,14
MILCIA,12,2,14
NAZAREO,12,2,14
NELBIS,12,2,14
NICK,12,2,14
NILSO,12,2,14
NOLA,12,2,14
TERLA,12,2,14
WILBUR,12,2,14
ZURY,12,2,14
ADYS,13,1,14
AURIA,13,1,14
BERLYN,13,1,14
DEBLIN,13,1,14
DELMYN,13,1,14
ENDY,13,1,14
ENOIDA,13,1,14
ERLYS,13,1,14
ESBIN,13,1,14
HILMER,13,1,14
INGRITH,13,1,14
JAIMEN,13,1,14
JEANIE,13,1,14
JENRI,13,1,14
KATERIN,13,1,14
KEIRA,13,1,14
KEN,13,1,14
LUVIAN,13,1,14
MELSY,13,1,14
NALDO,13,1,14
NAYO,13,1,14
NELMA,13,1,14
NORLY,13,1,14
NUSLI,13,1,14
OLDA,13,1,14
RUBERCINDA,13,1,14
SAILY,13,1,14
SIONY,13,1,14
TOMASITA,13,1,14
VIELKA,13,1,14
VIVIEN,13,1,14
WILGEN,13,1,14
XOCHITL,13,1,14
BESSER,14,0,14
CENDY,14,0,14
CEYDA,14,0,14
DANNA,14,0,14
DELKIS,14,0,14
DEMNIS,14,0,14
DEYBIN,14,0,14
EBERTH,14,0,14
ELICA,14,0,14
ENZO,14,0,14
GENER,14,0,14
GENI,14,0,14
HARBIN,14,0,14
HELYN,14,0,14
HEYBI,14,0,14
JAYRON,14,0,14
JEMY,14,0,14
JOHNNIE,14,0,14
JOSE DE LOS,14,0,14
JOSSY,14,0,14
KAREEN,14,0,14
LEDVI,14,0,14
LUDYN,14,0,14
MAREANA,14,0,14
MARIANITA,14,0,14
MEIRA,14,0,14
MEYRA,14,0,14
NELBIA,14,0,14
NELDIN,14,0,14
ONRY,14,0,14
QUEBIN,14,0,14
ROSAMELIA,14,0,14
SEILY,14,0,14
SELMIN,14,0,14
SERLIN,14,0,14
SHERYL,14,0,14
SOR,14,0,14
YERIN,14,0,14
ARECELY,0,13,13
CALASAN,0,13,13
DE LACRUZ,0,13,13
DE ROSARIO,0,13,13
DELCARMEN,0,13,13
EBRINETH,0,13,13
ENRIGUE,0,13,13
JAMILETT,0,13,13
JANETE,0,13,13
JEANETE,0,13,13
LUZ ARGENTINA,0,13,13
MARTA LIDIA,0,13,13
MASIEL,0,13,13
NOMBRE,0,13,13
NOMBRE DE MARIA,0,13,13
ODAHIR,0,13,13
SAN MARTIN,0,13,13
YANIL,0,13,13
ATINIO,1,12,13
DANISELA,1,12,13
DOMINGUEZ,1,12,13
GRIZEL,1,12,13
JANERY,1,12,13
LUE,1,12,13
OSMERI,1,12,13
RAPHAEL,1,12,13
YOBETH,1,12,13
ANTONELLA,2,11,13
ARTURINA,2,11,13
CLAUDET,2,11,13
DANARY,2,11,13
ELISINDA,2,11,13
ESPOSORIO,2,11,13
GRISSELL,2,11,13
HADID,2,11,13
ISAIL,2,11,13
JANEL,2,11,13
JOHANI,2,11,13
JORLENY,2,11,13
JOSE LUIS,2,11,13
L,2,11,13
LIBET,2,11,13
LILIBET,2,11,13
LOYOLA,2,11,13
MELBINA,2,11,13
NOELIO,2,11,13
OVETH,2,11,13
XEOMARA,2,11,13
YAMIELTH,2,11,13
YICEL,2,11,13
YULIET,2,11,13
ADANEL,3,10,13
ARICELDA,3,10,13
DAWN,3,10,13
G,3,10,13
GAVIER,3,10,13
HIDALDO,3,10,13
HUA,3,10,13
IVONN,3,10,13
LETISIA,3,10,13
LINARDO,3,10,13
LOHANY,3,10,13
MARINELLY,3,10,13
MARLENIZ,3,10,13
MAVIEL,3,10,13
MIREIRA,3,10,13
PAHOLA,3,10,13
QUITERIA,3,10,13
YAMARI,3,10,13
YANARI,3,10,13
YESENI,3,10,13
YIMINSON,3,10,13
YULIEN,3,10,13
ADULIO,4,9,13
ALEXER,4,9,13
ANARELY,4,9,13
ARGELINA,4,9,13
ARISTIDEZ,4,9,13
BARY,4,9,13
BETHEL,4,9,13
BONERJES,4,9,13
CHRISTINE,4,9,13
DELVINA,4,9,13
DUNESKA,4,9,13
DUVILA,4,9,13
ELDINA,4,9,13
ELIDE,4,9,13
ENELINA,4,9,13
ESTEFA,4,9,13
EXOLINA,4,9,13
ILBEA,4,9,13
JANELY,4,9,13
MAGDONIO,4,9,13
NADIN,4,9,13
SONAIDA,4,9,13
YACELY,4,9,13
YORLENE,4,9,13
ZUMILDA,4,9,13
ABA,5,8,13
ANETTE,5,8,13
ARDULIO,5,8,13
BELICIA,5,8,13
BRADLEY,5,8,13
CONCECPION,5,8,13
EDELMER,5,8,13
ERENDIDA,5,8,13
ERNELIO,5,8,13
EULICE,5,8,13
EVERGISTO,5,8,13
EXENIA,5,8,13
HANAN,5,8,13
HARRISON,5,8,13
HUMBELINA,5,8,13
INAEL,5,8,13
JAJAIRA,5,8,13
JEOVANHY,5,8,13
JOANY,5,8,13
KATINA,5,8,13
MARIA DOLORES,5,8,13
MARIZZA,5,8,13
MICDONIO,5,8,13
MIMI,5,8,13
MISRAIN,5,8,13
OTNIEL,5,8,13
RODEL,5,8,13
ROMANO,5,8,13
SILENA,5,8,13
VIDAIL,5,8,13
ADONILO,6,7,13
ANANI,6,7,13
BELI,6,7,13
BIDALIA,6,7,13
CARTER,6,7,13
DEONEL,6,7,13
EDHIT,6,7,13
ELIT,6,7,13
EPIFANEA,6,7,13
ERARDO,6,7,13
ESTARLIN,6,7,13
EVIDENIA,6,7,13
GRIMILDA,6,7,13
HORTELIA,6,7,13
INDALESIO,6,7,13
LEUTERIO,6,7,13
MEDINA,6,7,13
MELENIA,6,7,13
NEDILIO,6,7,13
NUE,6,7,13
OEL,6,7,13
OLSON,6,7,13
ONELIDA,6,7,13
ORISELA,6,7,13
OSORIS,6,7,13
ROCELY,6,7,13
ROSSANNA,6,7,13
ROXANNA,6,7,13
SIFRIDO,6,7,13
STERLING,6,7,13
SUSETTE,6,7,13
VLADIMIRO,6,7,13
WUALBERTO,6,7,13
ADANELY,7,6,13
ADANILO,7,6,13
ADERLY,7,6,13
AMINADAB,7,6,13
DIVINIA,7,6,13
ENALDO,7,6,13
ESMERANIA,7,6,13
FILADELFA,7,6,13
INDHIRA,7,6,13
JASMINE,7,6,13
JOCSAN,7,6,13
LENER,7,6,13
LEODORO,7,6,13
LEONALDO,7,6,13
LEYDIANA,7,6,13
MAYLI,7,6,13
MERILU,7,6,13
MORAZAN,7,6,13
NATIBIDAD,7,6,13
NED,7,6,13
ODELIS,7,6,13
ONER,7,6,13
REJINALDO,7,6,13
ROSEMBEL,7,6,13
RUBEL,7,6,13
USIEL,7,6,13
ZOVEIDA,7,6,13
ANAIDIA,8,5,13
ANJELA,8,5,13
ARCILIA,8,5,13
ATILO,8,5,13
CLEDIS,8,5,13
CRISPINA,8,5,13
DEISA,8,5,13
EDELDINA,8,5,13
EDELMIS,8,5,13
EDELVINDA,8,5,13
ELEXI,8,5,13
ELIASIB,8,5,13
ENOVIA,8,5,13
ERALIA,8,5,13
EVELINE,8,5,13
EXDOMILIA,8,5,13
FILAMIR,8,5,13
GARRY,8,5,13
JACKLIN,8,5,13
LUSMILA,8,5,13
LUTHER,8,5,13
NOELVIS,8,5,13
NOEMIAS,8,5,13
NOVA,8,5,13
OFILIA,8,5,13
OLIBERIO,8,5,13
RIDES,8,5,13
RONIL,8,5,13
RUBELIO,8,5,13
RUVILIO,8,5,13
SAFIRA,8,5,13
SEBERO,8,5,13
SILBIO,8,5,13
UBALDINO,8,5,13
VITALICIA,8,5,13
YOSMARY,8,5,13
ALEXCIS,9,4,13
ALINE,9,4,13
ANAVELA,9,4,13
CARMY,9,4,13
COMCEPCION,9,4,13
DONINO,9,4,13
ELVIRO,9,4,13
ETILMA,9,4,13
GLINYS,9,4,13
IRA,9,4,13
JOICE,9,4,13
LEOVIGILDA,9,4,13
LUIGI,9,4,13
MAUD,9,4,13
MINORA,9,4,13
NEDA,9,4,13
OLIVE,9,4,13
ORVILLE,9,4,13
WENSE,9,4,13
BEDIS,10,3,13
BELMI,10,3,13
BENIS,10,3,13
DELIX,10,3,13
DIODORO,10,3,13
DIRCIA,10,3,13
EDELMY,10,3,13
ELSIAS,10,3,13
HIDA,10,3,13
HILDEFONSO,10,3,13
HILIA,10,3,13
HIRMENIA,10,3,13
ILDIFONZO,10,3,13
JESUSITA,10,3,13
JEWEL,10,3,13
JUBENCIA,10,3,13
LEMIN,10,3,13
LYNDON,10,3,13
MARCI,10,3,13
MELLY,10,3,13
MELSIN,10,3,13
NASSER,10,3,13
PELAYO,10,3,13
RUBECINDA,10,3,13
ZABDI,10,3,13
ZILA,10,3,13
BECI,11,2,13
BENBENUTO,11,2,13
BIEMBENIDA,11,2,13
BILDA,11,2,13
BRADY,11,2,13
DALIN,11,2,13
ENRRIS,11,2,13
ERIT,11,2,13
ESTREBERTA,11,2,13
GERVASIO,11,2,13
HEDDY,11,2,13
JOSIE,11,2,13
KETY,11,2,13
KEVYN,11,2,13
LADYS,11,2,13
LEIDIS,11,2,13
LURBI,11,2,13
LUSI,11,2,13
MALCOLM,11,2,13
MARBIS,11,2,13
ONECIMO,11,2,13
ORMA,11,2,13
PRUDENCIANA,11,2,13
RODIMILIO,11,2,13
RUTY,11,2,13
TELVIS,11,2,13
TOMY,11,2,13
YAMI,11,2,13
YUDE,11,2,13
AITZA,12,1,13
DALSY,12,1,13
DRIDEN,12,1,13
FAUSTINIANO,12,1,13
FLORIAN,12,1,13
GELVER,12,1,13
GILSON,12,1,13
INDRID,12,1,13
JULLY,12,1,13
KANDY,12,1,13
KATIE,12,1,13
LEISLA,12,1,13
LLENY,12,1,13
LOLIS,12,1,13
LURIS,12,1,13
MARLIM,12,1,13
MARNIE,12,1,13
MEISY,12,1,13
MILMA,12,1,13
NEXY,12,1,13
NILBA,12,1,13
ORMAN,12,1,13
PARIS,12,1,13
QUELVIN,12,1,13
RINE,12,1,13
RONNEL,12,1,13
ROSIBELIA,12,1,13
ROSNER,12,1,13
ROXNE,12,1,13
SELMY,12,1,13
SODY,12,1,13
TONNY,12,1,13
VILMER,12,1,13
VIVIAM,12,1,13
WILFREDY,12,1,13
ABBY,13,0,13
CHERY,13,0,13
DORKA,13,0,13
EBIS,13,0,13
EFRIN,13,0,13
ENMER,13,0,13
ERLA,13,0,13
GEIBY,13,0,13
GESY,13,0,13
HALAN,13,0,13
HILSY,13,0,13
HINMER,13,0,13
HOFFMAN,13,0,13
ILIAN,13,0,13
J.JESUS,13,0,13
JACLYN,13,0,13
JEYMY,13,0,13
JONHNY,13,0,13
KEIRY,13,0,13
LAIDA,13,0,13
LEBIS,13,0,13
LELVIA,13,0,13
LIBNA,13,0,13
MA.CARMEN,13,0,13
MARIA JUANA,13,0,13
MARNA,13,0,13
MENFIS,13,0,13
MILJIAN,13,0,13
NEYDY,13,0,13
ROXNY,13,0,13
SALY,13,0,13
YELVA,13,0,13
YERLY,13,0,13
YESMI,13,0,13
ZINNIA,13,0,13
ZULIA,13,0,13
ALISETH,0,12,12
CANDIDA ROSA,0,12,12
DE AQUINO,0,12,12
DE MANUEL,0,12,12
DEL    CARMEN,0,12,12
ESTELY,0,12,12
ISABEL REINA,0,12,12
JHEOVANY,0,12,12
JUAN PABLO,0,12,12
LLOVANI,0,12,12
LORENZO JUSTINI,0,12,12
RAMON ROSA,0,12,12
REYNA ISABEL,0,12,12
ROSA ELENA,0,12,12
SANTOS REYES,0,12,12
YANIBETH,0,12,12
YAQUELINNE,0,12,12
ADABEL,1,11,12
ALEXADER,1,11,12
DAMERY,1,11,12
IDUVIGES,1,11,12
IVED,1,11,12
JUDITT,1,11,12
LICEX,1,11,12
LU,1,11,12
REBECCA,1,11,12
RODILBER,1,11,12
YADITH,1,11,12
ALBANY,2,10,12
ALEXIZ,2,10,12
BEDELY,2,10,12
CASTILLO,2,10,12
CEDELIA,2,10,12
CURTIS,2,10,12
D,2,10,12
DELCIDES,2,10,12
DOMINIQUE,2,10,12
DONERY,2,10,12
FOSTER,2,10,12
ISAULA,2,10,12
ITAI,2,10,12
JOELY,2,10,12
JOSE RAMON,2,10,12
MAREILY,2,10,12
MARGOHT,2,10,12
NADESKA,2,10,12
NINETTE,2,10,12
NORENA,2,10,12
PRACEDES,2,10,12
QUILIMACO,2,10,12
REINIERE,2,10,12
SADRAC,2,10,12
SINAY,2,10,12
SUCENA,2,10,12
SUZETH,2,10,12
VIANETH,2,10,12
YADYRA,2,10,12
YANUARI,2,10,12
YARIRA,2,10,12
YISELL,2,10,12
ABISAY,3,9,12
ADALIN,3,9,12
AILSA,3,9,12
ALEXEY,3,9,12
AMANDINA,3,9,12
AMID,3,9,12
ANARELA,3,9,12
ARGERIA,3,9,12
AVENICIO,3,9,12
CLAUDE,3,9,12
DAVY,3,9,12
EDEMIR,3,9,12
ELICINDA,3,9,12
ELIEZAR,3,9,12
ELMANDINA,3,9,12
GARDENIA,3,9,12
GUISELL,3,9,12
HICELA,3,9,12
IBRAM,3,9,12
IDALMIS,3,9,12
ITAMAR,3,9,12
MARSELA,3,9,12
MERALY,3,9,12
MILANY,3,9,12
NICTAEL,3,9,12
NOTIER,3,9,12
OBDELINA,3,9,12
ODEZA,3,9,12
OLIVANI,3,9,12
ORDELINA,3,9,12
THERESA,3,9,12
VINDEL,3,9,12
WADE,3,9,12
ADALGITZA,4,8,12
AGAR,4,8,12
CLARIBETH,4,8,12
DORISTILA,4,8,12
EDILENIA,4,8,12
ELENIA,4,8,12
ELENILSON,4,8,12
ELIONAI,4,8,12
EMILE,4,8,12
ERAZO,4,8,12
EVENY,4,8,12
FERNADO,4,8,12
FURGENCIA,4,8,12
IDEL,4,8,12
IRNALDO,4,8,12
ISCELA,4,8,12
JACQUELINA,4,8,12
JUAN RAMON,4,8,12
MANAHEN,4,8,12
MARTILIANA,4,8,12
MAUBRICIO,4,8,12
MERCIDIA,4,8,12
METODIO,4,8,12
MIRLANDA,4,8,12
NACIRA,4,8,12
OFELIO,4,8,12
OWILSON,4,8,12
REEMBERTO,4,8,12
ULISE,4,8,12
VIOLET,4,8,12
YUMISA,4,8,12
ABID,5,7,12
ADICTA,5,7,12
ANABELIS,5,7,12
ANATALIO,5,7,12
BENVENUTA,5,7,12
DARLENA,5,7,12
DOMENICA,5,7,12
EBERALDO,5,7,12
ECDOMILIA,5,7,12
EDELDA,5,7,12
EDELZA,5,7,12
ERUDINA,5,7,12
ESENIA,5,7,12
EXELIA,5,7,12
GIORGINA,5,7,12
GORDON,5,7,12
GREVI,5,7,12
HONEYDA,5,7,12
ITSMENIA,5,7,12
IXCHEL,5,7,12
JEREMY,5,7,12
JOHANAN,5,7,12
LUDOVINA,5,7,12
MILADIZ,5,7,12
MOHAMED,5,7,12
NEWTON,5,7,12
ORFIDIO,5,7,12
OVIDEO,5,7,12
PRACCEDES,5,7,12
PREXEDES,5,7,12
ROSA LINA,5,7,12
TAMARA,5,7,12
WASHINGTON,5,7,12
YOJHANA,5,7,12
YOLANIA,5,7,12
YONE,5,7,12
ALLY,6,6,12
AMARILES,6,6,12
ARYERI,6,6,12
AVENICIA,6,6,12
BETHUEL,6,6,12
CARLITOS,6,6,12
CEVERO,6,6,12
CLISERIO,6,6,12
CONSTANCIO,6,6,12
ELBIR,6,6,12
ELFRIDA,6,6,12
ELIAKIN,6,6,12
ELINDA,6,6,12
EMAN,6,6,12
ENEMELIO,6,6,12
FAVIEL,6,6,12
GERBACIA,6,6,12
HERASMO,6,6,12
IRELA,6,6,12
IRIAS,6,6,12
JEANINA,6,6,12
LUDUVINA,6,6,12
MAGDALINA,6,6,12
MARDONIA,6,6,12
MARICRIS,6,6,12
MARIETHA,6,6,12
MILENE,6,6,12
MORAZANIDA,6,6,12
NAVAL,6,6,12
NIVEA,6,6,12
OBDILIO,6,6,12
OMAIRA,6,6,12
ONECIMA,6,6,12
PRECEDES,6,6,12
RUSBELINA,6,6,12
RUSSEL,6,6,12
UBILIO,6,6,12
UNILDA,6,6,12
VERY,6,6,12
VICTELIO,6,6,12
WALTON,6,6,12
YOGENY,6,6,12
AFIFE,7,5,12
ARJANY,7,5,12
AUDIS,7,5,12
CARIAS,7,5,12
CELICIA,7,5,12
CENON,7,5,12
DRUCILA,7,5,12
ELFRE,7,5,12
ERMELIN,7,5,12
FILENIA,7,5,12
FRANKY,7,5,12
HIJINIO,7,5,12
IDIA,7,5,12
ISMANIA,7,5,12
JEHOVA,7,5,12
NOEMIS,7,5,12
ORTIZ,7,5,12
QUENIS,7,5,12
RENERIO,7,5,12
ROBERTIN,7,5,12
SABIER,7,5,12
URBAN,7,5,12
URCINO,7,5,12
URI,7,5,12
VERONA,7,5,12
VIRJILIA,7,5,12
YANELIS,7,5,12
YANIVIS,7,5,12
YLDA,7,5,12
ADAMIN,8,4,12
AGUILAR,8,4,12
AMABLE,8,4,12
BASILIDES,8,4,12
DEYCY,8,4,12
EDISSON,8,4,12
EGLANDINA,8,4,12
EMELICIA,8,4,12
ENAIDA,8,4,12
ERNIE,8,4,12
ERUNDINO,8,4,12
EUSTALIO,8,4,12
FELISITO,8,4,12
FERDINAN,8,4,12
FRANCELA,8,4,12
FRANCISO,8,4,12
ILDIFONSA,8,4,12
IRES,8,4,12
IVENIA,8,4,12
MABERTO,8,4,12
MARIA TERESA,8,4,12
NEDIS,8,4,12
RIGAN,8,4,12
SABIEL,8,4,12
TELBA,8,4,12
TELEFORO,8,4,12
TRIMINIA,8,4,12
ULDEVINA,8,4,12
VILA,8,4,12
VIVIANO,8,4,12
YECENY,8,4,12
ARIADNA,9,3,12
CLODOMIRO,9,3,12
DEREK,9,3,12
DIONILDA,9,3,12
DOMILIA,9,3,12
DUILIO,9,3,12
ELDAI,9,3,12
ERCULANO,9,3,12
EUCEVIA,9,3,12
GLEEN,9,3,12
HUBERLINDO,9,3,12
IRENEO,9,3,12
JEISY,9,3,12
JOSAFA,9,3,12
JUANITO,9,3,12
PETRA,9,3,12
REX,9,3,12
SANTEAGO,9,3,12
TRASLACION,9,3,12
UVENCIO,9,3,12
VITALDINA,9,3,12
WILFORD,9,3,12
ALVIS,10,2,12
BERLIS,10,2,12
CELA,10,2,12
DARLINTON,10,2,12
DAWIN,10,2,12
DEIBI,10,2,12
DEMETERIO,10,2,12
DENA,10,2,12
ELBERT,10,2,12
ELSER,10,2,12
ERIZ,10,2,12
FARIS,10,2,12
FAVIA,10,2,12
FEISAL,10,2,12
FREDERLINDA,10,2,12
JAHIRO,10,2,12
JARRY,10,2,12
JELSY,10,2,12
JIN,10,2,12
KAROLL,10,2,12
LANDER,10,2,12
LELVIS,10,2,12
MARCEDES,10,2,12
MAXI,10,2,12
OSBEL,10,2,12
PENNY,10,2,12
ROVER,10,2,12
SANTINA,10,2,12
SUELEN,10,2,12
TELSA,10,2,12
WALDY,10,2,12
ADREANA,11,1,12
BERA,11,1,12
BEXA,11,1,12
BREDY,11,1,12
CATI,11,1,12
CEBASTIANA,11,1,12
CESIAH,11,1,12
CHIRLEY,11,1,12
DERIK,11,1,12
DILVIA,11,1,12
DIMPNA,11,1,12
DIPNA,11,1,12
EDWUAR,11,1,12
ELLIN,11,1,12
ELOYDA,11,1,12
ENNIO,11,1,12
EROL,11,1,12
FRANKLING,11,1,12
GENESIS,11,1,12
GENNI,11,1,12
GLEDIN,11,1,12
HARLES,11,1,12
HARLING,11,1,12
HENY,11,1,12
HERICK,11,1,12
HERSAN,11,1,12
JOLVIN,11,1,12
KEILYN,11,1,12
KESIA,11,1,12
LARA,11,1,12
LUANY,11,1,12
MAICOL,11,1,12
MARYSABEL,11,1,12
MELKI,11,1,12
MILTA,11,1,12
NIMIAN,11,1,12
NOLVER,11,1,12
NUZZLY,11,1,12
OLBER,11,1,12
PERVIS,11,1,12
REDY,11,1,12
RUDIN,11,1,12
TERLIN,11,1,12
WILDRIN,11,1,12
ALDER,12,0,12
ANNI,12,0,12
ASTRI,12,0,12
BELVIN,12,0,12
BELZA,12,0,12
CILIAN,12,0,12
CIRIAN,12,0,12
CLEIMER,12,0,12
DANNIA,12,0,12
DEIVIS,12,0,12
DENCY,12,0,12
DENYA,12,0,12
DESMAN,12,0,12
DUNNIA,12,0,12
ELDYN,12,0,12
ELKE,12,0,12
ERMENEJILDO,12,0,12
EYMI,12,0,12
GERMIN,12,0,12
GEYDY,12,0,12
GIEZI,12,0,12
GLENA,12,0,12
GREDIS,12,0,12
GREVY,12,0,12
HAIDY,12,0,12
HAYDY,12,0,12
HEIBY,12,0,12
INDA,12,0,12
INNA,12,0,12
JADY,12,0,12
JAMIE,12,0,12
JARMIN,12,0,12
JEMNY,12,0,12
JHIMY,12,0,12
KERLY,12,0,12
KILBER,12,0,12
KRISTHIAN,12,0,12
LENDIS,12,0,12
LESMA,12,0,12
LESMY,12,0,12
LESNIA,12,0,12
LUDVIN,12,0,12
MA.DE,12,0,12
MARIA DE,12,0,12
MIGDA,12,0,12
NELCIN,12,0,12
NEYBI,12,0,12
NILTON,12,0,12
NORLYN,12,0,12
ROSAFA,12,0,12
ROXI,12,0,12
SELVIS,12,0,12
SEYLI,12,0,12
SIRLE,12,0,12
SUCY,12,0,12
TIODOLINDA,12,0,12
WILFREDIS,12,0,12
WILMOR,12,0,12
YENCI,12,0,12
YERRY,12,0,12
YIRA,12,0,12
YOLMA,12,0,12
ZEIDY,12,0,12
ZUANY,12,0,12
ALCINO,0,11,11
ALDUVY,0,11,11
AQUELI,0,11,11
DE LA CONCEPCIO,0,11,11
DEL   ROSARIO,0,11,11
DELOS ANGELES,0,11,11
ELZABETH,0,11,11
EXELINO,0,11,11
GEANETH,0,11,11
JARETH,0,11,11
LISEHT,0,11,11
LISSETHE,0,11,11
LIZETTH,0,11,11
LUIS ALBERTO,0,11,11
MARIBET,0,11,11
RONAEL,0,11,11
RUBIT,0,11,11
V,0,11,11
YAKELI,0,11,11
YAMILED,0,11,11
YAMILLETH,0,11,11
YAMITETH,0,11,11
YUSETH,0,11,11
ADONAIS,1,10,11
ANALBERTO,1,10,11
ANIVETH,1,10,11
DARIBEL,1,10,11
DONAEL,1,10,11
ESTIBEN,1,10,11
FERRER,1,10,11
GUISSELL,1,10,11
JEACQUELINE,1,10,11
JEHOVANNY,1,10,11
JEOBANI,1,10,11
KARYNA,1,10,11
MATA,1,10,11
MIDEY,1,10,11
ODANY,1,10,11
ODIEL,1,10,11
OMELDA,1,10,11
ORISTILIA,1,10,11
PARTICIA,1,10,11
QUINTO,1,10,11
SOLIS,1,10,11
SULIBETH,1,10,11
TEREZA DE JESUS,1,10,11
UCLIDES,1,10,11
VALOY,1,10,11
YAHIR,1,10,11
YAMILEP,1,10,11
YOHELI,1,10,11
YOLIBETT,1,10,11
YOSSELYN,1,10,11
ZONEIDA,1,10,11
ABERTO,2,9,11
ADITH,2,9,11
BETH,2,9,11
BORJAS,2,9,11
DANERYS,2,9,11
DULCE NOMBRE,2,9,11
EDALY,2,9,11
EDELMI,2,9,11
EMILENIA,2,9,11
ENOCH,2,9,11
FERMELI,2,9,11
FERNELIS,2,9,11
HIBRAN,2,9,11
IONE,2,9,11
ISTMENIA,2,9,11
JONELY,2,9,11
LEONARDY,2,9,11
LEONIE,2,9,11
LORELLY,2,9,11
MABELI,2,9,11
MUSA,2,9,11
OLIBAR,2,9,11
OMED,2,9,11
ONELLY,2,9,11
ORLANY,2,9,11
OVIEDO,2,9,11
PING,2,9,11
SOFIO,2,9,11
YOSANA,2,9,11
ABACU,3,8,11
ABIUD,3,8,11
ADONIZ,3,8,11
ALDENIA,3,8,11
ARACIL,3,8,11
ARAMINDA,3,8,11
ARCENY,3,8,11
ASAHEL,3,8,11
ASUNSION,3,8,11
DAMELIA,3,8,11
DIVAN,3,8,11
EBILIO,3,8,11
ELCENORA,3,8,11
ELIBET,3,8,11
ELIONOR,3,8,11
ESMELINA,3,8,11
IDALIS,3,8,11
IDETH,3,8,11
IOLANY,3,8,11
JANELL,3,8,11
JELSOMINA,3,8,11
LINOR,3,8,11
MARILUD,3,8,11
MIRABEL,3,8,11
ORFANIA,3,8,11
OSORIO,3,8,11
OVAN,3,8,11
OVEYDA,3,8,11
ROSNERY,3,8,11
SOREIDA,3,8,11
SULAMITA,3,8,11
WALLACE,3,8,11
YANEIRA,3,8,11
YASMINE,3,8,11
YASMINIA,3,8,11
YESIL,3,8,11
ADAD,4,7,11
ADALMIRA,4,7,11
ADORA,4,7,11
ALECSI,4,7,11
ANABESI,4,7,11
ANTERO,4,7,11
ARGELY,4,7,11
ARZU,4,7,11
ASIRIA,4,7,11
ASTELIA,4,7,11
BELZASAR,4,7,11
BETHSAIDA,4,7,11
BETILIO,4,7,11
DIDILIA,4,7,11
ELENY,4,7,11
ELIAB,4,7,11
ELISSA,4,7,11
EROIDIA,4,7,11
EVANGELIO,4,7,11
FERTINANDO,4,7,11
FLORICELA,4,7,11
HITALO,4,7,11
IBELIS,4,7,11
ILIBERTO,4,7,11
ISLANDO,4,7,11
ISLENIA,4,7,11
JACIEL,4,7,11
JUVINA,4,7,11
JUVINALDO,4,7,11
KARINE,4,7,11
LEOLA,4,7,11
LIDIETTE,4,7,11
LOPEZ,4,7,11
MILADE,4,7,11
NILCE,4,7,11
OLIS,4,7,11
ORELINDA,4,7,11
ORTENSIA,4,7,11
RAUDILIO,4,7,11
RODIBER,4,7,11
RUBINA,4,7,11
STEFANY,4,7,11
SUCELY,4,7,11
TANA,4,7,11
TERESINA,4,7,11
VENERABLE,4,7,11
VESTALINA,4,7,11
YARMILA,4,7,11
ABIMILEC,5,6,11
ADOLFA,5,6,11
ALICIDA,5,6,11
ANGELY,5,6,11
ARLAN,5,6,11
CATALICIO,5,6,11
CHI,5,6,11
CLAIRE,5,6,11
DEDICACION,5,6,11
DELA,5,6,11
DIAN,5,6,11
DODANI,5,6,11
EDELIN,5,6,11
EDUBIN,5,6,11
EDUVIGEZ,5,6,11
ELIAZ,5,6,11
EMILDO,5,6,11
ESTEBINA,5,6,11
EUNISES,5,6,11
EXAEL,5,6,11
FRACISCO,5,6,11
GERMINA,5,6,11
GISELE,5,6,11
GRIMALDI,5,6,11
HELADIO,5,6,11
HONG,5,6,11
IBRAIN,5,6,11
IDELCY,5,6,11
INACIA,5,6,11
KARIME,5,6,11
LENAY,5,6,11
LEOMEDES,5,6,11
LIMY,5,6,11
LUCENA,5,6,11
MARDELY,5,6,11
MARIPSA,5,6,11
MERADIS,5,6,11
NADIEZDA,5,6,11
OTIS,5,6,11
PERCEBERANDA,5,6,11
PINEDA,5,6,11
RANDALL,5,6,11
ROSNEY,5,6,11
SAU,5,6,11
SEDY,5,6,11
SUITA,5,6,11
SUSELINDA,5,6,11
TANISLAO,5,6,11
URBELIA,5,6,11
UVERLINDA,5,6,11
ZULEYKA,5,6,11
ALAS,6,5,11
ANALDO,6,5,11
ANAYANSI,6,5,11
ARLINA,6,5,11
BEISY,6,5,11
BERNAL,6,5,11
CLAVEL,6,5,11
CONCHITA,6,5,11
DIOSSANA,6,5,11
DONILIO,6,5,11
ED,6,5,11
ELIZANDRA,6,5,11
ENIT,6,5,11
ERMOSINIA,6,5,11
EUBALDO,6,5,11
EXAUL,6,5,11
FIRMO,6,5,11
FREY,6,5,11
GEOFREDO,6,5,11
GERMANIA,6,5,11
GIBSON,6,5,11
GILLERMO,6,5,11
GRICELIDA,6,5,11
GUALTERINA,6,5,11
HASSAN,6,5,11
HUBALDO,6,5,11
ISFRAIN,6,5,11
LECTICIA,6,5,11
LEM,6,5,11
LEONORILDA,6,5,11
LUD,6,5,11
MARIA DEL CARME,6,5,11
MARILDA,6,5,11
MAYBEL,6,5,11
NASRI,6,5,11
NERING,6,5,11
ONEMIO,6,5,11
ONILSON,6,5,11
PHILLIP,6,5,11
RENBERTO,6,5,11
RODOLFINA,6,5,11
SOPHIA,6,5,11
TEOTISTA,6,5,11
TIMOTHY,6,5,11
UBERTINA,6,5,11
ULFRAN,6,5,11
VENITO,6,5,11
WUILIANS,6,5,11
ADREAN,7,4,11
AILYN,7,4,11
ALDINA,7,4,11
ANALDA,7,4,11
ANAMIAS,7,4,11
BEBERLY,7,4,11
BENSON,7,4,11
BERTY,7,4,11
CECUNDINA,7,4,11
CERBANDO,7,4,11
CHARLENE,7,4,11
CLEOFA,7,4,11
CRISTOFER,7,4,11
DARLINGTON,7,4,11
DIONILO,7,4,11
DUANY,7,4,11
DUNIO,7,4,11
EBEN,7,4,11
ENO,7,4,11
ERISTEO,7,4,11
EXEL,7,4,11
GRACIELO,7,4,11
GULNARA,7,4,11
HILDAURA,7,4,11
JOSEL,7,4,11
KAROLA,7,4,11
LICINIO,7,4,11
LIONICIA,7,4,11
MALEN,7,4,11
MARSHALL,7,4,11
MEI,7,4,11
MELSI,7,4,11
MENNA,7,4,11
MESAC,7,4,11
OBELIO,7,4,11
OFRECIANO,7,4,11
OLGUIN,7,4,11
OLINA,7,4,11
OPTACIANO,7,4,11
ORBELINO,7,4,11
RAINALDO,7,4,11
REYNER,7,4,11
RIGOBERTA,7,4,11
RONNEY,7,4,11
ROVELIO,7,4,11
RUDOLF,7,4,11
SESARIO,7,4,11
TANIS,7,4,11
TORCUATO,7,4,11
WALKER,7,4,11
YONSON,7,4,11
YRENE,7,4,11
ZOFIA,7,4,11
ABEN,8,3,11
ADENIA,8,3,11
ALMER,8,3,11
ARLEEN,8,3,11
ARLI,8,3,11
AVIDA,8,3,11
BERNAN,8,3,11
CACIMIRO,8,3,11
CARMENCITA,8,3,11
CLARITA,8,3,11
DAGMAR,8,3,11
DELITA,8,3,11
EMEL,8,3,11
ERICKSON,8,3,11
EVERSON,8,3,11
FELISCITA,8,3,11
FLORANGEL,8,3,11
FRANCK,8,3,11
HELADIA,8,3,11
HERMEREGILDA,8,3,11
INGNACIA,8,3,11
JONNATHAN,8,3,11
JULITA,8,3,11
JUNIO,8,3,11
KENDALL,8,3,11
LAURIE,8,3,11
LIANDRA,8,3,11
LINSAY,8,3,11
LIONOR,8,3,11
LUCILINDA,8,3,11
MAGDO,8,3,11
MAYNO,8,3,11
MEYBI,8,3,11
MORALES,8,3,11
NABAL,8,3,11
NELLIS,8,3,11
NESLI,8,3,11
RODUEL,8,3,11
ROSSE,8,3,11
RUBELINA,8,3,11
SABA,8,3,11
SAURA,8,3,11
SCARLETTE,8,3,11
SET,8,3,11
SHERLEY,8,3,11
SPURGEON,8,3,11
TEODOLO,8,3,11
VIANA,8,3,11
VILFREDO,8,3,11
WUILBER,8,3,11
YIMEN,8,3,11
ABIS,9,2,11
ALIAN,9,2,11
ANALIDIA,9,2,11
ANAMARIA,9,2,11
ANANDY,9,2,11
ANDRO,9,2,11
ARCANGELA,9,2,11
ARIZ,9,2,11
AUDIE,9,2,11
BARNEY,9,2,11
BERNER,9,2,11
CARDY,9,2,11
CERBELIO,9,2,11
CLEYMER,9,2,11
DARNEL,9,2,11
DELBA,9,2,11
DELLY,9,2,11
DENVER,9,2,11
DERBY,9,2,11
DEYMI,9,2,11
DILZA,9,2,11
DIOVIGILDO,9,2,11
EDERMINDA,9,2,11
ELVITA,9,2,11
EMELYN,9,2,11
ERME,9,2,11
ILBERTO,9,2,11
INECILIA,9,2,11
JANNE,9,2,11
JESUCITA,9,2,11
KELLIN,9,2,11
KURT,9,2,11
LENNIS,9,2,11
LIBBY,9,2,11
LINDY,9,2,11
LISSA,9,2,11
LUCIS,9,2,11
MAZIE,9,2,11
MERCIA,9,2,11
MERENCIANO,9,2,11
MUNDO,9,2,11
OLMAR,9,2,11
OSMA,9,2,11
OZNI,9,2,11
PAULETTE,9,2,11
PINA,9,2,11
PULQUERIA,9,2,11
RAQUELA,9,2,11
ROSER,9,2,11
SECILIO,9,2,11
TAUFIK,9,2,11
TILA,9,2,11
TIODORO,9,2,11
WILFRIDA,9,2,11
WUENSESLAO,9,2,11
YAMY,9,2,11
YENITH,9,2,11
ALVER,10,1,11
BRADIS,10,1,11
BREDIS,10,1,11
BRICIO,10,1,11
CALISTA,10,1,11
DARLI,10,1,11
DARVIS,10,1,11
DELSSY,10,1,11
DEYNIS,10,1,11
ELDON,10,1,11
EMELITINA,10,1,11
ENNIS,10,1,11
FREDVINDO,10,1,11
GALDIS,10,1,11
GASTON,10,1,11
GESSLER,10,1,11
HENNRY,10,1,11
HERMI,10,1,11
ILDE,10,1,11
ILSIAS,10,1,11
IVA,10,1,11
JIAN,10,1,11
KATI,10,1,11
LEDWIN,10,1,11
LESKIA,10,1,11
LIRIDA,10,1,11
LYNDA,10,1,11
MAILA,10,1,11
MARTTA,10,1,11
MEILIN,10,1,11
MERCIS,10,1,11
MERIAN,10,1,11
NERVIN,10,1,11
NONA,10,1,11
OLFA,10,1,11
OLVIS,10,1,11
ORLA,10,1,11
RANULFA,10,1,11
REGNER,10,1,11
RIMEN,10,1,11
ROLDIN,10,1,11
ROYER,10,1,11
SAMERIA,10,1,11
SILVIN,10,1,11
SUAD,10,1,11
VASTI,10,1,11
WUALTHER,10,1,11
YASMY,10,1,11
YENNIFER,10,1,11
YONNI,10,1,11
ARBIN,11,0,11
CHISTIAN,11,0,11
DANLY,11,0,11
DEBRA,11,0,11
DEIVY,11,0,11
DELFY,11,0,11
DENCIL,11,0,11
EBRIN,11,0,11
EGLIS,11,0,11
ERDWIN,11,0,11
ETLIN,11,0,11
EXY,11,0,11
FRANGEL,11,0,11
FREDDIE,11,0,11
GALDYS,11,0,11
GELMAN,11,0,11
GERRY,11,0,11
GIANNI,11,0,11
GILLIAM,11,0,11
GREVIN,11,0,11
GREYSY,11,0,11
HILDE,11,0,11
HIMER,11,0,11
JERVIN,11,0,11
JONHY,11,0,11
KATLIN,11,0,11
KEISY,11,0,11
LANA,11,0,11
LEDBY,11,0,11
LENDI,11,0,11
LICZA,11,0,11
LIXI,11,0,11
LURDEN,11,0,11
MABY,11,0,11
MARBA,11,0,11
NERSY,11,0,11
NESY,11,0,11
NILS,11,0,11
NORLA,11,0,11
NULVIO,11,0,11
ORVIL,11,0,11
OSNY,11,0,11
OSVAL,11,0,11
REGAN,11,0,11
ROSNI,11,0,11
SAIRY,11,0,11
SARIA,11,0,11
SAYDY,11,0,11
SENDI,11,0,11
SONI,11,0,11
WANDY,11,0,11
WILSO,11,0,11
WOLFRAN,11,0,11
YASMI,11,0,11
YEISY,11,0,11
YENDA,11,0,11
YORVIN,11,0,11
ALCANGEL,0,10,10
ANAYANCY,0,10,10
ANTIPORTAN,0,10,10
BLAS ANTONIO,0,10,10
CARACCIOLI,0,10,10
CRISOSTOMA,0,10,10
DEL CAMEN,0,10,10
DESSIREE,0,10,10
EVIDIO,0,10,10
FAY,0,10,10
GEANETTE,0,10,10
IOVANI,0,10,10
IVETTH,0,10,10
JAKELY,0,10,10
JHOVANNY,0,10,10
JISSELL,0,10,10
JOSMARY,0,10,10
LELICIA,0,10,10
LISEP,0,10,10
LY,0,10,10
RAMON ANTONIO,0,10,10
SANTOS ANGEL,0,10,10
YAMILITH,0,10,10
ABDALI,1,9,10
ALESANDER,1,9,10
ALPIDIO,1,9,10
AMET,1,9,10
ARGELIS,1,9,10
ARISTIDE,1,9,10
AUGUSTUS,1,9,10
DANESA,1,9,10
ELISENA,1,9,10
ERPIDIO,1,9,10
ESTILIO,1,9,10
EUDULIO,1,9,10
GONZALES,1,9,10
HIVAN,1,9,10
I,1,9,10
JOHELY,1,9,10
JORGE ALBERTO,1,9,10
JUBINY,1,9,10
JUDHIT,1,9,10
LADIMIR,1,9,10
LETHICIA,1,9,10
LINDEYSI,1,9,10
LUIS ANTONIO,1,9,10
MACARENA,1,9,10
MARELIA,1,9,10
MARILENE,1,9,10
MIREIDA,1,9,10
NEOMI,1,9,10
NICOL,1,9,10
NORTIER,1,9,10
ROMEY,1,9,10
SARID,1,9,10
STEPHANY,1,9,10
SUGUEY,1,9,10
SUHEY,1,9,10
VALEZCA,1,9,10
YARED,1,9,10
YEOVANNY,1,9,10
YOELI,1,9,10
YOHEL,1,9,10
YOSENIA,1,9,10
ALBRI,2,8,10
ALCIDIA,2,8,10
ALMINA,2,8,10
ARABELY,2,8,10
ARACELLY,2,8,10
ARISEL,2,8,10
BENERALDA,2,8,10
CALASANS,2,8,10
CLODOALDO,2,8,10
DANIDIA,2,8,10
DIDERICO,2,8,10
ELBEDA,2,8,10
ELISE,2,8,10
ELIZARDA,2,8,10
ENOT,2,8,10
EVENIS,2,8,10
F,2,8,10
FELIZA,2,8,10
GAHERY,2,8,10
GIZELA,2,8,10
GLADELINA,2,8,10
HABACUC,2,8,10
HERMINDO,2,8,10
JONEY,2,8,10
KORINA,2,8,10
LORRAINE,2,8,10
MARELL,2,8,10
MARIBELIA,2,8,10
MARUBENIA,2,8,10
MARYCELA,2,8,10
MAYTHE,2,8,10
MERADY,2,8,10
ODILCIA,2,8,10
ODULIO,2,8,10
ONDINO,2,8,10
ONORINA,2,8,10
ONORIS,2,8,10
ORICELA,2,8,10
OSMARI,2,8,10
OVANY,2,8,10
QUILINA,2,8,10
RONALDY,2,8,10
SALEM,2,8,10
SILENY,2,8,10
VENESSA,2,8,10
ADONIE,3,7,10
ALMIDA,3,7,10
ALVIDIO,3,7,10
ANETH,3,7,10
ARIBEL,3,7,10
ARLINDO,3,7,10
ARQUIMIDEZ,3,7,10
BERLINA,3,7,10
BERTONY,3,7,10
CAPIS,3,7,10
CENELIA,3,7,10
CLINIO,3,7,10
CRISELIA,3,7,10
DANIBETH,3,7,10
DANIRIA,3,7,10
DELMINA,3,7,10
EBARISTA,3,7,10
EDILSIA,3,7,10
EDIXON,3,7,10
EDUVIGUES,3,7,10
EDWINA,3,7,10
ELCIDIA,3,7,10
EMILETH,3,7,10
ERASMINIO,3,7,10
ERODIA,3,7,10
ERSELI,3,7,10
ESTERLIN,3,7,10
EVETH,3,7,10
GETZABEL,3,7,10
GLORIVEL,3,7,10
GUISEL,3,7,10
IDELCI,3,7,10
IDULFIDO,3,7,10
ISBELIA,3,7,10
JETZABEL,3,7,10
JHOAN,3,7,10
JOSELA,3,7,10
JOSELINDA,3,7,10
KARLENY,3,7,10
KIM,3,7,10
LAN,3,7,10
LEONIDA,3,7,10
LICELDA,3,7,10
MACDONAL,3,7,10
MAR,3,7,10
MARIT,3,7,10
MARJORY,3,7,10
MIRELI,3,7,10
MIROSLABA,3,7,10
OBAL,3,7,10
OCIRIS,3,7,10
ORBELIO,3,7,10
OSIRY,3,7,10
OSMEDA,3,7,10
RAMON DE JESUS,3,7,10
ROMANY,3,7,10
ROMELINA,3,7,10
SALEH,3,7,10
SINAHI,3,7,10
SORINA,3,7,10
UBANIA,3,7,10
YAMILI,3,7,10
YERMAIN,3,7,10
YESMINA,3,7,10
YOGENI,3,7,10
ABDILIO,4,6,10
AGRICELDA,4,6,10
ALDEMAR,4,6,10
ALESIS,4,6,10
ALISANDRO,4,6,10
ALMEIDA,4,6,10
ANALID,4,6,10
ANSONY,4,6,10
ARALDO,4,6,10
BARI,4,6,10
BENERANDO,4,6,10
BILA,4,6,10
CENEYDA,4,6,10
CLARITINA,4,6,10
DANNE,4,6,10
DELUVINA,4,6,10
EDELVIN,4,6,10
EDELY,4,6,10
EDILCIO,4,6,10
EDILTRUDES,4,6,10
EGLANTINA,4,6,10
ELEDUVINA,4,6,10
ELUVIA,4,6,10
EMELITA,4,6,10
ENOHE,4,6,10
ERIVERTO,4,6,10
ESMELITA,4,6,10
ETHELINDA,4,6,10
EVENIA,4,6,10
EXABEL,4,6,10
EXENORA,4,6,10
FELIPA DE JESUS,4,6,10
GIOMAR,4,6,10
GRADELY,4,6,10
HEMERSON,4,6,10
HIDALMA,4,6,10
HISELA,4,6,10
HOMAN,4,6,10
IVELIS,4,6,10
JASSER,4,6,10
JHOJANA,4,6,10
JOSETTE,4,6,10
JUAN BAUTISTA,4,6,10
JUANA DE DIOS,4,6,10
KATRINA,4,6,10
LESENIA,4,6,10
LORINDA,4,6,10
LUCILLA,4,6,10
MADELYN,4,6,10
MADILIA,4,6,10
MADONIO,4,6,10
MARIA ESPERANZA,4,6,10
MARIEZA,4,6,10
MARITZELA,4,6,10
MARLINDA,4,6,10
MARQUEZ,4,6,10
MIRARI,4,6,10
MORAN,4,6,10
NEPTINA,4,6,10
NUESTRA,4,6,10
ODILE,4,6,10
ODILMER,4,6,10
ORTENCIO,4,6,10
OVERDAN,4,6,10
PRAXEDIS,4,6,10
ROSA MARIA,4,6,10
SMELYN,4,6,10
STANFORD,4,6,10
TELVA,4,6,10
URSINO,4,6,10
VENERANDO,4,6,10
VERCELY,4,6,10
WHITNEY,4,6,10
YI,4,6,10
ZADY,4,6,10
ADOLINA,5,5,10
ALDIFONZO,5,5,10
AMARO,5,5,10
ANDELINA,5,5,10
ARMIRIO,5,5,10
AROL,5,5,10
ASENAIDA,5,5,10
AURESTELA,5,5,10
BELIZA,5,5,10
BERSAVE,5,5,10
CONSE,5,5,10
DANAE,5,5,10
DARIN,5,5,10
DISENIA,5,5,10
EDINALDO,5,5,10
EFREEN,5,5,10
ELEJANDRO,5,5,10
ELEMENA,5,5,10
ELSIDIA,5,5,10
EMELANIA,5,5,10
EMILZON,5,5,10
EUDULIA,5,5,10
FERN,5,5,10
HABRAHAM,5,5,10
HERACLITO,5,5,10
HIMELDA,5,5,10
ILENE,5,5,10
ISAELA,5,5,10
JOAB,5,5,10
JONE,5,5,10
JOSEF,5,5,10
LEAVIN,5,5,10
LEUTERIA,5,5,10
LILEANA,5,5,10
LUVINIA,5,5,10
LYLA,5,5,10
MARELINA,5,5,10
MARTIRIS,5,5,10
MAXWELL,5,5,10
MIGUELITA,5,5,10
MILLER,5,5,10
NORBELIZA,5,5,10
ORESTER,5,5,10
ORLINTEN,5,5,10
PLANTILA,5,5,10
PONCIANA,5,5,10
QIANG,5,5,10
QUILTER,5,5,10
RAMBERTO,5,5,10
REYNAN,5,5,10
REYNOLD,5,5,10
ROMERI,5,5,10
ROVEL,5,5,10
RUFILIA,5,5,10
RUMILDO,5,5,10
SAADI,5,5,10
SADICK,5,5,10
SOREYDA,5,5,10
TRINE,5,5,10
ZONIDIA,5,5,10
ACELA,6,4,10
ADAL,6,4,10
AGUSTINO,6,4,10
ALEJA,6,4,10
AMERIDA,6,4,10
ARISTIDA,6,4,10
ARMINA,6,4,10
ASISCLA,6,4,10
AVELIO,6,4,10
BELISSA,6,4,10
BENINGNO,6,4,10
BONERJE,6,4,10
CLARK,6,4,10
CONCEPCCION,6,4,10
CRISTINIANO,6,4,10
DWIGHT,6,4,10
ELIBORIA,6,4,10
ELITH,6,4,10
ELIVERIO,6,4,10
ENOX,6,4,10
ERCILDA,6,4,10
ESMERALDINA,6,4,10
EUCARIA,6,4,10
FLORIDELMA,6,4,10
FRANCISBEL,6,4,10
GILLERMINA,6,4,10
GIUSEPPE,6,4,10
GUILLERMINO,6,4,10
HOLMES,6,4,10
HUBENCE,6,4,10
JUDI,6,4,10
LELIX,6,4,10
LEVID,6,4,10
LINEY,6,4,10
MAILYN,6,4,10
MARYLYN,6,4,10
MARYN,6,4,10
MILER,6,4,10
MIZRAIN,6,4,10
NATIVIDA,6,4,10
NERIY,6,4,10
NOEMIA,6,4,10
OCTAVINA,6,4,10
REMY,6,4,10
ROCELIA,6,4,10
RODIMIRA,6,4,10
SELY,6,4,10
SHAKIRA,6,4,10
SURIEL,6,4,10
URZULA,6,4,10
VENITA,6,4,10
VICIA,6,4,10
YIN,6,4,10
ZADIK,6,4,10
ZELDA,6,4,10
ZULEIKA,6,4,10
ADAMINA,7,3,10
ANIANO,7,3,10
ARLIE,7,3,10
ASLEY,7,3,10
ASSENCION,7,3,10
AYDELINA,7,3,10
BELMER,7,3,10
BERTHILIA,7,3,10
BEYRAN,7,3,10
BONIFASIO,7,3,10
BURKE,7,3,10
CACIANO,7,3,10
DEY,7,3,10
DUMAN,7,3,10
DURWIN,7,3,10
EDDAS,7,3,10
EDILTRUDIZ,7,3,10
EDUINA,7,3,10
EDYT,7,3,10
FIDADELFO,7,3,10
GERTRUDEZ,7,3,10
GREGOLINA,7,3,10
HARRIET,7,3,10
IDELMA,7,3,10
IFRAHIN,7,3,10
KENNET,7,3,10
KERIM,7,3,10
LIONARDA,7,3,10
LISY,7,3,10
LORENIA,7,3,10
MAGNOR,7,3,10
MARSELINA,7,3,10
MARX,7,3,10
MAYLOR,7,3,10
MELESIA,7,3,10
MERLYS,7,3,10
MILEYBI,7,3,10
NEILY,7,3,10
NEYLI,7,3,10
NINIVE,7,3,10
OVILDA,7,3,10
PRISCILO,7,3,10
PUBLIO,7,3,10
ROVINSON,7,3,10
RUBILA,7,3,10
SALIA,7,3,10
SAM,7,3,10
UBENCIA,7,3,10
VACILIO,7,3,10
WINDY,7,3,10
WINSON,7,3,10
WUILIAM,7,3,10
YAMELI,7,3,10
AURELEANO,8,2,10
AZARIAS,8,2,10
BELIZ,8,2,10
BELSI,8,2,10
BILDAD,8,2,10
BINDA,8,2,10
BLANCO,8,2,10
CAROLE,8,2,10
CERLIN,8,2,10
CHARLIN,8,2,10
CIXTO,8,2,10
CLARABEL,8,2,10
DANCY,8,2,10
DEBBY,8,2,10
DOLIS,8,2,10
DOMNINA,8,2,10
DURVIN,8,2,10
EINAR,8,2,10
EMYL,8,2,10
ERSON,8,2,10
FAMELICIA,8,2,10
FRANY,8,2,10
GELY,8,2,10
GOLDIE,8,2,10
HARLON,8,2,10
HELMUTH,8,2,10
HERMEL,8,2,10
ILCIAS,8,2,10
ILDUVINIA,8,2,10
JOCTAN,8,2,10
JOSE DEL CARMEN,8,2,10
KIRBY,8,2,10
LEIBIS,8,2,10
LEONTE,8,2,10
LETHY,8,2,10
LISIS,8,2,10
LURIAN,8,2,10
MARBIL,8,2,10
MARIA NATIVIDAD,8,2,10
NEYSA,8,2,10
ORIETTA,8,2,10
ROSALIDA,8,2,10
ROSELBIA,8,2,10
ROSLIN,8,2,10
RUFO,8,2,10
SATIEL,8,2,10
SIHAM,8,2,10
SULI,8,2,10
TINO,8,2,10
ZAHIRA,8,2,10
AGNA,9,1,10
BARSABAS,9,1,10
CHRIS,9,1,10
CONY,9,1,10
DALCY,9,1,10
DANYA,9,1,10
DARLIS,9,1,10
DAYLE,9,1,10
DEMIA,9,1,10
DENIX,9,1,10
DILMAR,9,1,10
ELDIFONZO,9,1,10
ELLYN,9,1,10
ERESMINIA,9,1,10
ESMEREGILDO,9,1,10
FREDA,9,1,10
FREDDYS,9,1,10
GEISEL,9,1,10
GESICA,9,1,10
GESLER,9,1,10
GILIBERTO,9,1,10
GIUBER,9,1,10
HANCY,9,1,10
HANNAH,9,1,10
HANSI,9,1,10
HEBLIN,9,1,10
HELMA,9,1,10
HEMAN,9,1,10
HENRYS,9,1,10
HERMANN,9,1,10
HESSY,9,1,10
HIGOR,9,1,10
IRWING,9,1,10
IZA,9,1,10
JERSY,9,1,10
JINY,9,1,10
KATTYA,9,1,10
KEIDI,9,1,10
KEMBERLY,9,1,10
KEYLY,9,1,10
LENNI,9,1,10
LEYDE,9,1,10
LUDIA,9,1,10
MALCOM,9,1,10
MARGIN,9,1,10
MEREJILDO,9,1,10
MERSIS,9,1,10
NEDIN,9,1,10
NEFY,9,1,10
NELMIN,9,1,10
NESTER,9,1,10
NIRMIA,9,1,10
NIRZA,9,1,10
ONYS,9,1,10
PRECILIANO,9,1,10
RAYNALDO,9,1,10
RIXY,9,1,10
ROLYN,9,1,10
ROSNEL,9,1,10
ROSSMAN,9,1,10
RUDBEL,9,1,10
RUDDY,9,1,10
RUDIZ,9,1,10
SHELLY,9,1,10
SINAIDA,9,1,10
SULIA,9,1,10
VAYRON,9,1,10
YENIFFER,9,1,10
ANDRY,10,0,10
ARA,10,0,10
AUDRY,10,0,10
AXIL,10,0,10
BENARDINA,10,0,10
BERSY,10,0,10
CLENDA,10,0,10
CONNY,10,0,10
CORALICIA,10,0,10
DAURIN,10,0,10
DELVA,10,0,10
DIALIS,10,0,10
DILCY,10,0,10
EDIM,10,0,10
EIDA,10,0,10
ENMY,10,0,10
ERMY,10,0,10
FEDRA,10,0,10
FENIX,10,0,10
FIDIAS,10,0,10
FLORIDALBA,10,0,10
FRANSY,10,0,10
GADY,10,0,10
GELDER,10,0,10
GRANLY,10,0,10
GREYCI,10,0,10
HADY,10,0,10
HELTON,10,0,10
HOLMER,10,0,10
ILSER,10,0,10
IRNA,10,0,10
JANIS,10,0,10
JEENY,10,0,10
JENNIS,10,0,10
JOGLI,10,0,10
JOSSIE,10,0,10
KESLY,10,0,10
LESNI,10,0,10
LEYLIS,10,0,10
LEYVIS,10,0,10
LIBNY,10,0,10
LICDA,10,0,10
LISSIEN,10,0,10
LIXSA,10,0,10
LIZZA,10,0,10
LORBIN,10,0,10
MA.ISABEL,10,0,10
MA.JESUS,10,0,10
MA.ROSA,10,0,10
MARCELIANO,10,0,10
MARYA,10,0,10
MELCY,10,0,10
MESLIN,10,0,10
MEYSI,10,0,10
MITZY,10,0,10
NELCIA,10,0,10
NELZA,10,0,10
NERLIS,10,0,10
NIXSA,10,0,10
NOLMA,10,0,10
OLMIS,10,0,10
ONI,10,0,10
REDYN,10,0,10
RIBEN,10,0,10
RITZI,10,0,10
RONNI,10,0,10
ROSIS,10,0,10
ROSVIN,10,0,10
SEGIO,10,0,10
SERGIN,10,0,10
SHADIA,10,0,10
SIONI,10,0,10
SONYA,10,0,10
SORIS,10,0,10
TESLY,10,0,10
VIRMA,10,0,10
YELSI,10,0,10
YERLIS,10,0,10
ZAMUEL,10,0,10
ZEYLA,10,0,10
ALCID,0,9,9
ANTONIO RAMON,0,9,9
CORCINO,0,9,9
DANNERY,0,9,9
DE  LA   CRUZ,0,9,9
DE LA O,0,9,9
DE PADUA,0,9,9
DEL  SOCORRO,0,9,9
ENAY,0,9,9
ESTID,0,9,9
FERNELI,0,9,9
GAEL,0,9,9
ISOLANDA,0,9,9
IVANOVICH,0,9,9
JAQUELYNE,0,9,9
JERALDO,0,9,9
JHANETH,0,9,9
LISVETH,0,9,9
LISZETH,0,9,9
NAVID,0,9,9
RODRIGUEZ,0,9,9
ROSA AMINTA,0,9,9
SANTOS TOMAS,0,9,9
SUSENA,0,9,9
YADIL,0,9,9
YAMILES,0,9,9
YAMILHET,0,9,9
YAMITELH,0,9,9
YANETE,0,9,9
YANETHE,0,9,9
YOVANYS,0,9,9
YULITH,0,9,9
ALIXIS,1,8,9
ANAISEL,1,8,9
ANEX,1,8,9
ANTONIE,1,8,9
AVIMELEC,1,8,9
BETENIA,1,8,9
BETZAI,1,8,9
BRAN,1,8,9
CAPISTRAN,1,8,9
CICELY,1,8,9
CIREY,1,8,9
CLAUDIOSA,1,8,9
CLERET,1,8,9
DANIAN,1,8,9
DERMIDIA,1,8,9
DESIRETH,1,8,9
ELISSETH,1,8,9
ENOTH,1,8,9
ERUBEY,1,8,9
GRACIVEL,1,8,9
GUALBERTA,1,8,9
ISMELA,1,8,9
IXABEL,1,8,9
JAKELINA,1,8,9
JAMILLETH,1,8,9
JHONATTAN,1,8,9
JUVINAL,1,8,9
LADIO,1,8,9
LISABET,1,8,9
LOREL,1,8,9
LUZ IDALIA,1,8,9
MARIELL,1,8,9
MIRALDA,1,8,9
NORELI,1,8,9
ONAY,1,8,9
ONERY,1,8,9
ORALI,1,8,9
OSIRI,1,8,9
OVEIDA,1,8,9
ROBINA,1,8,9
ROSA ALBA,1,8,9
SILOHE,1,8,9
SOMALIA,1,8,9
UNICE,1,8,9
YAHELY,1,8,9
YISSELLE,1,8,9
ABAC,2,7,9
ABADO,2,7,9
ADAIAS,2,7,9
ADINO,2,7,9
ADONIO,2,7,9
ALBALUZ,2,7,9
AREL,2,7,9
ARISAI,2,7,9
AROLY,2,7,9
ASARIEL,2,7,9
ASMED,2,7,9
AXILIADORA,2,7,9
BESAI,2,7,9
BITELIO,2,7,9
BRIDES,2,7,9
CAROLAY,2,7,9
CERVELIA,2,7,9
COLETO,2,7,9
DABEYBA,2,7,9
DALID,2,7,9
DECENIA,2,7,9
DONARI,2,7,9
EDILENA,2,7,9
EFREM,2,7,9
ELFIDIA,2,7,9
ENELI,2,7,9
EUGENE,2,7,9
IDONIA,2,7,9
JADIR,2,7,9
JAFETH,2,7,9
JOHAM,2,7,9
LAVERNE,2,7,9
LEDITH,2,7,9
LIDAVEL,2,7,9
LISANIA,2,7,9
LLOLANDA,2,7,9
MADRID,2,7,9
MALAQUIA,2,7,9
MANDIEL,2,7,9
MARCONI,2,7,9
MARLENEE,2,7,9
MARSDEN,2,7,9
MERICY,2,7,9
MILENIS,2,7,9
MIROPE,2,7,9
NAZARENO,2,7,9
NECTAEL,2,7,9
NECTALID,2,7,9
NUNCIA,2,7,9
ODARIS,2,7,9
ONEYDI,2,7,9
ORMELINA,2,7,9
OSLINDA,2,7,9
RENULFO,2,7,9
SALATHIEL,2,7,9
SOLANY,2,7,9
STIVE,2,7,9
UBENER,2,7,9
ULADISLAO,2,7,9
URVANO,2,7,9
VELASQUEZ,2,7,9
VERALIA,2,7,9
XIANG,2,7,9
YALENIS,2,7,9
YANIRY,2,7,9
YASELY,2,7,9
YERALDINA,2,7,9
YOMARI,2,7,9
YUBINE,2,7,9
ZUGEY,2,7,9
ABRAM,3,6,9
ADELZO,3,6,9
ADERITO,3,6,9
ALDI,3,6,9
ANARDO,3,6,9
ANDREI,3,6,9
ARACELIO,3,6,9
ARAHON,3,6,9
ASTER,3,6,9
BACILIDES,3,6,9
BENETH,3,6,9
BRANDON,3,6,9
CEBERO,3,6,9
CLIOFES,3,6,9
CLIVE,3,6,9
DALISEY,3,6,9
DANERCY,3,6,9
EMERIS,3,6,9
ERISELA,3,6,9
ERNEL,3,6,9
ESBELA,3,6,9
EVERALDA,3,6,9
FERMANDO,3,6,9
GALLARDO,3,6,9
GAUDENCIO,3,6,9
GUALDEMAR,3,6,9
HARLINTON,3,6,9
IGDALIA,3,6,9
IXELA,3,6,9
JANNINA,3,6,9
JESUALDO,3,6,9
JEXABEL,3,6,9
JOSELYNE,3,6,9
JUAN JOSE,3,6,9
KAREL,3,6,9
LEY,3,6,9
LIBARDO,3,6,9
LISIA,3,6,9
MADAHI,3,6,9
MALGARITO,3,6,9
MALVINA,3,6,9
MANFREDI,3,6,9
MARIL,3,6,9
MARLENN,3,6,9
MARTZA,3,6,9
MAURISIO,3,6,9
MAYRENA,3,6,9
MERLENE,3,6,9
MIRELLE,3,6,9
ONAYDA,3,6,9
OVELIN,3,6,9
ROSA DEL CARMEN,3,6,9
ROSILIA,3,6,9
ROSYBELL,3,6,9
RUDERY,3,6,9
SADAT,3,6,9
SADIK,3,6,9
SALUSTIA,3,6,9
SARON,3,6,9
SIHOMARA,3,6,9
SILVANIA,3,6,9
SIMMONS,3,6,9
SINDIMIO,3,6,9
SUGERY,3,6,9
YOJANIS,3,6,9
YSOLINA,3,6,9
ZAID,3,6,9
ABRAAN,4,5,9
ALDIFONZA,4,5,9
ALGERIA,4,5,9
ALVAREZ,4,5,9
ANATANAEL,4,5,9
ANAUL,4,5,9
ANDER,4,5,9
ANGELITO,4,5,9
ARASELIS,4,5,9
ARGENIO,4,5,9
ARLETT,4,5,9
BRENDALY,4,5,9
CARITZA,4,5,9
CECILE,4,5,9
CONSORCIA,4,5,9
DAMARES,4,5,9
DARIANA,4,5,9
DARREL,4,5,9
DEONISIO,4,5,9
DICENIA,4,5,9
DONAIRA,4,5,9
EDIXA,4,5,9
ELEIDA,4,5,9
ELENOR,4,5,9
ELIANY,4,5,9
ELISANDRA,4,5,9
ELONIA,4,5,9
ENAIN,4,5,9
ERADMO,4,5,9
ERMELO,4,5,9
ERODIS,4,5,9
ESMIR,4,5,9
EULISER,4,5,9
EVELINO,4,5,9
FLORICIO,4,5,9
GARDEL,4,5,9
GICEL,4,5,9
GICELDA,4,5,9
HISLENA,4,5,9
HUNIBERTO,4,5,9
INOCENSIO,4,5,9
IRENA,4,5,9
JIOCONDA,4,5,9
JOVELINA,4,5,9
LEONELDA,4,5,9
LEONISIO,4,5,9
LEONSIA,4,5,9
LEOVIJILDO,4,5,9
LID,4,5,9
LUCENIA,4,5,9
LUTGARDA,4,5,9
LUZGARDO,4,5,9
MARISELY,4,5,9
MEREDITH,4,5,9
MINELVA,4,5,9
NOVEL,4,5,9
ONNIEL,4,5,9
ORLENY,4,5,9
OSVEL,4,5,9
OVIL,4,5,9
PAQUITA,4,5,9
RAKEL,4,5,9
RODERICK,4,5,9
ROSMERIN,4,5,9
SIJAN,4,5,9
URY,4,5,9
VELISARIO,4,5,9
WARD,4,5,9
ADAMS,5,4,9
ALBANO,5,4,9
ALICIO,5,4,9
ALTON,5,4,9
ANJELINA,5,4,9
BADER,5,4,9
BELARMIN,5,4,9
BELISARIA,5,4,9
BESAIDA,5,4,9
BETILIA,5,4,9
BIATRIS,5,4,9
CLARINDA,5,4,9
CRESPIN,5,4,9
DANLI,5,4,9
DELENIA,5,4,9
DIOMEDEZ,5,4,9
DIONE,5,4,9
DODA,5,4,9
EBEL,5,4,9
EBERTA,5,4,9
EDICSON,5,4,9
ELIJIO,5,4,9
ELSWORTH,5,4,9
EMERLINDA,5,4,9
ERCELIA,5,4,9
ERMENEJILDA,5,4,9
EUDELIO,5,4,9
EVANGELA,5,4,9
FRATERNO,5,4,9
GEMINA,5,4,9
IDOLINDA,5,4,9
IZMAEL,5,4,9
JOHANNES,5,4,9
JUDID,5,4,9
KAIN,5,4,9
KENER,5,4,9
LEDENIA,5,4,9
LICELY,5,4,9
LIONILA,5,4,9
MARGORIE,5,4,9
MEBEL,5,4,9
MEDARY,5,4,9
MERQUIADES,5,4,9
NOHEMA,5,4,9
NORMANDI,5,4,9
NUMIDIA,5,4,9
ODINA,5,4,9
OSIRIA,5,4,9
PLUTARCA,5,4,9
RANDOLF,5,4,9
ROBERTILIA,5,4,9
ROMONA,5,4,9
ROSA LINDA,5,4,9
ROSANIA,5,4,9
ROSANIO,5,4,9
RUBINDA,5,4,9
SERBANDA,5,4,9
SIRLENY,5,4,9
UGENIA,5,4,9
VILIA,5,4,9
WENDER,5,4,9
WINSOR,5,4,9
YANARIS,5,4,9
YAZMINA,5,4,9
YOLANDINA,5,4,9
YUDINIA,5,4,9
ABRIL,6,3,9
ADULIA,6,3,9
ALGEL,6,3,9
ANDERSY,6,3,9
ANUNCIA,6,3,9
ARMEL,6,3,9
ARTENIA,6,3,9
AULBERTO,6,3,9
AVA,6,3,9
AVILA,6,3,9
BISMARCK,6,3,9
CARMIN,6,3,9
CAYO,6,3,9
CLARICIA,6,3,9
COLOMBA,6,3,9
DANIER,6,3,9
DENNIE,6,3,9
DEWEY,6,3,9
DIMAN,6,3,9
DIONNE,6,3,9
DONACIA,6,3,9
ELIBEN,6,3,9
ELIOT,6,3,9
ELISERIA,6,3,9
EMEDEA,6,3,9
ENOEMI,6,3,9
ERMOSINDA,6,3,9
ESMEREGILDA,6,3,9
ESMERIDA,6,3,9
EVANJELINA,6,3,9
EVIDIA,6,3,9
GRACO,6,3,9
GRASIELA,6,3,9
GUILEBALDO,6,3,9
HEWITT,6,3,9
HILDEGARDA,6,3,9
JOHAIRA,6,3,9
LANDIS,6,3,9
LILIN,6,3,9
LOURDEN,6,3,9
LUBIN,6,3,9
LUPERCIA,6,3,9
MISALIA,6,3,9
NABOR,6,3,9
NELO,6,3,9
OFRACIO,6,3,9
OLDEN,6,3,9
ORLINA,6,3,9
PRADIS,6,3,9
PRAJEDES,6,3,9
PRESILIANO,6,3,9
REJINO,6,3,9
RENIERYS,6,3,9
RUBERTO,6,3,9
RUDESINDO,6,3,9
RUTHBELIA,6,3,9
SECUNDA,6,3,9
SHUCRI,6,3,9
SKARLET,6,3,9
TAYLOR,6,3,9
TIODOSO,6,3,9
VELIZ,6,3,9
VILMAN,6,3,9
WILLFREDO,6,3,9
YERAL,6,3,9
YRIS,6,3,9
ADELISA,7,2,9
AGRIPITA,7,2,9
ALIXON,7,2,9
ALSON,7,2,9
AMMY,7,2,9
ARI,7,2,9
AUNNER,7,2,9
BENERALDO,7,2,9
BERENICIA,7,2,9
BERLI,7,2,9
BERYL,7,2,9
BETTYS,7,2,9
BITA,7,2,9
CILA,7,2,9
CRISELDO,7,2,9
DANIELINA,7,2,9
DERIN,7,2,9
DESIDORO,7,2,9
EBAL,7,2,9
EGBERT,7,2,9
EGMA,7,2,9
ELAIDA,7,2,9
ELIDENIA,7,2,9
ELLI,7,2,9
EMERENCIANO,7,2,9
ERASMINA,7,2,9
ERMISELDA,7,2,9
ESMUNDA,7,2,9
EVALINA,7,2,9
FLORALIA,7,2,9
FLORINDALMA,7,2,9
FLOY,7,2,9
FREDELINDA,7,2,9
GARIN,7,2,9
GENA,7,2,9
GREBIS,7,2,9
HALMAR,7,2,9
HARBY,7,2,9
HARLYN,7,2,9
HELLY,7,2,9
HERADIO,7,2,9
HIRIS,7,2,9
JACOVO,7,2,9
JANDY,7,2,9
JENNER,7,2,9
JONNI,7,2,9
JULI,7,2,9
KARYN,7,2,9
KENNER,7,2,9
KING,7,2,9
KRISHNA,7,2,9
LANDA,7,2,9
LANDELINA,7,2,9
LANDY,7,2,9
MAGGIE,7,2,9
MAIREN,7,2,9
MARIA MERCEDES,7,2,9
MAYBELLE,7,2,9
MEDIS,7,2,9
MICAILA,7,2,9
MIMIA,7,2,9
NADIME,7,2,9
NAVI,7,2,9
NELDI,7,2,9
NICANORA,7,2,9
NIELSEN,7,2,9
NOLASCA,7,2,9
NOLIS,7,2,9
NOREEN,7,2,9
NORVERTA,7,2,9
OBIL,7,2,9
OFEMIA,7,2,9
OTO,7,2,9
OVIN,7,2,9
OVIS,7,2,9
POMILA,7,2,9
REFUGIA,7,2,9
RIDONIEL,7,2,9
ROSNE,7,2,9
ROYCE,7,2,9
SOCIMO,7,2,9
TARYN,7,2,9
TENIA,7,2,9
TEODOZA,7,2,9
TORIVIA,7,2,9
ULISA,7,2,9
VERLIN,7,2,9
YAIRA,7,2,9
YANIA,7,2,9
YU,7,2,9
ADISLADA,8,1,9
ALDIS,8,1,9
ANNEL,8,1,9
ANOLA,8,1,9
BALTA,8,1,9
BOB,8,1,9
CHUCRY,8,1,9
CLIVIA,8,1,9
CORCINDA,8,1,9
DAYSIS,8,1,9
DENNISS,8,1,9
DIVIS,8,1,9
DON,8,1,9
DUARTE,8,1,9
EDDYN,8,1,9
EDWER,8,1,9
ERMOJENES,8,1,9
ESDRA,8,1,9
EULYN,8,1,9
FARY,8,1,9
FELISCITAS,8,1,9
FILIBALDO,8,1,9
FRANSI,8,1,9
FREDIE,8,1,9
GABRY,8,1,9
GENDRI,8,1,9
GILDER,8,1,9
GLENNIS,8,1,9
GOMER,8,1,9
GUILBERT,8,1,9
HILZA,8,1,9
IGNA,8,1,9
ILKA,8,1,9
IVEN,8,1,9
JENEE,8,1,9
JERLY,8,1,9
JESI,8,1,9
JILMER,8,1,9
JORAM,8,1,9
JORIN,8,1,9
JUAN DE JESUS,8,1,9
KENTON,8,1,9
KEYRA,8,1,9
KILDER,8,1,9
KILMER,8,1,9
LARIS,8,1,9
LEIRA,8,1,9
LIJIA,8,1,9
LILYAN,8,1,9
LIRIAN,8,1,9
LISBIA,8,1,9
LOLI,8,1,9
LURBIS,8,1,9
LURVIS,8,1,9
MAINE,8,1,9
MARFA,8,1,9
MARSELINO,8,1,9
MATHA,8,1,9
MAUXIMA,8,1,9
MAVIL,8,1,9
MAYO,8,1,9
MELBIA,8,1,9
MILZA,8,1,9
MITRIDA,8,1,9
MITZA,8,1,9
NARY,8,1,9
NEIBY,8,1,9
NELSYN,8,1,9
NIMSI,8,1,9
NORALBA,8,1,9
NORDIA,8,1,9
NOVIA,8,1,9
OBER,8,1,9
OLVA,8,1,9
ORSY,8,1,9
OSLYN,8,1,9
OSNI,8,1,9
POLICARPIO,8,1,9
QUERIN,8,1,9
RAFAILINA,8,1,9
RANFIS,8,1,9
REINAN,8,1,9
RODES,8,1,9
ROSILDA,8,1,9
RUSBINDA,8,1,9
SAMER,8,1,9
SHIRLY,8,1,9
TANY,8,1,9
TEONILO,8,1,9
THONY,8,1,9
TRINI,8,1,9
TRUDY,8,1,9
UBER,8,1,9
VINA,8,1,9
WARNER,8,1,9
YAQUI,8,1,9
YELIN,8,1,9
ADIZ,9,0,9
ALISSON,9,0,9
ANYELO,9,0,9
AVY,9,0,9
BEKER,9,0,9
BELKYN,9,0,9
CARI,9,0,9
CELBYN,9,0,9
CELVYN,9,0,9
CEYDI,9,0,9
DAIRA,9,0,9
DECSI,9,0,9
DECSY,9,0,9
DELFIDO,9,0,9
DEYDI,9,0,9
DEYLIN,9,0,9
DIRIAM,9,0,9
DORIAM,9,0,9
EDES,9,0,9
ERYN,9,0,9
EULIN,9,0,9
EYVIS,9,0,9
EZRA,9,0,9
FILMOR,9,0,9
FRANKIE,9,0,9
GELDA,9,0,9
GERSY,9,0,9
GINO,9,0,9
GIUVER,9,0,9
GREDIL,9,0,9
GUILDA,9,0,9
GUILLIAN,9,0,9
HALLAN,9,0,9
HAMLET,9,0,9
HELMY,9,0,9
HELVIA,9,0,9
HINGRIS,9,0,9
HUBENER,9,0,9
IMA,9,0,9
IRCIA,9,0,9
JEFREY,9,0,9
JEIMMY,9,0,9
JENSEN,9,0,9
JOS,9,0,9
JOSE DE LA PAZ,9,0,9
KARE,9,0,9
KENNYA,9,0,9
KEYBI,9,0,9
KEYBY,9,0,9
KEYRI,9,0,9
LEILIS,9,0,9
LORNY,9,0,9
LURY,9,0,9
MARVY,9,0,9
MEYLAN,9,0,9
MILVIAN,9,0,9
MIXY,9,0,9
MORLY,9,0,9
MRIA,9,0,9
NANCIS,9,0,9
NESKIN,9,0,9
NINCY,9,0,9
NINO,9,0,9
NOLBA,9,0,9
NOLMIN,9,0,9
ODMAN,9,0,9
OLDRIN,9,0,9
ORA,9,0,9
OSWIN,9,0,9
PERSI,9,0,9
PREDESVINDA,9,0,9
RENSON,9,0,9
RICSY,9,0,9
RITZY,9,0,9
RODDY,9,0,9
ROGOBERTO,9,0,9
ROSAMINDA,9,0,9
ROTHMAN,9,0,9
SELIO,9,0,9
SELMI,9,0,9
SHERY,9,0,9
SILVIDA,9,0,9
SOINER,9,0,9
SUNIA,9,0,9
SWANY,9,0,9
TELMY,9,0,9
VICKI,9,0,9
XOCHILT,9,0,9
YECI,9,0,9
YELSY,9,0,9
YESLIN,9,0,9
YESSYCA,9,0,9
YONGER,9,0,9
YORBIN,9,0,9
YSIDRO,9,0,9
ADGARDO,0,8,8
ALBERTY,0,8,8
ALISET,0,8,8
AMILETH,0,8,8
ANAICEL,0,8,8
BLANCA ESTELA,0,8,8
COCEPCION,0,8,8
CRISOSTO,0,8,8
DE GUADALUPE,0,8,8
DE GUZMAN,0,8,8
DE LA ESPERANZA,0,8,8
DE LA SOLEDAD,0,8,8
DE PAULA,0,8,8
DEL    ROSARIO,0,8,8
DEL ALBA,0,8,8
DEL JESUS,0,8,8
DEL SEËOR,0,8,8
ELUDINA,0,8,8
EMINOLDA,0,8,8
ESSAU,0,8,8
GEOVANDO,0,8,8
GUISSEL,0,8,8
IBRENETH,0,8,8
JARLENY,0,8,8
JASSEL,0,8,8
JHAMILETH,0,8,8
JUANA ANTONIA,0,8,8
JUDIC,0,8,8
LECENIA,0,8,8
LEZZETH,0,8,8
LICETTE,0,8,8
LINETT,0,8,8
MARTHA ISABEL,0,8,8
MINELLY,0,8,8
NADIESKA,0,8,8
NOTIEL,0,8,8
ONORINDA,0,8,8
OSAEL,0,8,8
REMINDER,0,8,8
RISSELDY,0,8,8
SANTOS DOMINGO,0,8,8
SANTOS INES,0,8,8
SEZAR,0,8,8
YAMARA,0,8,8
YANELIN,0,8,8
YULET,0,8,8
YULIBET,0,8,8
ALEIDINA,1,7,8
ALFREDI,1,7,8
AMARU,1,7,8
ANABETH,1,7,8
ANADIN,1,7,8
ANDELY,1,7,8
AQUILO,1,7,8
ARACELIDA,1,7,8
ARDONIO,1,7,8
ARLIETH,1,7,8
ARLINTO,1,7,8
AZARIEL,1,7,8
AZUZENA,1,7,8
BERNARDETTE,1,7,8
BEXABE,1,7,8
BLANCA LIDIA,1,7,8
CRISTINE,1,7,8
DIAMARA,1,7,8
DIANN,1,7,8
DOLINETH,1,7,8
EDENILSON,1,7,8
EDUVIGUEZ,1,7,8
ERICELA,1,7,8
ESTIVEN,1,7,8
GAMANIEL,1,7,8
GOEL,1,7,8
HUGUETH,1,7,8
IDILBERTO,1,7,8
IRAENA,1,7,8
IRLANDO,1,7,8
ISABEL DE JESUS,1,7,8
ISABELL,1,7,8
ISLEN,1,7,8
JANELLY,1,7,8
JEAMILETE,1,7,8
JEAQUELIN,1,7,8
JEOVANIE,1,7,8
JHANET,1,7,8
JHONATHAN,1,7,8
LAO,1,7,8
LILYBETH,1,7,8
LIVORIO,1,7,8
LIZENIA,1,7,8
LOLIBEL,1,7,8
LOREY,1,7,8
MARIBI,1,7,8
O,1,7,8
ORVELI,1,7,8
OSCARINA,1,7,8
OVITA,1,7,8
REINERO,1,7,8
SANTOS ENRIQUE,1,7,8
SIMEI,1,7,8
YACELI,1,7,8
YAHEL,1,7,8
YANINI,1,7,8
YOGENA,1,7,8
YOLANA,1,7,8
ABADY,2,6,8
ABAT,2,6,8
ABETH,2,6,8
ADBERTO,2,6,8
ALCIRO,2,6,8
ALECCI,2,6,8
ALEXSANDRA,2,6,8
ALIDER,2,6,8
ALVAN,2,6,8
AMALFI,2,6,8
ARACELIZ,2,6,8
ARBEY,2,6,8
ARELLY,2,6,8
ARLENA,2,6,8
ARNOLFO,2,6,8
ARODYS,2,6,8
AVELIA,2,6,8
AVELINDA,2,6,8
BARUC,2,6,8
BERALY,2,6,8
CANICIO,2,6,8
CARMINIA,2,6,8
CASTALIA,2,6,8
CATINA,2,6,8
CONRAD,2,6,8
DALBERTO,2,6,8
DARI,2,6,8
DARLENI,2,6,8
DAVI,2,6,8
DAYANY,2,6,8
DOANY,2,6,8
DONELSI,2,6,8
DORENA,2,6,8
DUBILA,2,6,8
DUXOLINA,2,6,8
EBELI,2,6,8
EDELIS,2,6,8
EDON,2,6,8
EDUVI,2,6,8
ESNELY,2,6,8
FECUNDA,2,6,8
FERBINDO,2,6,8
GESABEL,2,6,8
GUANERGES,2,6,8
GUISELLA,2,6,8
HERBERTO,2,6,8
HERMIDIO,2,6,8
HIBET,2,6,8
IONA,2,6,8
ISAIA,2,6,8
ISAIDA,2,6,8
JACQUELYN,2,6,8
JASENIA,2,6,8
JASSENIA,2,6,8
JAVIN,2,6,8
JEANNET,2,6,8
JONNATAN,2,6,8
LAUDINA,2,6,8
LEO DAN,2,6,8
LILLIANA,2,6,8
LISANDER,2,6,8
MAHOMAR,2,6,8
MARBEYA,2,6,8
MARUBENI,2,6,8
MARYERI,2,6,8
MARYLI,2,6,8
MATIAZ,2,6,8
MERENCIANA,2,6,8
MIGDALY,2,6,8
MILET,2,6,8
MIRIO,2,6,8
NAIM,2,6,8
NAOMI,2,6,8
NICOLA,2,6,8
NORBELI,2,6,8
NORELA,2,6,8
OBELY,2,6,8
ODALMI,2,6,8
ORESTELIA,2,6,8
ORNOBIO,2,6,8
PABLO DE JESUS,2,6,8
PRICILIA,2,6,8
RANDULFO,2,6,8
RILEY,2,6,8
RODIVEL,2,6,8
RONELY,2,6,8
SABEYDA,2,6,8
SAIR,2,6,8
SAMARI,2,6,8
SULLAPA,2,6,8
TIONILA,2,6,8
VEATRIS,2,6,8
VENECIA,2,6,8
WANESSA,2,6,8
XABIER,2,6,8
YANIR,2,6,8
YANYRA,2,6,8
YASIBEL,2,6,8
YASSIN,2,6,8
YESELY,2,6,8
YESSIL,2,6,8
YOKASTA,2,6,8
ZARAHI,2,6,8
ZUZANA,2,6,8
ABIDAIL,3,5,8
ABSOLON,3,5,8
ADALGICIA,3,5,8
ADONIEL,3,5,8
AGRORA,3,5,8
ALCIBIADES,3,5,8
ALEIDY,3,5,8
ALSTON,3,5,8
ALVIRA,3,5,8
AMAPARO,3,5,8
AMARILDO,3,5,8
ANAIAS,3,5,8
ANELIS,3,5,8
ARMIDES,3,5,8
ATAHUALPA,3,5,8
AUDOMILIA,3,5,8
AUDORA,3,5,8
BENECIA,3,5,8
BERSABAS,3,5,8
CARLITA,3,5,8
CARMIËA,3,5,8
CESIBEL,3,5,8
CHARITO,3,5,8
DIN,3,5,8
EDMERITA,3,5,8
ELIET,3,5,8
ELROY,3,5,8
EMERZON,3,5,8
EMIRE,3,5,8
ENEY,3,5,8
ERCULIANA,3,5,8
EREMITA,3,5,8
ERODINA,3,5,8
EROLINDA,3,5,8
ESMEL,3,5,8
ESMELI,3,5,8
ESTELO,3,5,8
ESTERLI,3,5,8
EVERLY,3,5,8
FAUDILIA,3,5,8
FERMINDO,3,5,8
FIDIA,3,5,8
GILDARDO,3,5,8
IBELDA,3,5,8
IRAM,3,5,8
ISNAN,3,5,8
JEMIMAH,3,5,8
JEOVANA,3,5,8
JOSAFATH,3,5,8
JUDETH,3,5,8
KILTER,3,5,8
LABAN,3,5,8
LADINIA,3,5,8
LAMBERT,3,5,8
LAUDENIA,3,5,8
LEBITH,3,5,8
LEOMAR,3,5,8
LUCIEN,3,5,8
LUORDES,3,5,8
MAC,3,5,8
MAGDIELA,3,5,8
MARIANELLA,3,5,8
MARIELLE,3,5,8
MARIXOL,3,5,8
MAYEN,3,5,8
MEDIN,3,5,8
MERADI,3,5,8
MERALDA,3,5,8
OBEYDA,3,5,8
ODALINA,3,5,8
ODENA,3,5,8
ONORATA,3,5,8
OSNEYDA,3,5,8
OVALDINA,3,5,8
OVILZON,3,5,8
PACELY,3,5,8
PRADIT,3,5,8
PRESLEY,3,5,8
PRICILO,3,5,8
PROFETA,3,5,8
RAMIREZ,3,5,8
REINIER,3,5,8
RUBINIA,3,5,8
SADOC,3,5,8
SALINA,3,5,8
SARITH,3,5,8
SARONY,3,5,8
SOREA,3,5,8
SULEIKA,3,5,8
SULEYKA,3,5,8
TITINA,3,5,8
UBINA,3,5,8
ULPIANO,3,5,8
VICDONIO,3,5,8
VIDILIA,3,5,8
YARISA,3,5,8
YORDANA,3,5,8
ZADI,3,5,8
ZAFIRA,3,5,8
ALDY,4,4,8
AMABILIA,4,4,8
AMNERIS,4,4,8
ANABEY,4,4,8
ANTIDIO,4,4,8
ARITA,4,4,8
ARNELIA,4,4,8
ARSELIA,4,4,8
ARSOBI,4,4,8
ASELA,4,4,8
BASILIZA,4,4,8
BEDARDO,4,4,8
BENBENUTA,4,4,8
BENISIA,4,4,8
BESAYDA,4,4,8
BLASS,4,4,8
BOANERJES,4,4,8
CARLOS DE JESUS,4,4,8
CARLTON,4,4,8
DEICE,4,4,8
DELBERT,4,4,8
DINAVEL,4,4,8
DORISTELA,4,4,8
DURBY,4,4,8
EBED,4,4,8
EDOLINA,4,4,8
EDULFA,4,4,8
ELFREN,4,4,8
ELIASIN,4,4,8
ELISNORA,4,4,8
ELIVORIO,4,4,8
ELIXA,4,4,8
ELORGIA,4,4,8
ELVID,4,4,8
EMBERTO,4,4,8
EMIRTO,4,4,8
ESTELMA,4,4,8
EUDOSIO,4,4,8
FLORANGELY,4,4,8
FRANCESCA,4,4,8
HELAMAN,4,4,8
IDALBERTO,4,4,8
IDALDA,4,4,8
INDALESIA,4,4,8
ISMENDA,4,4,8
JENOVEBA,4,4,8
JERONCIO,4,4,8
JUN,4,4,8
LIDIAN,4,4,8
LIDUVINO,4,4,8
LIZARDA,4,4,8
MAHALI,4,4,8
MARE,4,4,8
MARIA DEL PILAR,4,4,8
MARIEN,4,4,8
MARTEL,4,4,8
MARYLENA,4,4,8
MENAEN,4,4,8
MILEYDIS,4,4,8
NADEZHDA,4,4,8
NADIR,4,4,8
NOLMI,4,4,8
NORAIDA,4,4,8
ODALMIS,4,4,8
ORFELINDA,4,4,8
OROMICILA,4,4,8
RANSES,4,4,8
REDULO,4,4,8
RICALMA,4,4,8
RICKIE,4,4,8
RISELDA,4,4,8
RIVAS,4,4,8
ROBELIA,4,4,8
RONG,4,4,8
ROSSIBELL,4,4,8
RUDIC,4,4,8
SAMANDA,4,4,8
SANABRIA,4,4,8
SANDERS,4,4,8
SARALY,4,4,8
SATURDINO,4,4,8
SENELIA,4,4,8
SOAMY,4,4,8
THAMAR,4,4,8
TIRZO,4,4,8
TRIMILDA,4,4,8
UBANDO,4,4,8
UBELINDA,4,4,8
VELENTINA,4,4,8
VERCELI,4,4,8
VIANNY,4,4,8
VINCENT,4,4,8
VIRMANIA,4,4,8
YAJAHIRA,4,4,8
YANUARIA,4,4,8
YARISSA,4,4,8
YOANI,4,4,8
YOLINA,4,4,8
ZELEDON,4,4,8
ZHEN,4,4,8
ZULI,4,4,8
ABUNDINO,5,3,8
ADILSA,5,3,8
ADMIN,5,3,8
AIDY,5,3,8
ALBERTIN,5,3,8
ALINDA,5,3,8
ALIPIA,5,3,8
ANADELIS,5,3,8
ANELSO,5,3,8
ANIDIA,5,3,8
ANORIA,5,3,8
ARCESIO,5,3,8
ARDULFO,5,3,8
AYARI,5,3,8
BIBIAM,5,3,8
BRADYS,5,3,8
BRENT,5,3,8
BRIZELDA,5,3,8
CELVIS,5,3,8
CHUN,5,3,8
CLEMETINA,5,3,8
CLIFTON,5,3,8
CONSESA,5,3,8
CORINO,5,3,8
CRISALIDA,5,3,8
DEIS,5,3,8
DELSIA,5,3,8
DILCIANA,5,3,8
DINAYDA,5,3,8
DIONELA,5,3,8
DIRIA,5,3,8
DIRLO,5,3,8
DONAMIN,5,3,8
DOYLE,5,3,8
DUBLIN,5,3,8
EBIL,5,3,8
EIFRAIN,5,3,8
ELCIAS,5,3,8
ELEYDA,5,3,8
ELFIDA,5,3,8
ELISENIA,5,3,8
ENELSO,5,3,8
ERICSON,5,3,8
ESBAN,5,3,8
EUSTASIA,5,3,8
EUSTOLIA,5,3,8
EVERLIN,5,3,8
FILMO,5,3,8
FROYLANA,5,3,8
GELI,5,3,8
GIANNINA,5,3,8
GILA,5,3,8
GILKANA,5,3,8
GRADIZ,5,3,8
GROLVIN,5,3,8
HERCULES,5,3,8
HIDANIA,5,3,8
IBERIA,5,3,8
IDELFONSA,5,3,8
IDI,5,3,8
ISAA,5,3,8
JIMENEZ,5,3,8
JOSUEE,5,3,8
LEONILDO,5,3,8
LINAURO,5,3,8
LISDENY,5,3,8
LISELDA,5,3,8
LISI,5,3,8
LURDEZ,5,3,8
LURIA,5,3,8
LUVY,5,3,8
MAHLI,5,3,8
MARCOTULIO,5,3,8
MARIA CRISTINA,5,3,8
MARLONG,5,3,8
MELVINA,5,3,8
MEY,5,3,8
MILEIDI,5,3,8
MIRAN,5,3,8
MIRELIDA,5,3,8
MISAELA,5,3,8
MIXELEN,5,3,8
MONCHA,5,3,8
MYRON,5,3,8
NADEZDA,5,3,8
NAVAS,5,3,8
NESTORA,5,3,8
NILSSON,5,3,8
NOHEMIA,5,3,8
NORMANDA,5,3,8
OSBINDA,5,3,8
PANCRACIO,5,3,8
PATROCINA,5,3,8
POTENCIANO,5,3,8
RAINIER,5,3,8
RAYNELDA,5,3,8
REGINALD,5,3,8
REINE,5,3,8
RENDOLFO,5,3,8
ROCELIS,5,3,8
ROSLY,5,3,8
SARMIENTO,5,3,8
SEVERINA,5,3,8
SINDULFA,5,3,8
SIVIS,5,3,8
STACY,5,3,8
TARSILA,5,3,8
TRIFINO,5,3,8
UDELFA,5,3,8
ULDEBINA,5,3,8
VAYARDO,5,3,8
VETIS,5,3,8
VIANY,5,3,8
WENCES,5,3,8
YOGELY,5,3,8
YOSMARI,5,3,8
YSIDRA,5,3,8
ZORINA,5,3,8
ALLANS,6,2,8
AMER,6,2,8
ASUCELINDA,6,2,8
AUDORO,6,2,8
BALDOME,6,2,8
BELIDA,6,2,8
BELIZARIA,6,2,8
BELTY,6,2,8
BEMBENUTA,6,2,8
BENARDINO,6,2,8
BERCELIA,6,2,8
BERNIS,6,2,8
BERTOLDINA,6,2,8
BETHIS,6,2,8
BICITACION,6,2,8
BRENDI,6,2,8
CLAUDINE,6,2,8
CRISPINIANO,6,2,8
DAYER,6,2,8
DEMESIA,6,2,8
DEMILDA,6,2,8
DENIN,6,2,8
DIOPOLDO,6,2,8
DONELDA,6,2,8
DORN,6,2,8
DUVIA,6,2,8
EDICA,6,2,8
EDUER,6,2,8
EGDORA,6,2,8
EMELEO,6,2,8
EMILI,6,2,8
ERIDA,6,2,8
ERMELITO,6,2,8
ESMERITO,6,2,8
EYNER,6,2,8
FRANCICO,6,2,8
FRANQUIS,6,2,8
GANDY,6,2,8
GUDELIO,6,2,8
GUILERMINA,6,2,8
HANDY,6,2,8
HERCULIANA,6,2,8
HERMILIA,6,2,8
HIGNACIO,6,2,8
HURI,6,2,8
JAMY,6,2,8
JOSLIN,6,2,8
JUVENCE,6,2,8
KAROLIN,6,2,8
LADI,6,2,8
LAURDES,6,2,8
LAURISTELA,6,2,8
LESSI,6,2,8
LOUDES,6,2,8
MARBELL,6,2,8
MARGERY,6,2,8
MARIXABEL,6,2,8
MARTALINA,6,2,8
MEBIS,6,2,8
MELQUEADES,6,2,8
NARZISA,6,2,8
NELDY,6,2,8
NEXON,6,2,8
OCTASIANO,6,2,8
ORVEL,6,2,8
PERCEVERANDA,6,2,8
REINELIO,6,2,8
REJINA,6,2,8
ROS,6,2,8
ROSICELA,6,2,8
ROSSEMARY,6,2,8
SAGRADA,6,2,8
SAIRO,6,2,8
SERRANO,6,2,8
SHAWN,6,2,8
SOLIMINDA,6,2,8
TASHA,6,2,8
TRUDIS,6,2,8
UDBALDO,6,2,8
ULALIA,6,2,8
ULVIA,6,2,8
VELDA,6,2,8
VESPACIANO,6,2,8
VIDALMIR,6,2,8
WUILDER,6,2,8
YAMIS,6,2,8
YONIA,6,2,8
ABELIZARIO,7,1,8
AURENCIA,7,1,8
BEMIS,7,1,8
BERNY,7,1,8
BERRY,7,1,8
BESER,7,1,8
BETHA,7,1,8
BETZA,7,1,8
BEYSI,7,1,8
BIRON,7,1,8
BRANDIS,7,1,8
BRENDALI,7,1,8
CELZA,7,1,8
CORIS,7,1,8
DARIAN,7,1,8
DASMY,7,1,8
DECXI,7,1,8
DEIDY,7,1,8
DEILY,7,1,8
DEL,7,1,8
DEONISIA,7,1,8
DERSY,7,1,8
DIA,7,1,8
DICSY,7,1,8
DILBERT,7,1,8
DIXE,7,1,8
DOMETILA,7,1,8
DONICIA,7,1,8
DONIE,7,1,8
DONNINA,7,1,8
DOREEN,7,1,8
DOWGLAS,7,1,8
DULMAN,7,1,8
DUNYA,7,1,8
EDIER,7,1,8
EIDI,7,1,8
ELKI,7,1,8
ELLIE,7,1,8
ELOISO,7,1,8
ENIN,7,1,8
ENIR,7,1,8
ENIZ,7,1,8
ERCY,7,1,8
EYBIN,7,1,8
FLORIPA,7,1,8
FRANQUIN,7,1,8
FREDELVINDA,7,1,8
FULVIA,7,1,8
GELMIN,7,1,8
GOLVIN,7,1,8
HARIM,7,1,8
HAWARD,7,1,8
HEDIN,7,1,8
HELA,7,1,8
HERCILIO,7,1,8
HERZON,7,1,8
HOLGER,7,1,8
ISI,7,1,8
JIME,7,1,8
KARLOS,7,1,8
KARLY,7,1,8
KENET,7,1,8
KEWIN,7,1,8
LEDVY,7,1,8
LEODINA,7,1,8
LEYSI,7,1,8
LINCY,7,1,8
LINNY,7,1,8
LORAN,7,1,8
LUDIZ,7,1,8
LUGO,7,1,8
LUVIN,7,1,8
MARBEN,7,1,8
MARDEL,7,1,8
MARDI,7,1,8
MARLES,7,1,8
MARLOM,7,1,8
MARSI,7,1,8
MARUCA,7,1,8
MAYCO,7,1,8
MILBIAN,7,1,8
MILLY,7,1,8
MILO,7,1,8
MIQUEAS,7,1,8
NARCI,7,1,8
NARZISO,7,1,8
NAYLA,7,1,8
NECTALIO,7,1,8
NELDO,7,1,8
NELSIA,7,1,8
NESKEN,7,1,8
NETZER,7,1,8
NIXZA,7,1,8
NORIAN,7,1,8
NORIZ,7,1,8
OCTAVILIA,7,1,8
OMILDA,7,1,8
ORPHA,7,1,8
ORVA,7,1,8
OSANIN,7,1,8
OSKAR,7,1,8
OSMEN,7,1,8
POLICARPIA,7,1,8
PRISILIANA,7,1,8
RORY,7,1,8
ROSAMARIA,7,1,8
ROSSNER,7,1,8
SABASTIANA,7,1,8
SARAMELIA,7,1,8
SERBIN,7,1,8
SIDAR,7,1,8
SILBINO,7,1,8
SILPA,7,1,8
SIMPLICIA,7,1,8
SISSY,7,1,8
SMELLING,7,1,8
TEX,7,1,8
UNA,7,1,8
VESY,7,1,8
VETI,7,1,8
VINIA,7,1,8
WALLY,7,1,8
WATHER,7,1,8
WILY,7,1,8
YOLMAN,7,1,8
YORYI,7,1,8
YULIOS,7,1,8
YUNER,7,1,8
ZELFA,7,1,8
ACSA,8,0,8
AMRIA,8,0,8
ANALINDA,8,0,8
ANCO,8,0,8
BANNY,8,0,8
BEJAMIN,8,0,8
BELCY,8,0,8
BELSIS,8,0,8
BICENTA,8,0,8
BONNY,8,0,8
BRENNY,8,0,8
CALUDIA,8,0,8
CELMAN,8,0,8
CEYLA,8,0,8
CINDIA,8,0,8
CLARDY,8,0,8
CLEDY,8,0,8
CLEOTILDA,8,0,8
DARQUIN,8,0,8
DELBIA,8,0,8
DELFIDIA,8,0,8
DELSON,8,0,8
DIGLA,8,0,8
DILCIAN,8,0,8
DIXSA,8,0,8
DOMICIANA,8,0,8
DUBLAN,8,0,8
DUBY,8,0,8
DULA,8,0,8
DULMA,8,0,8
DULMY,8,0,8
DULSE,8,0,8
EDDWIN,8,0,8
EKAR,8,0,8
ELZIN,8,0,8
EMIRNA,8,0,8
EMMER,8,0,8
EMSLY,8,0,8
ENER,8,0,8
ENNI,8,0,8
ERWYN,8,0,8
FAUTA,8,0,8
FLOR DE MARIA,8,0,8
GAUDY,8,0,8
GOLVER,8,0,8
GREISI,8,0,8
GRINDIS,8,0,8
HAYDI,8,0,8
HELBERT,8,0,8
HENNY,8,0,8
HERI,8,0,8
HERTZAN,8,0,8
HEYDA,8,0,8
HEYDIE,8,0,8
HORUS,8,0,8
ILSIS,8,0,8
IMNA,8,0,8
INGRES,8,0,8
IXSA,8,0,8
J.NATIVIDAD,8,0,8
JAIMY,8,0,8
JANIE,8,0,8
JENSSY,8,0,8
JERZAN,8,0,8
JEYSON,8,0,8
JHONI,8,0,8
JIMIS,8,0,8
JINNY,8,0,8
JUVER,8,0,8
KENIE,8,0,8
KENSSY,8,0,8
KLENIA,8,0,8
KRISS,8,0,8
KRISTA,8,0,8
LENNA,8,0,8
LEYLIN,8,0,8
LINNEY,8,0,8
LUDING,8,0,8
LULA,8,0,8
LURVI,8,0,8
MA.JUANA,8,0,8
MA.MERCEDES,8,0,8
MABIL,8,0,8
MARGIA,8,0,8
MARLIX,8,0,8
MARYI,8,0,8
MARYIN,8,0,8
MELTON,8,0,8
MILDRA,8,0,8
MILLIE,8,0,8
MILSIA,8,0,8
NEBIA,8,0,8
NEMESIS,8,0,8
NER,8,0,8
NILDIA,8,0,8
NOLBER,8,0,8
NORMIN,8,0,8
ODEN,8,0,8
OLBYN,8,0,8
OLLIE,8,0,8
ORISON,8,0,8
ORNA,8,0,8
OSMAND,8,0,8
OSMY,8,0,8
REYBIN,8,0,8
RILDO,8,0,8
RINO,8,0,8
ROBIE,8,0,8
SAARA,8,0,8
SAYLI,8,0,8
SELVIO,8,0,8
SHANNA,8,0,8
SIGRIS,8,0,8
SIMANS,8,0,8
SURIA,8,0,8
SWAMY,8,0,8
TEDIS,8,0,8
TRANCITA,8,0,8
WELDIN,8,0,8
WEN,8,0,8
WUILTON,8,0,8
YANA,8,0,8
YEINY,8,0,8
YEMMY,8,0,8
YEMY,8,0,8
YENDI,8,0,8
YERLYN,8,0,8
YILIAM,8,0,8
YILLIAN,8,0,8
YIMMI,8,0,8
YONIX,8,0,8
ZADIA,8,0,8
ZOLIA,8,0,8
ABELY,0,7,7
ADAMIR,0,7,7
AGUEDARDO,0,7,7
AGUSTUS,0,7,7
ALDALBERTO,0,7,7
ALEXANDRES,0,7,7
ALIZABETH,0,7,7
ALMA LUZ,0,7,7
ANA BESSY,0,7,7
ANA LUISA,0,7,7
ANABET,0,7,7
ARABELI,0,7,7
ARAZELY,0,7,7
AUCILIADORA,0,7,7
BETSABETH,0,7,7
COROLINA,0,7,7
DANELSY,0,7,7
DE CRUZ,0,7,7
DE JOSE,0,7,7
DE LEON,0,7,7
DE LOS MILAGROS,0,7,7
DE SALES,0,7,7
DEL   SOCORRO,0,7,7
DEL LOURDES,0,7,7
DEL REFUGIO,0,7,7
DUVINA,0,7,7
EBDULIO,0,7,7
EDUVER,0,7,7
ELIVETH,0,7,7
EREMIA,0,7,7
ESPERAZA,0,7,7
GEOVANNINA,0,7,7
GLADIS ONDINA,0,7,7
GORETTI,0,7,7
GUISSELLE,0,7,7
HERALDINA,0,7,7
ISSAI,0,7,7
JAKELYNE,0,7,7
JAMILETHE,0,7,7
JANITZA,0,7,7
JEAMILET,0,7,7
JHAKELIN,0,7,7
JOSABETH,0,7,7
JOVHANY,0,7,7
JUSTO PASTOR,0,7,7
LAIN,0,7,7
LEZETTE,0,7,7
LISABETH,0,7,7
LOUISA,0,7,7
LOURDES SUYAPA,0,7,7
MARBEY,0,7,7
MARIA CLEOFES,0,7,7
MARIDOL,0,7,7
MOORE,0,7,7
NORIBEL,0,7,7
ODANIS,0,7,7
OLIVET,0,7,7
ONAEL,0,7,7
OSMINA,0,7,7
OSNELDA,0,7,7
P,0,7,7
RAINIERY,0,7,7
ROSA ISABEL,0,7,7
ROSSELLY,0,7,7
SALAS,0,7,7
SUCETH,0,7,7
VELI,0,7,7
VERALY,0,7,7
VILONEY,0,7,7
WYNETTE,0,7,7
YAMILEE,0,7,7
YAMILETHE,0,7,7
YANIRETH,0,7,7
YEANETH,0,7,7
YOBANNI,0,7,7
YOCELY,0,7,7
YOHEN,0,7,7
YOMAN,0,7,7
YOVANIY,0,7,7
YULAY,0,7,7
ZULEIDA,0,7,7
ABEDNEGO,1,6,7
ABIMILETH,1,6,7
ADELL,1,6,7
ADELSI,1,6,7
ADOLY,1,6,7
AGINALDO,1,6,7
ALASTENIA,1,6,7
ALDUBINA,1,6,7
ANA DELIA,1,6,7
ANGIOLINA,1,6,7
AUDALI,1,6,7
AZAHEL,1,6,7
BALMORES,1,6,7
BELENIA,1,6,7
BERSABETH,1,6,7
BLAIR,1,6,7
CELANIA,1,6,7
CLORIBEL,1,6,7
DANETH,1,6,7
DECIRE,1,6,7
DENESA,1,6,7
DIVIER,1,6,7
DONALIS,1,6,7
EFRAIM,1,6,7
ELISABHET,1,6,7
ELISBETH,1,6,7
ELISER,1,6,7
ELISETT,1,6,7
ELIXABEL,1,6,7
ELIZBETH,1,6,7
ELVINDA,1,6,7
ELVINTA,1,6,7
EMELECIO,1,6,7
EMINELIO,1,6,7
ENELY,1,6,7
ERIBALDO,1,6,7
ERLINTON,1,6,7
EROHINA,1,6,7
ESAHU,1,6,7
ESBERTO,1,6,7
ESHTER,1,6,7
ETHELBERT,1,6,7
FEDERICA,1,6,7
GAIL,1,6,7
GEOBANNY,1,6,7
GINETTE,1,6,7
GRICELY,1,6,7
GRISTELA,1,6,7
HOEL,1,6,7
IBELIA,1,6,7
IRNELINE,1,6,7
ISAHEL,1,6,7
IVANI,1,6,7
JACKELYNE,1,6,7
JARDIEL,1,6,7
JASIR,1,6,7
JAZIEL,1,6,7
JERITZA,1,6,7
JOBANNY,1,6,7
JOSE ALBERTO,1,6,7
JULIETT,1,6,7
LUCELY,1,6,7
LUCEMA,1,6,7
LUCIBEL,1,6,7
MAELA,1,6,7
MAGNOLIA,1,6,7
MANUELES,1,6,7
MARIA CLEOFE,1,6,7
MARIA SALOME,1,6,7
MARICELLA,1,6,7
MARINA DE JESUS,1,6,7
MARISTELLA,1,6,7
MARIXELA,1,6,7
MARTHA LIDIA,1,6,7
MARU,1,6,7
MARYSELA,1,6,7
MASON,1,6,7
MAYELI,1,6,7
MELLISSA,1,6,7
MIGUEL ANTONIO,1,6,7
MILADEY,1,6,7
MILI,1,6,7
MISEL,1,6,7
MORELY,1,6,7
N,1,6,7
NAI,1,6,7
NINET,1,6,7
NUFIO,1,6,7
OBANY,1,6,7
OBELI,1,6,7
OSBORNE,1,6,7
PEDRO ANTONIO,1,6,7
REINIERO,1,6,7
RODAMIN,1,6,7
ROMERY,1,6,7
ROSA AMALIA,1,6,7
ROSA MARGARITA,1,6,7
ROSIBELT,1,6,7
SALES,1,6,7
SAVEL,1,6,7
SAYD,1,6,7
SECIBEL,1,6,7
SONAYDA,1,6,7
STELA,1,6,7
SUGERI,1,6,7
SUSSETH,1,6,7
SYLVESTER,1,6,7
VIANEL,1,6,7
VIDELDA,1,6,7
YACIR,1,6,7
YADALY,1,6,7
YAMILLET,1,6,7
YANELIA,1,6,7
YANORA,1,6,7
YELENIA,1,6,7
YESSENY,1,6,7
YOLINETH,1,6,7
YOSSETH,1,6,7
YOXANA,1,6,7
ZOAD,1,6,7
ACACIA,2,5,7
ADELIN,2,5,7
ADOLF,2,5,7
AGATONA,2,5,7
ALECXIS,2,5,7
ALEXES,2,5,7
ALEZANDER,2,5,7
ALFREDY,2,5,7
AMETH,2,5,7
ANA ISABEL,2,5,7
ANABELIA,2,5,7
ANABESY,2,5,7
ANAHY,2,5,7
ANATAEL,2,5,7
ANGENTINA,2,5,7
ANTULIO,2,5,7
ARELIN,2,5,7
ARTEMISA,2,5,7
ASULEMA,2,5,7
ATONIEL,2,5,7
AVIMILETH,2,5,7
BALDOMIRO,2,5,7
BARLAN,2,5,7
BELLANIRA,2,5,7
BELTRANA,2,5,7
BRISEYDA,2,5,7
CIBELES,2,5,7
CIFREDO,2,5,7
CLOFES,2,5,7
CONTANTINO,2,5,7
CORINTA,2,5,7
DANES,2,5,7
DANEYDA,2,5,7
DANIL,2,5,7
DAY,2,5,7
DELFO,2,5,7
DINORACH,2,5,7
DIONORA,2,5,7
DONIXA,2,5,7
DORALIA,2,5,7
DUVANY,2,5,7
EDALMA,2,5,7
EDECIA,2,5,7
EDELBIS,2,5,7
EDIVERTO,2,5,7
EGARDO,2,5,7
ELEODINA,2,5,7
ELIFELET,2,5,7
ELISANDER,2,5,7
ELIVALDO,2,5,7
ELOYNA,2,5,7
ENOY,2,5,7
ERNELDA,2,5,7
ESMINDO,2,5,7
ESTABAN,2,5,7
ESTERIO,2,5,7
EVENI,2,5,7
FERNARDO,2,5,7
FILONILO,2,5,7
FLORISELA,2,5,7
GEOVANIA,2,5,7
GISELY,2,5,7
GLORIA MARINA,2,5,7
GRAVIELA,2,5,7
GUADY,2,5,7
IOLA,2,5,7
ISMELDO,2,5,7
ISMERAY,2,5,7
IVANNY,2,5,7
IVANS,2,5,7
JASIEL,2,5,7
JEOVANNA,2,5,7
JERARDINA,2,5,7
JOHEN,2,5,7
JORDANA,2,5,7
JOVANNA,2,5,7
JUANA FRANCISCA,2,5,7
JULIN,2,5,7
JUVELINA,2,5,7
LEAN,2,5,7
LIANG,2,5,7
LIONARDO,2,5,7
LOVELY,2,5,7
LYLIA,2,5,7
MAGDONAL,2,5,7
MARIA JESUS,2,5,7
MARIBELA,2,5,7
MARILA,2,5,7
MAYELY,2,5,7
MIGELIN,2,5,7
MILOR,2,5,7
MIREYRA,2,5,7
NEPTAEL,2,5,7
NEXTALI,2,5,7
NOELIS,2,5,7
OCALI,2,5,7
OLESIA,2,5,7
ONELMA,2,5,7
OSNIEL,2,5,7
OVILZO,2,5,7
OXIRIS,2,5,7
REAGAN,2,5,7
REINERIS,2,5,7
RENEN,2,5,7
RENERIS,2,5,7
ROCELI,2,5,7
ROSALES,2,5,7
ROSALID,2,5,7
SALAZAR,2,5,7
SAMAR,2,5,7
SARAIDA,2,5,7
SAULY,2,5,7
SERBELIA,2,5,7
SOLEYDA,2,5,7
SUREY,2,5,7
TAHINA,2,5,7
TALIA,2,5,7
TEODOMIRO,2,5,7
UMAR,2,5,7
UMBERTINA,2,5,7
VALENTINE,2,5,7
VETINA,2,5,7
XIOMARY,2,5,7
YALEX,2,5,7
YAMILIA,2,5,7
YARLENE,2,5,7
YASSIRA,2,5,7
YENIN,2,5,7
YESEL,2,5,7
YOANNA,2,5,7
YOSANY,2,5,7
YOSSANA,2,5,7
YOVANIA,2,5,7
YURANDIR,2,5,7
ABADE,3,4,7
ABEDULIA,3,4,7
ADALFREDO,3,4,7
ADARMINDA,3,4,7
ADONEL,3,4,7
AGUSTA,3,4,7
ALADIN,3,4,7
ALDRUVAL,3,4,7
ALECXI,3,4,7
ALEXCY,3,4,7
ALFREN,3,4,7
AMILKAR,3,4,7
ANA BELL,3,4,7
ANA DILIA,3,4,7
ANDRELINA,3,4,7
ANTELMA,3,4,7
ANUARIO,3,4,7
ANUVIS,3,4,7
ARCALA,3,4,7
ARCHIE,3,4,7
ARVELIA,3,4,7
AVILES,3,4,7
AZUCELINA,3,4,7
BANEGAS,3,4,7
BELZAZAR,3,4,7
BENJAMINA,3,4,7
BETSEY,3,4,7
BLASCINA,3,4,7
BUANERGES,3,4,7
CAHIN,3,4,7
CARACCIOLO,3,4,7
CHRISTEL,3,4,7
CORDULA,3,4,7
CRISTILA,3,4,7
DALILIA,3,4,7
DAMASCO,3,4,7
DANIELLA,3,4,7
DEOGRACIAS,3,4,7
DETELVINA,3,4,7
DINAIRA,3,4,7
DINAYRA,3,4,7
DIONEYDA,3,4,7
DODANIS,3,4,7
DOLFINA,3,4,7
DOROTY,3,4,7
DULANY,3,4,7
ECDOMILIO,3,4,7
EDDULIO,3,4,7
EDILH,3,4,7
ELBINA,3,4,7
ELIDERIO,3,4,7
ELOGIA,3,4,7
ELUBIA,3,4,7
EMELBA,3,4,7
ESKARLETH,3,4,7
ESMERI,3,4,7
ESMIRA,3,4,7
ESTELIO,3,4,7
EVERLINDA,3,4,7
FAUSTIN,3,4,7
FELIA,3,4,7
FERMINDA,3,4,7
FORD,3,4,7
FRESBINDA,3,4,7
FU,3,4,7
GLICELDA,3,4,7
GUDELINA,3,4,7
HERMOGENEZ,3,4,7
HERMOSINA,3,4,7
HERODITO,3,4,7
HONEY,3,4,7
HOTONIEL,3,4,7
HUI,3,4,7
IGDOMILIA,3,4,7
ILUMINDA,3,4,7
ISAIC,3,4,7
JADIEL,3,4,7
JANNINE,3,4,7
JANUARY,3,4,7
JHONNI,3,4,7
JOSET,3,4,7
JUDYT,3,4,7
JUDYTH,3,4,7
KATIRIA,3,4,7
KENELMA,3,4,7
KIOMARA,3,4,7
LIONCIA,3,4,7
LISARDO,3,4,7
LORENY,3,4,7
LUBI,3,4,7
LUCERO,3,4,7
MALY,3,4,7
MARLINE,3,4,7
MARYCRUZ,3,4,7
MAYERLIN,3,4,7
MELQUIADEZ,3,4,7
MENAS,3,4,7
MIDELIA,3,4,7
MIGDELIA,3,4,7
MILADES,3,4,7
MIRANDA,3,4,7
MIRINA,3,4,7
MYRTLE,3,4,7
NOEMA,3,4,7
NOLBERTINA,3,4,7
ODILSO,3,4,7
OMERO,3,4,7
ORVELICIA,3,4,7
OSNALDO,3,4,7
OZIAS,3,4,7
PACIENCIA,3,4,7
PRAXCEDES,3,4,7
PRICILIANA,3,4,7
PROSPERA,3,4,7
REINEIRO,3,4,7
REMBERTA,3,4,7
RENERI,3,4,7
ROTILIO,3,4,7
RUDILIO,3,4,7
SADIC,3,4,7
SAHID,3,4,7
SALUSTRIANO,3,4,7
SENIN,3,4,7
SENOBIO,3,4,7
SICELY,3,4,7
SIMPSON,3,4,7
SOHANY,3,4,7
SOREL,3,4,7
TILIANA,3,4,7
UBILDA,3,4,7
VENERALDA,3,4,7
VERIDIANA,3,4,7
WUALDO,3,4,7
XAMIRY,3,4,7
XIMENA,3,4,7
YANIRI,3,4,7
YEMIL,3,4,7
YESMIRA,3,4,7
YONARIS,3,4,7
YONG,3,4,7
YUBANIS,3,4,7
ZOROASTRO,3,4,7
ABRHAN,4,3,7
ACACIO,4,3,7
ADAI,4,3,7
ADARCELIA,4,3,7
ADELMY,4,3,7
ADYLIA,4,3,7
AGUILEO,4,3,7
AIDALI,4,3,7
AIXSA,4,3,7
ALEY,4,3,7
ALIFONSO,4,3,7
AMADEA,4,3,7
AMARILI,4,3,7
AMELIDO,4,3,7
ANANIA,4,3,7
ARELIZ,4,3,7
ARGELICA,4,3,7
ARIO,4,3,7
ARMELIO,4,3,7
ASENSION,4,3,7
BELSASAR,4,3,7
BENARDA,4,3,7
BERALDO,4,3,7
BERNANDINO,4,3,7
BICTORINA,4,3,7
BIEMBENIDO,4,3,7
BIRJILIO,4,3,7
CAYA,4,3,7
COLUMBA,4,3,7
CONSTANSA,4,3,7
CRISTI,4,3,7
DANISA,4,3,7
DARIAS,4,3,7
DERRY,4,3,7
DIOSMIRA,4,3,7
DOMENICO,4,3,7
DONARIO,4,3,7
DOREYDA,4,3,7
DUNCAN,4,3,7
EDALI,4,3,7
EDDEN,4,3,7
EDIK,4,3,7
EDILBIA,4,3,7
EDIR,4,3,7
EMERY,4,3,7
ENEL,4,3,7
ERALDA,4,3,7
ERMELIO,4,3,7
ERMELITA,4,3,7
EROITA,4,3,7
ESCARLIN,4,3,7
ESTEHELA,4,3,7
ETELBA,4,3,7
EUCEVIO,4,3,7
EVILIA,4,3,7
EXCELI,4,3,7
EZER,4,3,7
FALCONERI,4,3,7
FELICINDA,4,3,7
FLORIDALVA,4,3,7
FLORILIA,4,3,7
FORTIN,4,3,7
FREDELINDO,4,3,7
FRNACISCO,4,3,7
GAUTAMA,4,3,7
GLADSTON,4,3,7
GRIPINO,4,3,7
HASEL,4,3,7
HEINZ,4,3,7
HERILDO,4,3,7
HERMOGELIA,4,3,7
HILDEGARD,4,3,7
HISIDRO,4,3,7
IBENIA,4,3,7
IDELDA,4,3,7
IDIDA,4,3,7
ILEN,4,3,7
IRAUL,4,3,7
ISNAYA,4,3,7
IVONY,4,3,7
JARIB,4,3,7
JONAX,4,3,7
JOSE MANUEL,4,3,7
JOSUA,4,3,7
JOSUEL,4,3,7
KATERINE,4,3,7
LENNYN,4,3,7
LEODORA,4,3,7
LEOPOLDINO,4,3,7
LILAN,4,3,7
LINCONL,4,3,7
LINDSEY,4,3,7
LIROY,4,3,7
LUTGARDO,4,3,7
LYLIAM,4,3,7
MANFREDIS,4,3,7
MAPY,4,3,7
MARCOLINA,4,3,7
MARIA JOSEFA,4,3,7
MARIA LUZ,4,3,7
MARYBELL,4,3,7
MAVER,4,3,7
MINDALIA,4,3,7
MIRELDA,4,3,7
MIRIS,4,3,7
MIRLEN,4,3,7
NEAL,4,3,7
NEFTALINA,4,3,7
NEWMAN,4,3,7
NEXO,4,3,7
NIXO,4,3,7
NOMAR,4,3,7
NORBERTINA,4,3,7
NORMELINDA,4,3,7
OFILIO,4,3,7
OLIBERTA,4,3,7
OMEL,4,3,7
ONALI,4,3,7
ONALY,4,3,7
ONILIA,4,3,7
OSIRYS,4,3,7
PADILLA,4,3,7
PRESEDES,4,3,7
PROCOPIO,4,3,7
REDELL,4,3,7
ROBERMAN,4,3,7
RODAMEL,4,3,7
ROJEL,4,3,7
ROLLINS,4,3,7
ROSENY,4,3,7
ROUMALDO,4,3,7
SALAME,4,3,7
SARBELIA,4,3,7
SELI,4,3,7
SHENG,4,3,7
SIRIO,4,3,7
SUSEL,4,3,7
TERESIN,4,3,7
UBILSO,4,3,7
UCLES,4,3,7
VELLA,4,3,7
VELY,4,3,7
VIDELIO,4,3,7
WALTTER,4,3,7
WHITMAN,4,3,7
WIDBERTO,4,3,7
YASMARY,4,3,7
YERANIA,4,3,7
YONEIDA,4,3,7
YUBIN,4,3,7
ADALJITZA,5,2,7
ADAMINDA,5,2,7
ADAMINTA,5,2,7
ADBEEL,5,2,7
ADELCY,5,2,7
ADVERTINA,5,2,7
ALEGANDRO,5,2,7
ALEISI,5,2,7
ALEISY,5,2,7
AMELITA,5,2,7
AMERLY,5,2,7
ANAYDA,5,2,7
ANDYS,5,2,7
ANELDA,5,2,7
ANISETO,5,2,7
ANTONILA,5,2,7
ATILIA,5,2,7
AUDOLINA,5,2,7
BERTI,5,2,7
BERTINIA,5,2,7
BRICELA,5,2,7
CACIMIRA,5,2,7
CARLOMAN,5,2,7
CEBERIANO,5,2,7
CEBERINA,5,2,7
CHAVELO,5,2,7
CISTO,5,2,7
CLEOVINA,5,2,7
CLISANTA,5,2,7
CONSTATINO,5,2,7
CORIN,5,2,7
CRECENSIA,5,2,7
CRECENSIO,5,2,7
DAGNY,5,2,7
DAREN,5,2,7
DECCI,5,2,7
DENOVAN,5,2,7
DERMI,5,2,7
DESIDORA,5,2,7
DEXADILIA,5,2,7
DEXSI,5,2,7
DIAMARY,5,2,7
DIANNA,5,2,7
DILCE,5,2,7
DILICIA,5,2,7
DONYS,5,2,7
EBAN,5,2,7
EDELFIA,5,2,7
EDIGNA,5,2,7
EDOMILIA,5,2,7
EFFIE,5,2,7
EGRIPINA,5,2,7
ELEDIS,5,2,7
ELIUB,5,2,7
ELODIO,5,2,7
ELUTERIO,5,2,7
ERAN,5,2,7
ERIM,5,2,7
EROLINA,5,2,7
ESTRADA,5,2,7
EUFROCINIA,5,2,7
EVASIO,5,2,7
EVE,5,2,7
FELIMON,5,2,7
FLANKLIN,5,2,7
FRELING,5,2,7
GERAL,5,2,7
GERLY,5,2,7
GLADIMIRO,5,2,7
GUNTER,5,2,7
HARVY,5,2,7
HECTALI,5,2,7
HELBER,5,2,7
HERMELO,5,2,7
HERTA,5,2,7
JABIN,5,2,7
JAHAZIEL,5,2,7
JAKSON,5,2,7
JALMAR,5,2,7
KAROLINE,5,2,7
KENDAL,5,2,7
LANDON,5,2,7
LEDDY,5,2,7
LENIM,5,2,7
LESTY,5,2,7
LIDI,5,2,7
LIDIANA,5,2,7
LIESBETH,5,2,7
MAREYLI,5,2,7
MEDELINDA,5,2,7
MEILY,5,2,7
MERALDO,5,2,7
MERLIM,5,2,7
MERLINS,5,2,7
NACIR,5,2,7
NADER,5,2,7
NALIA,5,2,7
NALY,5,2,7
NELCIS,5,2,7
NEREA,5,2,7
NEVIL,5,2,7
NOHA,5,2,7
NORMI,5,2,7
NORMY,5,2,7
NORVERTO,5,2,7
OBDELIA,5,2,7
ODELMA,5,2,7
ORAN,5,2,7
ORINSON,5,2,7
REYNELA,5,2,7
RHODE,5,2,7
RICK,5,2,7
RICKEY,5,2,7
ROD,5,2,7
ROMALDA,5,2,7
ROSADILIA,5,2,7
RUDES,5,2,7
RUSELL,5,2,7
SABDY,5,2,7
SANDOVAL,5,2,7
SANDRES,5,2,7
SATOS,5,2,7
SATURDINA,5,2,7
SERJIO,5,2,7
SHUCRY,5,2,7
SILANO,5,2,7
TANISLADO,5,2,7
TEMPORA,5,2,7
UGENIO,5,2,7
VASILIO,5,2,7
VICTALIANO,5,2,7
VILDAD,5,2,7
WOODROW,5,2,7
YARIS,5,2,7
YON,5,2,7
YULIS,5,2,7
YUSEF,5,2,7
ZELAYA,5,2,7
ZONILDA,5,2,7
ZONY,5,2,7
ABDILIA,6,1,7
ABI,6,1,7
ABIDA,6,1,7
ADDYS,6,1,7
ADER,6,1,7
ADLER,6,1,7
AINA,6,1,7
AL,6,1,7
ALPHA,6,1,7
ALTAN,6,1,7
AMNA,6,1,7
ANIE,6,1,7
AQUILIO,6,1,7
ARNER,6,1,7
BALDOMINA,6,1,7
BEKY,6,1,7
BELYS,6,1,7
BERKLIN,6,1,7
BETICIA,6,1,7
BIRMA,6,1,7
BOBBY,6,1,7
BONY,6,1,7
BRADEN,6,1,7
CHAVELA,6,1,7
CHORLY,6,1,7
CRISEIDA,6,1,7
DAISE,6,1,7
DEANA,6,1,7
DEGNY,6,1,7
DEISSI,6,1,7
DELBIS,6,1,7
DELFIS,6,1,7
DERLI,6,1,7
DERLYN,6,1,7
DERMA,6,1,7
DERMES,6,1,7
DEXSY,6,1,7
DILCIO,6,1,7
DIPSA,6,1,7
DOEL,6,1,7
DUANE,6,1,7
DUINA,6,1,7
EDIBERTA,6,1,7
EINSTEIN,6,1,7
ELFEGO,6,1,7
ELIJIA,6,1,7
ELSE,6,1,7
EMEREGILDO,6,1,7
EMERICIA,6,1,7
EMIGDA,6,1,7
ENRIS,6,1,7
ER,6,1,7
ERIKO,6,1,7
ERIKSON,6,1,7
ERLINA,6,1,7
ERUBINIA,6,1,7
ERWING,6,1,7
ESMERIN,6,1,7
EXA,6,1,7
EYLEEN,6,1,7
FLORESVINDA,6,1,7
FULVIO,6,1,7
GERCIO,6,1,7
GLEIDY,6,1,7
GLEMIS,6,1,7
GLENIZ,6,1,7
HAUNER,6,1,7
HAYDA,6,1,7
HEBE,6,1,7
HELSY,6,1,7
HERME,6,1,7
HERMON,6,1,7
HERSOL,6,1,7
HOLBIN,6,1,7
HOLLMAN,6,1,7
HUBERTH,6,1,7
IBINS,6,1,7
ILVA,6,1,7
ISMAYRA,6,1,7
IVI,6,1,7
JAKY,6,1,7
JEFRIN,6,1,7
JEONY,6,1,7
JHONIS,6,1,7
JHONNIE,6,1,7
JIA,6,1,7
JONNIE,6,1,7
JOSIAN,6,1,7
JOVER,6,1,7
JULEA,6,1,7
JUNIS,6,1,7
JUVEL,6,1,7
KELVIS,6,1,7
KEVEN,6,1,7
KRISNA,6,1,7
LEISY,6,1,7
LENOR,6,1,7
LERY,6,1,7
LESLYS,6,1,7
LESMES,6,1,7
LICY,6,1,7
LIONICIO,6,1,7
LOZANO,6,1,7
LURDIN,6,1,7
LUTFI,6,1,7
LYDA,6,1,7
MA DEL CARMEN,6,1,7
MACAREO,6,1,7
MAILO,6,1,7
MARDA,6,1,7
MARDER,6,1,7
MARELIS,6,1,7
MARLYM,6,1,7
MARVIL,6,1,7
MAVIN,6,1,7
MEIBY,6,1,7
MELADIA,6,1,7
MELFA,6,1,7
MERLA,6,1,7
MILDER,6,1,7
MIRSIA,6,1,7
MIXI,6,1,7
MORLIN,6,1,7
NARSIZO,6,1,7
NATHALIA,6,1,7
NELFA,6,1,7
NIBIDA,6,1,7
NOLLAN,6,1,7
NORBELISA,6,1,7
NORMIS,6,1,7
ODIX,6,1,7
OFNI,6,1,7
OLVI,6,1,7
OMAYRA,6,1,7
ORBIL,6,1,7
ORDIE,6,1,7
OSME,6,1,7
OSMI,6,1,7
QUIRCIO,6,1,7
QUIRIO,6,1,7
RENNY,6,1,7
ROBIS,6,1,7
ROBY,6,1,7
RODOMEL,6,1,7
RONILDA,6,1,7
ROSDEL,6,1,7
ROSELDA,6,1,7
ROSLYN,6,1,7
RUBE,6,1,7
RUDILIA,6,1,7
SATURNO,6,1,7
SETH,6,1,7
SILVESTRA,6,1,7
STACEY,6,1,7
SUHELEN,6,1,7
SYBIL,6,1,7
TABITA,6,1,7
TARSIS,6,1,7
TRINY,6,1,7
VALBINO,6,1,7
VAYOLA,6,1,7
VERNY,6,1,7
VESI,6,1,7
VICTALINO,6,1,7
VILLAVICENCIO,6,1,7
VILMAR,6,1,7
WENSESLADO,6,1,7
WILTHON,6,1,7
WUILIAMS,6,1,7
WUILMA,6,1,7
YELVIN,6,1,7
YENIZ,6,1,7
YESELA,6,1,7
YUNE,6,1,7
ZEUS,6,1,7
ZHI,6,1,7
ABBIE,7,0,7
ASLY,7,0,7
BABY,7,0,7
BANIS,7,0,7
BAYRO,7,0,7
BELSIN,7,0,7
BERIA,7,0,7
BERNICIA,7,0,7
BERSA,7,0,7
BESNER,7,0,7
BIKY,7,0,7
BLADIS,7,0,7
BORYS,7,0,7
BRENDIS,7,0,7
BRINIA,7,0,7
CHARON,7,0,7
CLUDIA,7,0,7
CRHISTIAN,7,0,7
CRISTYAN,7,0,7
CURBY,7,0,7
DANNIE,7,0,7
DARA,7,0,7
DASSIA,7,0,7
DEINA,7,0,7
DESLY,7,0,7
DEYRA,7,0,7
DEYSIN,7,0,7
DICLA,7,0,7
DILCI,7,0,7
DINABELL,7,0,7
DINIER,7,0,7
DONULFO,7,0,7
DUENIS,7,0,7
DULAS,7,0,7
EDANS,7,0,7
EDDIL,7,0,7
EDHY,7,0,7
EDISS,7,0,7
EDLIN,7,0,7
EDWAN,7,0,7
ELFIDO,7,0,7
ELNER,7,0,7
EMNY,7,0,7
ENYS,7,0,7
ETHLING,7,0,7
EULA,7,0,7
EYRA,7,0,7
FAMY,7,0,7
FANYS,7,0,7
FERDIN,7,0,7
FLORESMILDA,7,0,7
FLORFIDIA,7,0,7
FLORICELVA,7,0,7
FRECIA,7,0,7
FREDITH,7,0,7
FRESVINDA,7,0,7
GELBIN,7,0,7
GELGA,7,0,7
GELMER,7,0,7
GELMIS,7,0,7
GENDRY,7,0,7
GENYS,7,0,7
GEOVINA,7,0,7
GERLAN,7,0,7
GERY,7,0,7
GEYBI,7,0,7
GILIBALDO,7,0,7
GLEDA,7,0,7
GLENNA,7,0,7
GREDYS,7,0,7
GUEYBI,7,0,7
HARLEM,7,0,7
HELDY,7,0,7
HELVIN,7,0,7
HERLES,7,0,7
HERMY,7,0,7
HERSSON,7,0,7
HEYDE,7,0,7
HEYSI,7,0,7
HILVIA,7,0,7
HIMMER,7,0,7
HOLBAN,7,0,7
ICSA,7,0,7
INMAR,7,0,7
ITURVIDES,7,0,7
IVING,7,0,7
J. SANTOS,7,0,7
J.ISABEL,7,0,7
JACKY,7,0,7
JAMIS,7,0,7
JEFFRIN,7,0,7
JENNE,7,0,7
JENYS,7,0,7
JESIE,7,0,7
JEYSI,7,0,7
JHIMMY,7,0,7
JIMYS,7,0,7
JOKSAN,7,0,7
JORGUE,7,0,7
JOSEAS,7,0,7
KADY,7,0,7
KARENN,7,0,7
KARON,7,0,7
KEILIN,7,0,7
KELSEY,7,0,7
KELVYN,7,0,7
KENDRA,7,0,7
KENLY,7,0,7
KIRIA,7,0,7
KLAUS,7,0,7
KRISTY,7,0,7
KRITZA,7,0,7
LEDBI,7,0,7
LEIBIN,7,0,7
LEMAN,7,0,7
LENRY,7,0,7
LEONIS,7,0,7
LESMI,7,0,7
LIVIL,7,0,7
LUDBIN,7,0,7
LUSIO,7,0,7
LUSVIN,7,0,7
MA.ANTONIA,7,0,7
MA.MAGDALENA,7,0,7
MADONIA,7,0,7
MADY,7,0,7
MAIDRA,7,0,7
MARDY,7,0,7
MARSIA,7,0,7
MAURIS,7,0,7
MAYDRA,7,0,7
MAYLA,7,0,7
MAYREN,7,0,7
MEIDI,7,0,7
MEILYN,7,0,7
MELBER,7,0,7
MELGIN,7,0,7
MELVER,7,0,7
MEREJILDA,7,0,7
MERELINDA,7,0,7
MERIX,7,0,7
MEYDIN,7,0,7
MEYDY,7,0,7
MILMAN,7,0,7
MIRGIAN,7,0,7
MIRIHAN,7,0,7
MIRNIA,7,0,7
NASER,7,0,7
NEBLIN,7,0,7
NELVYN,7,0,7
NERSI,7,0,7
NESLIN,7,0,7
NEYLA,7,0,7
NILSIA,7,0,7
NITZIA,7,0,7
NOELVIN,7,0,7
NOLVAN,7,0,7
OBNER,7,0,7
ODRY,7,0,7
OLVIA,7,0,7
OMNI,7,0,7
QUEILA,7,0,7
REMBER,7,0,7
RIMER,7,0,7
ROLMER,7,0,7
ROMNY,7,0,7
RONIX,7,0,7
ROSAMALIA,7,0,7
ROSME,7,0,7
ROSMIN,7,0,7
ROTILA,7,0,7
ROTMAN,7,0,7
ROXY,7,0,7
RUBIDA,7,0,7
SAGRA,7,0,7
SALVIA,7,0,7
SANIA,7,0,7
SAUDI,7,0,7
SEBERINO,7,0,7
SEIDI,7,0,7
SERVIA,7,0,7
SESIA,7,0,7
SESY,7,0,7
SHU,7,0,7
SIANY,7,0,7
SORY,7,0,7
SWAMI,7,0,7
TEXLA,7,0,7
THANYA,7,0,7
TRANFIGURACION,7,0,7
TYRONE,7,0,7
ULMAN,7,0,7
VILSAN,7,0,7
VITALDINO,7,0,7
WALMAN,7,0,7
WELNER,7,0,7
WHENDY,7,0,7
WIMER,7,0,7
YECIKA,7,0,7
YENIT,7,0,7
YENMI,7,0,7
YESYCA,7,0,7
YGNACIO,7,0,7
YILDIS,7,0,7
YINIA,7,0,7
YINO,7,0,7
ABDELY,0,6,6
ADAIN,0,6,6
ADALJISA,0,6,6
ADEMAR,0,6,6
ALBERTI,0,6,6
ALECSANDER,0,6,6
ALICEX,0,6,6
ALIZET,0,6,6
ALIZZETH,0,6,6
AMALY,0,6,6
ANA JULIA,0,6,6
ANGEL ALBERTO,0,6,6
ANGEL RAMON,0,6,6
ANTE PORTAN,0,6,6
ARIDAY,0,6,6
ARONIS,0,6,6
BELLE,0,6,6
BERENISSE,0,6,6
BLANCA AZUCENA,0,6,6
BUATISTA,0,6,6
CADIR,0,6,6
CARACCIOLE,0,6,6
CASTELLA,0,6,6
CEDILIA,0,6,6
CESAR AUGUSTO,0,6,6
COLETA,0,6,6
CRISTABELL,0,6,6
DANISSA,0,6,6
DAROLINA,0,6,6
DE      JESUS,0,6,6
DE  LA CRUZ,0,6,6
DE CRISTO,0,6,6
DE FRANCIA,0,6,6
DE GUSMAN,0,6,6
DE LAPAZ,0,6,6
DE VILLANUEVA,0,6,6
DEL      CARMEN,0,6,6
DEL  ROSARIO,0,6,6
DONANCILA,0,6,6
DORILETH,0,6,6
DUVAN,0,6,6
EBELIZA,0,6,6
EDAGARDO,0,6,6
EDELI,0,6,6
ELIANETH,0,6,6
ELIVET,0,6,6
ELIZAVETH,0,6,6
ELIZZET,0,6,6
ELUID,0,6,6
ERIEL,0,6,6
ERISEL,0,6,6
EVAGELISTA,0,6,6
EVETTE,0,6,6
FELIPE SANTIAGO,0,6,6
FERNANDEZ,0,6,6
FRANZUA,0,6,6
GARIBALDI,0,6,6
GEOVANNE,0,6,6
GERANCIA,0,6,6
GOBANY,0,6,6
GONSAGA,0,6,6
GRANT,0,6,6
HORALDO,0,6,6
IBEC,0,6,6
IRIS SUYAPA,0,6,6
ISAHAC,0,6,6
IZEL,0,6,6
JESARELA,0,6,6
JIAMILETH,0,6,6
JIANETH,0,6,6
JISELL,0,6,6
JOVANINA,0,6,6
JURANDIR,0,6,6
LA CONCEPCION,0,6,6
LEILANY,0,6,6
LELANY,0,6,6
LENARE,0,6,6
LISBANY,0,6,6
LISETE,0,6,6
LIZEETT,0,6,6
LUCETH,0,6,6
LYSETH,0,6,6
MARELYS,0,6,6
MAYELL,0,6,6
MC ARTHUR,0,6,6
MELEC,0,6,6
MERAB,0,6,6
MERITZA,0,6,6
MILEX,0,6,6
NADEZKA,0,6,6
NAIROBI,0,6,6
NASARETH,0,6,6
NEPONUCENO,0,6,6
OLGA ESPERANZA,0,6,6
OSAIR,0,6,6
OVET,0,6,6
PATRICA,0,6,6
RAMON ADOLFO,0,6,6
ROMELDA,0,6,6
RONERY,0,6,6
ROSA ELIA,0,6,6
ROSA ELVIA,0,6,6
ROSA ELVIRA,0,6,6
ROSA MELIDA,0,6,6
SANTOS FELIX,0,6,6
SELENI,0,6,6
SENEY,0,6,6
UBEL,0,6,6
VALESSA,0,6,6
VELTRAN,0,6,6
YAKELINNE,0,6,6
YALETH,0,6,6
YALIBET,0,6,6
YAMYLETH,0,6,6
YANILE,0,6,6
YINETH,0,6,6
YOCELIN,0,6,6
YOMINA,0,6,6
YONAN,0,6,6
YONERY,0,6,6
YONET,0,6,6
YUBINES,0,6,6
YUPANKY,0,6,6
ZULAMITH,0,6,6
ZULINA,0,6,6
ADALIX,1,5,6
ADALJIZA,1,5,6
ADUEL,1,5,6
AHIAS,1,5,6
ALABAN,1,5,6
ALDUBAR,1,5,6
ALHELI,1,5,6
ALIZANDRO,1,5,6
AMANTINA,1,5,6
ANABETY,1,5,6
ANDONAY,1,5,6
ANDONIA,1,5,6
ANICET,1,5,6
ANRIQUE,1,5,6
ARAVEY,1,5,6
ARCIDEZ,1,5,6
ARIXALIA,1,5,6
ARMINIO,1,5,6
ARNANDO,1,5,6
ASELMO,1,5,6
ASUSANA,1,5,6
AVIRAN,1,5,6
AVISAY,1,5,6
AZARAEL,1,5,6
BERANAY,1,5,6
BERCELI,1,5,6
BERZABETH,1,5,6
BESFALIA,1,5,6
BETHSABE,1,5,6
BIONEY,1,5,6
BLADYMIR,1,5,6
BRIGETTE,1,5,6
CALASANCIO,1,5,6
CARMEN DE JESUS,1,5,6
COLON,1,5,6
DALICIA,1,5,6
DANEXY,1,5,6
DANUVIO,1,5,6
DARINA,1,5,6
DAVIAN,1,5,6
DICTA,1,5,6
DIDEY,1,5,6
DORELY,1,5,6
ECLISERIO,1,5,6
EDEBERTO,1,5,6
EDUARLY,1,5,6
EDUVIGE,1,5,6
ELICENDA,1,5,6
ELIHU,1,5,6
ELISBET,1,5,6
ELIZAVET,1,5,6
ELIZONDO,1,5,6
ELYSABETH,1,5,6
EMILEX,1,5,6
ENELSON,1,5,6
ERMIDIO,1,5,6
ESAN,1,5,6
ESFRAIN,1,5,6
ESMERLADA,1,5,6
ESPERNAZA,1,5,6
ESQUIBEL,1,5,6
EXELINA,1,5,6
EXUANY,1,5,6
FANUEL,1,5,6
FELISSA,1,5,6
FRANCILIA,1,5,6
GERARD,1,5,6
GISSELDA,1,5,6
GOEVANNY,1,5,6
GRACIDEL,1,5,6
GRIMALDO,1,5,6
GUDALUPE,1,5,6
GUISELDA,1,5,6
HENRIETTA,1,5,6
HISSELA,1,5,6
IDALI,1,5,6
IDELFONZO,1,5,6
INABEL,1,5,6
INALDO,1,5,6
IRACELY,1,5,6
IRALDINA,1,5,6
IRINE,1,5,6
ISAMAR,1,5,6
ISBETH,1,5,6
IXAEL,1,5,6
IZZEL,1,5,6
JANEY,1,5,6
JASSIR,1,5,6
JEOMAR,1,5,6
JEOVA,1,5,6
JESSIL,1,5,6
JUBINI,1,5,6
KATANIA,1,5,6
LAVERN,1,5,6
LEODANI,1,5,6
LEODANY,1,5,6
LIDIET,1,5,6
LINOSKA,1,5,6
LISABEL,1,5,6
LISBETT,1,5,6
LIZBET,1,5,6
LOANIS,1,5,6
LOBELIA,1,5,6
LORENIS,1,5,6
LORINA,1,5,6
MACDIEL,1,5,6
MANRIQUEZ,1,5,6
MARIËO,1,5,6
MARIESA,1,5,6
MARILENI,1,5,6
MARIXEL,1,5,6
MARYERY,1,5,6
MATUTE,1,5,6
MAVELI,1,5,6
MAYLID,1,5,6
MEJIA,1,5,6
MELADI,1,5,6
MEREYDA,1,5,6
MERILYN,1,5,6
MIGDALI,1,5,6
MILEDY,1,5,6
MIRELIA,1,5,6
MISABEL,1,5,6
MISHELL,1,5,6
MONCERRAT,1,5,6
NACIANCENO,1,5,6
NAHIM,1,5,6
NALANY,1,5,6
NAVEL,1,5,6
NAYN,1,5,6
NOVELI,1,5,6
NOVELY,1,5,6
OMARI,1,5,6
ORANIA,1,5,6
ORASIO,1,5,6
ORESTINA,1,5,6
ORFINA,1,5,6
ORVELY,1,5,6
OSMAY,1,5,6
OSMELY,1,5,6
OVINO,1,5,6
RALSTON,1,5,6
REINIERIO,1,5,6
REYNIERE,1,5,6
RONALY,1,5,6
ROONEY,1,5,6
ROSALEE,1,5,6
ROSSINI,1,5,6
ROZIBEL,1,5,6
SAHADY,1,5,6
SARAIN,1,5,6
SARELA,1,5,6
SEIN,1,5,6
SINECIA,1,5,6
SOFONIA,1,5,6
SUAMIR,1,5,6
SULLEN,1,5,6
SVELTIANA,1,5,6
VEL,1,5,6
VERENISE,1,5,6
VIANET,1,5,6
VICENCIA,1,5,6
XELAJU,1,5,6
YADIRIA,1,5,6
YAHAYRA,1,5,6
YANORYS,1,5,6
YARETH,1,5,6
YARIEL,1,5,6
YOBANIO,1,5,6
YOELY,1,5,6
YOLIBEL,1,5,6
YORLANI,1,5,6
YOSSET,1,5,6
YUDID,1,5,6
YUDIRA,1,5,6
ZELANDIA,1,5,6
ZELINDA,1,5,6
ZONEYDA,1,5,6
ZUCENA,1,5,6
ABELIN,2,4,6
ABISAG,2,4,6
ADDY,2,4,6
ADEMI,2,4,6
ADIMIR,2,4,6
ADUARDO,2,4,6
AGUILES,2,4,6
AILLEN,2,4,6
ALBERTHA,2,4,6
ALDUVINA,2,4,6
ALEXO,2,4,6
ALONZA,2,4,6
ALPIDIA,2,4,6
AMARELIS,2,4,6
AMHED,2,4,6
AMISADAI,2,4,6
ANAYANCI,2,4,6
ANDIRA,2,4,6
ANTONIS,2,4,6
ANTUAN,2,4,6
ANYELI,2,4,6
AQUILEZ,2,4,6
ARCEL,2,4,6
ARCENEA,2,4,6
ARGENI,2,4,6
ARGEO,2,4,6
ARIDAI,2,4,6
ARISTERES,2,4,6
ARJANIE,2,4,6
ARLENIS,2,4,6
ARMADO,2,4,6
ARSACES,2,4,6
AUDOSIA,2,4,6
AVIDAIL,2,4,6
AYLEN,2,4,6
AZENETH,2,4,6
BALMORIS,2,4,6
BALZAMINA,2,4,6
BELTINA,2,4,6
BENECIO,2,4,6
BERALI,2,4,6
BIOLANDA,2,4,6
BRANDO,2,4,6
CARLOS ALBERTO,2,4,6
CEBERA,2,4,6
CELESTIA,2,4,6
CEVASTIAN,2,4,6
CEVERA,2,4,6
CITELIA,2,4,6
COLLEEN,2,4,6
CONSUELA,2,4,6
COSMELINA,2,4,6
CRISBEL,2,4,6
DALENY,2,4,6
DALIRIO,2,4,6
DAMARIA,2,4,6
DANELIO,2,4,6
DANIELLE,2,4,6
DILEMA,2,4,6
DONAYRE,2,4,6
ECDULIO,2,4,6
EDDOMILIA,2,4,6
EDENA,2,4,6
ELCID,2,4,6
ELISARDO,2,4,6
ELISHA,2,4,6
ELITZA,2,4,6
ELIZABETTE,2,4,6
ELODINA,2,4,6
ELOIN,2,4,6
EMELIZA,2,4,6
EMICELDA,2,4,6
EMIDELIA,2,4,6
EMISENDA,2,4,6
ENELIDA,2,4,6
ERCULANA,2,4,6
ERDOLFO,2,4,6
ERENA,2,4,6
ERIBEL,2,4,6
ERNAIN,2,4,6
ERNANDO,2,4,6
ERSIDES,2,4,6
ESPARTACO,2,4,6
ESTEFANO,2,4,6
ESTEFITA,2,4,6
ESTERINA,2,4,6
EURIDICE,2,4,6
EVARIO,2,4,6
EVEDIA,2,4,6
EVELISA,2,4,6
EVIDENCIA,2,4,6
EXCELIA,2,4,6
EXCELINA,2,4,6
FEDERMINDA,2,4,6
FELIPINA,2,4,6
FERRUFINO,2,4,6
FILBERTO,2,4,6
FREDESMAN,2,4,6
GALLARDA,2,4,6
GEOVANIE,2,4,6
GIDEON,2,4,6
GISLENA,2,4,6
GLICENDA,2,4,6
GUIOMAR,2,4,6
HASSIVE,2,4,6
HEDIBERTO,2,4,6
HEMELDA,2,4,6
HERACLIO,2,4,6
HERODIA,2,4,6
HESTON,2,4,6
HONELIA,2,4,6
HOPE,2,4,6
ILDUVINA,2,4,6
INOE,2,4,6
INVENCION,2,4,6
IRIANA,2,4,6
ISAMEL,2,4,6
ISLEM,2,4,6
ITZABEL,2,4,6
IVANA,2,4,6
IZAUL,2,4,6
IZAURA,2,4,6
JAHAYRA,2,4,6
JAHIN,2,4,6
JANIL,2,4,6
JENOBEVA,2,4,6
JHOHANA,2,4,6
JOJANY,2,4,6
JONADAB,2,4,6
JOSIBEL,2,4,6
JOSSARY,2,4,6
JUANA BAUTISTA,2,4,6
JUDISSA,2,4,6
KAWAS,2,4,6
KHALIL,2,4,6
KLARISSA,2,4,6
LABERTO,2,4,6
LANZA,2,4,6
LEISABEL,2,4,6
LENNON,2,4,6
LEONISA,2,4,6
LEVIT,2,4,6
LIGIO,2,4,6
LILIVETH,2,4,6
LINNETT,2,4,6
LIONIDAS,2,4,6
LITUANIA,2,4,6
LIVERATO,2,4,6
LORENO,2,4,6
LUCILE,2,4,6
LUCILLE,2,4,6
LUNA,2,4,6
LUSMINDA,2,4,6
MADELIS,2,4,6
MAIRENY,2,4,6
MANAEN,2,4,6
MARDELI,2,4,6
MARIA RAMONA,2,4,6
MARIELLY,2,4,6
MARINIA,2,4,6
MARISTEL,2,4,6
MARLENEY,2,4,6
MARSELLA,2,4,6
MARVETH,2,4,6
MAYBELL,2,4,6
MAYLEEN,2,4,6
MECEDES,2,4,6
MEDARIS,2,4,6
MERICA,2,4,6
MIGDANIA,2,4,6
MILIANA,2,4,6
MIRFALIA,2,4,6
MISELEN,2,4,6
MISRRAIN,2,4,6
MONTGOMERY,2,4,6
NATALICIA,2,4,6
NEFER,2,4,6
NONILA,2,4,6
NORAYDA,2,4,6
ODED,2,4,6
ODEVIA,2,4,6
OMOA,2,4,6
OROSMAN,2,4,6
POLINA,2,4,6
QING,2,4,6
REYNELDO,2,4,6
REYNERIS,2,4,6
RIQUELMY,2,4,6
ROBDULIO,2,4,6
ROMBERTO,2,4,6
RONALDS,2,4,6
RUBENIO,2,4,6
RUBID,2,4,6
RUMBERTO,2,4,6
SALMAI,2,4,6
SANIN,2,4,6
SANTOS ROBERTO,2,4,6
SANTY,2,4,6
SARVELIA,2,4,6
SHERLOCK,2,4,6
SIBONEY,2,4,6
SOLITA,2,4,6
SUGEI,2,4,6
SUGENY,2,4,6
TRINIDA,2,4,6
UBELIO,2,4,6
UBIEL,2,4,6
VINDO,2,4,6
VISAEL,2,4,6
VIVECA,2,4,6
WINDELL,2,4,6
YALINA,2,4,6
YAREDY,2,4,6
YARINA,2,4,6
YARLENIS,2,4,6
YECSENIA,2,4,6
YELIXA,2,4,6
YENISSE,2,4,6
YESSILLE,2,4,6
YOHANN,2,4,6
YOHANNY,2,4,6
YOLANDY,2,4,6
YONAY,2,4,6
YOSENY,2,4,6
YOSLENY,2,4,6
ZELAN,2,4,6
ZELIN,2,4,6
ZOHAR,2,4,6
ZULEYMA,2,4,6
ABINIA,3,3,6
ADALMI,3,3,6
ADELAIDO,3,3,6
AIDALINA,3,3,6
AJENOR,3,3,6
ALVERTA,3,3,6
AMADELIA,3,3,6
AMINIA,3,3,6
AMINTO,3,3,6
ANAIS,3,3,6
ANALEXIS,3,3,6
ANAMINTA,3,3,6
ANDRELI,3,3,6
ANETT,3,3,6
ANEXIS,3,3,6
ARAON,3,3,6
ARCIRA,3,3,6
ARESIO,3,3,6
ARLLANY,3,3,6
ARMELIA,3,3,6
ARMIRA,3,3,6
ARNON,3,3,6
ARQUEL,3,3,6
ARSUVI,3,3,6
ASENCIO,3,3,6
ASMIN,3,3,6
ASSUNCION,3,3,6
ATADEO,3,3,6
AUBREY,3,3,6
AUREO,3,3,6
AUSTRABERTA,3,3,6
AXALON,3,3,6
BASTI,3,3,6
BELIBERTO,3,3,6
BELSAZAR,3,3,6
BERNANRDO,3,3,6
BERONICO,3,3,6
BERTOLDINO,3,3,6
BIDU,3,3,6
BILFREDO,3,3,6
BITALICIO,3,3,6
BONEY,3,3,6
CALET,3,3,6
CARISTINA,3,3,6
CARLOS ROBERTO,3,3,6
CHILA,3,3,6
CLAYTON,3,3,6
CLEOVIS,3,3,6
CONFUCIO,3,3,6
CORSINA,3,3,6
CRISELA,3,3,6
DACIL,3,3,6
DANAY,3,3,6
DAVINA,3,3,6
DELCIE,3,3,6
DELIZ,3,3,6
DELZA,3,3,6
DEOLANDA,3,3,6
DEOPOLDINA,3,3,6
DERECK,3,3,6
DIANNE,3,3,6
DIOLINDA,3,3,6
DONADI,3,3,6
DORTHY,3,3,6
DUCAN,3,3,6
EBDULIA,3,3,6
EBILDA,3,3,6
EDERMILIO,3,3,6
EDIG,3,3,6
EDILBRANDO,3,3,6
EDMINDA,3,3,6
EDUARDINA,3,3,6
EDWARDO,3,3,6
ELDUBINA,3,3,6
ELENIS,3,3,6
ELEODAN,3,3,6
ELEXY,3,3,6
ELIACER,3,3,6
ELICE,3,3,6
ELICELDA,3,3,6
ELIOS,3,3,6
ELIOTH,3,3,6
ELIRIO,3,3,6
ELISAURA,3,3,6
ELLERY,3,3,6
ELOCADIO,3,3,6
ELOIS,3,3,6
EMELITO,3,3,6
EMILO,3,3,6
ENEDIN,3,3,6
ENERI,3,3,6
ENGEL,3,3,6
ENUVIA,3,3,6
ERASMA,3,3,6
ERIBRANDO,3,3,6
ERID,3,3,6
ERMELA,3,3,6
ERODICA,3,3,6
ERSELY,3,3,6
ESAI,3,3,6
ESMIT,3,3,6
ESTANILAO,3,3,6
ESTELIN,3,3,6
EUFELIA,3,3,6
EVAGELINA,3,3,6
EVORN,3,3,6
EXMELIN,3,3,6
FELISIANA,3,3,6
FENICIA,3,3,6
FERSAN,3,3,6
FOUAD,3,3,6
FREDERY,3,3,6
GABRIELLA,3,3,6
GARLON,3,3,6
GELZOMINA,3,3,6
GEOVAN,3,3,6
GERELITA,3,3,6
GIACOMINA,3,3,6
GIOVANA,3,3,6
GLOCENIO,3,3,6
GRACIAN,3,3,6
GRACIELINA,3,3,6
HABRAN,3,3,6
HELEANA,3,3,6
HERNAIN,3,3,6
HERUNDINA,3,3,6
HISIDORA,3,3,6
HITLER,3,3,6
HONOFRE,3,3,6
HOSMIN,3,3,6
ICILIA,3,3,6
IDELMY,3,3,6
ILONA,3,3,6
INOEL,3,3,6
IRENEA,3,3,6
ISALIA,3,3,6
IZAC,3,3,6
JANES,3,3,6
JEANNINE,3,3,6
JESELL,3,3,6
JOBINO,3,3,6
JOSEE,3,3,6
JOSSE,3,3,6
JUVEN,3,3,6
KATE,3,3,6
LAMEC,3,3,6
LENDER,3,3,6
LEONIDEZ,3,3,6
LIDIBERTO,3,3,6
LISSEL,3,3,6
LIVAN,3,3,6
LOAN,3,3,6
LOHURDES,3,3,6
LURLINE,3,3,6
MAGDALA,3,3,6
MAHOMED,3,3,6
MARELA,3,3,6
MARGELIA,3,3,6
MARILYS,3,3,6
MARLENIN,3,3,6
MEDRANO,3,3,6
MELANIS,3,3,6
MELETINA,3,3,6
MELIZANDY,3,3,6
MIRIANA,3,3,6
MISELENIA,3,3,6
NAARA,3,3,6
NANDA,3,3,6
NELINA,3,3,6
NIPTAEL,3,3,6
NORITZA,3,3,6
OBTAVIO,3,3,6
ODILFIDO,3,3,6
OLECIA,3,3,6
OLIVALDO,3,3,6
ONEX,3,3,6
ORANGEL,3,3,6
ORDULIO,3,3,6
ORFINDA,3,3,6
ORLENI,3,3,6
ORTILIO,3,3,6
ORWIN,3,3,6
OSIDES,3,3,6
OSNEL,3,3,6
PAULETH,3,3,6
PROFILIA,3,3,6
RAGUEL,3,3,6
RAQUELINA,3,3,6
RAUDA,3,3,6
REINARIO,3,3,6
REINELDO,3,3,6
REINIEL,3,3,6
RENIN,3,3,6
REYNELL,3,3,6
REYNERO,3,3,6
RODANIN,3,3,6
ROLANDA,3,3,6
ROMOALDO,3,3,6
RONDULFO,3,3,6
ROSELVA,3,3,6
ROSMARI,3,3,6
ROWENA,3,3,6
RU,3,3,6
RUNILDA,3,3,6
RURICO,3,3,6
SAMIRY,3,3,6
SAUROFILA,3,3,6
SELEN,3,3,6
SERINA,3,3,6
SILBANA,3,3,6
SILO,3,3,6
SOSIMO,3,3,6
SUNAMITA,3,3,6
TALBERT,3,3,6
TANISLADA,3,3,6
TEODOLA,3,3,6
UDALDO,3,3,6
UDILFIDO,3,3,6
USBALDO,3,3,6
VALDOMERO,3,3,6
VEMILDA,3,3,6
VIDIA,3,3,6
VIRGIL,3,3,6
WALDYR,3,3,6
WEBSTER,3,3,6
WILLARD,3,3,6
WINDEL,3,3,6
YALMAR,3,3,6
YANALY,3,3,6
YELENY,3,3,6
YELILE,3,3,6
YELITZA,3,3,6
YUAN,3,3,6
YUDINA,3,3,6
ZARODY,3,3,6
ZOROBABEL,3,3,6
ABIEZER,4,2,6
ABZALON,4,2,6
ACIANO,4,2,6
ADALCINDA,4,2,6
ADALENY,4,2,6
ADDI,4,2,6
ADEN,4,2,6
ADERMIS,4,2,6
ALABINIA,4,2,6
ALECCIS,4,2,6
ALEDIS,4,2,6
ALEM,4,2,6
ALEXSA,4,2,6
ALFREDINDA,4,2,6
ALNER,4,2,6
ALYS,4,2,6
AMAURIS,4,2,6
ANABELINDA,4,2,6
ANADELY,4,2,6
ANAHU,4,2,6
ANNABEL,4,2,6
ANYEL,4,2,6
ARGELI,4,2,6
ARIAS,4,2,6
ARNALD,4,2,6
ARNELIO,4,2,6
ARNOX,4,2,6
ASARIAS,4,2,6
AUDENIA,4,2,6
AYALA,4,2,6
AYLEEN,4,2,6
BEIRAN,4,2,6
BENINNO,4,2,6
BEQUER,4,2,6
BERIDIANA,4,2,6
BERNANDO,4,2,6
BETTIS,4,2,6
BEULAH,4,2,6
BILMER,4,2,6
BISITACION,4,2,6
BOONERGES,4,2,6
BRENI,4,2,6
CARLOMAGNO,4,2,6
CELIANA,4,2,6
CELIM,4,2,6
CONRADINO,4,2,6
CORPILIA,4,2,6
CORVIN,4,2,6
CRUSITA,4,2,6
DARWINS,4,2,6
DASY,4,2,6
DEICIS,4,2,6
DELMES,4,2,6
DELYN,4,2,6
DERMAN,4,2,6
DICSIANA,4,2,6
DILEYLA,4,2,6
DIOJANA,4,2,6
DIONILIO,4,2,6
DIOPOLDINA,4,2,6
DIX,4,2,6
DOMINIA,4,2,6
DOWAL,4,2,6
DUDLEY,4,2,6
DWAYNE,4,2,6
ELANIA,4,2,6
ELAUTERIO,4,2,6
ELDHER,4,2,6
ELECTINA,4,2,6
ELIAR,4,2,6
ELIOENAI,4,2,6
ELSAMINA,4,2,6
ENGELBERT,4,2,6
ENYD,4,2,6
ERACLIO,4,2,6
ERASTO,4,2,6
ERCIDA,4,2,6
ERMOCINIA,4,2,6
ETHLYN,4,2,6
EUFRANCIA,4,2,6
EVERILDO,4,2,6
FABIER,4,2,6
FAITH,4,2,6
FEDERMAN,4,2,6
FERVINDO,4,2,6
FLORCITA,4,2,6
FLORICELBA,4,2,6
GAMERO,4,2,6
GARI,4,2,6
GAYLOR,4,2,6
GILFREDO,4,2,6
GILL,4,2,6
GIRINALDO,4,2,6
GLODIS,4,2,6
GLORY,4,2,6
GOMEZ,4,2,6
HANIEL,4,2,6
HERZAN,4,2,6
HILCE,4,2,6
HIRENE,4,2,6
HURBERT,4,2,6
IDELMIS,4,2,6
IDIAN,4,2,6
IRALDA,4,2,6
IRSI,4,2,6
IRYS,4,2,6
ISABELLA,4,2,6
ISDENIA,4,2,6
JAVIELA,4,2,6
JAY,4,2,6
JEFERSON,4,2,6
JEFF,4,2,6
JONAEL,4,2,6
JONSON,4,2,6
JOSE CARLOS,4,2,6
JOSLYN,4,2,6
KAMEL,4,2,6
KELI,4,2,6
KENNETT,4,2,6
LADISLAA,4,2,6
LAI,4,2,6
LANCE,4,2,6
LAUREL,4,2,6
LEDUBINA,4,2,6
LEMIS,4,2,6
LEMY,4,2,6
LENIZ,4,2,6
LEONI,4,2,6
LEOPOLD,4,2,6
LIBY,4,2,6
LIDIA DE JESUS,4,2,6
LINDELL,4,2,6
LIZZ,4,2,6
LIZZY,4,2,6
LOY,4,2,6
LUCELINDA,4,2,6
LUDGERIO,4,2,6
MADLIN,4,2,6
MANSON,4,2,6
MANSUR,4,2,6
MARDOEL,4,2,6
MARIFLOR,4,2,6
MARILIAN,4,2,6
MARINELIA,4,2,6
MARITH,4,2,6
MAUREL,4,2,6
MAURIEL,4,2,6
MAXIMILIA,4,2,6
MAXINE,4,2,6
MAYLON,4,2,6
MERILIN,4,2,6
MERLEY,4,2,6
MERLINA,4,2,6
MEXABEL,4,2,6
MEYLI,4,2,6
MIDIAM,4,2,6
MILNER,4,2,6
MINDONIO,4,2,6
MINELBA,4,2,6
MIRES,4,2,6
MIZRAIM,4,2,6
MOLVIN,4,2,6
MORONI,4,2,6
NAN,4,2,6
NELIY,4,2,6
NELSSON,4,2,6
NEREO,4,2,6
NERIT,4,2,6
NERZA,4,2,6
NILZON,4,2,6
NISIA,4,2,6
NITO,4,2,6
NOELVI,4,2,6
NOLI,4,2,6
NOREL,4,2,6
OCTILIA,4,2,6
ODISIS,4,2,6
ONORA,4,2,6
ORBELIANY,4,2,6
ORDULIA,4,2,6
ORNAN,4,2,6
ORVELIA,4,2,6
OSBAN,4,2,6
PACIANO,4,2,6
PELAGIA,4,2,6
PHILLIS,4,2,6
POLIN,4,2,6
POLINARIA,4,2,6
PORFIRO,4,2,6
PROTO,4,2,6
QUELITA,4,2,6
RAEL,4,2,6
RAINELDO,4,2,6
RAMIRES,4,2,6
RAMONA DE JESUS,4,2,6
RECAREDO,4,2,6
REMAN,4,2,6
RENELDA,4,2,6
RENELIA,4,2,6
RIAD,4,2,6
RIDEN,4,2,6
ROBELINDA,4,2,6
ROBYN,4,2,6
ROCEL,4,2,6
RODILBERTO,4,2,6
RODILMER,4,2,6
ROILAN,4,2,6
ROSAMINTA,4,2,6
ROSELYS,4,2,6
ROSIDALMA,4,2,6
ROSINDO,4,2,6
ROYAL,4,2,6
RUIS,4,2,6
RULY,4,2,6
RUTBELINA,4,2,6
RUX,4,2,6
SAIRI,4,2,6
SANTAS,4,2,6
SOMER,4,2,6
SUAZO,4,2,6
SUCEL,4,2,6
TANO,4,2,6
TRIGIDIO,4,2,6
UBENCES,4,2,6
URDEN,4,2,6
VERCELLI,4,2,6
VIDENCIO,4,2,6
VILNA,4,2,6
WANDER,4,2,6
WANNER,4,2,6
WELBY,4,2,6
WELSON,4,2,6
WENDOLIN,4,2,6
WILFOR,4,2,6
WILGBERTO,4,2,6
WUILLIAN,4,2,6
XIU,4,2,6
YANIDA,4,2,6
YARLEN,4,2,6
YNOCENTE,4,2,6
YOLAINA,4,2,6
YOLIS,4,2,6
YONER,4,2,6
YORIS,4,2,6
YOSSY,4,2,6
ZELENE,4,2,6
ZICRI,4,2,6
ZOA,4,2,6
ABINAEL,5,1,6
ADISLADO,5,1,6
AISSA,5,1,6
AIZA,5,1,6
ALBARA,5,1,6
ALBERTANO,5,1,6
ALBIS,5,1,6
ALCY,5,1,6
ALDIN,5,1,6
ALEJADRINA,5,1,6
ALENA,5,1,6
ALINSON,5,1,6
ALVARA,5,1,6
ANA  MARIA,5,1,6
ANA DEL CARMEN,5,1,6
ANABERTA,5,1,6
ANADELA,5,1,6
ANATILDE,5,1,6
ANMA,5,1,6
ARIANY,5,1,6
ARLEZ,5,1,6
ARLIX,5,1,6
ARLOS,5,1,6
ARMELINA,5,1,6
AUSTROBERTO,5,1,6
BALTER,5,1,6
BEHTY,5,1,6
BELMAN,5,1,6
BERGIN,5,1,6
BERTULIO,5,1,6
BISAEL,5,1,6
BORMAN,5,1,6
CARLEEN,5,1,6
CARMEL,5,1,6
CARMENTINA,5,1,6
CINECIO,5,1,6
CLARY,5,1,6
CLERIDA,5,1,6
CLINT,5,1,6
COMMEMORACION,5,1,6
DADISLAO,5,1,6
DANIEL DE JESUS,5,1,6
DAYBI,5,1,6
DELLA,5,1,6
DELME,5,1,6
DELTA,5,1,6
DERI,5,1,6
DESIS,5,1,6
DEYSEE,5,1,6
DIANER,5,1,6
DIANI,5,1,6
DINER,5,1,6
DIRK,5,1,6
DOGLAS,5,1,6
DOGOBERTO,5,1,6
DOLAN,5,1,6
DOLIN,5,1,6
DORISNELIA,5,1,6
EARLY,5,1,6
EBY,5,1,6
ECDA,5,1,6
EDESIA,5,1,6
EDIO,5,1,6
EDNY,5,1,6
ELENITA,5,1,6
ELEX,5,1,6
ELFIA,5,1,6
ELISIAN,5,1,6
ELVIDIA,5,1,6
ELWYN,5,1,6
EMILINA,5,1,6
ENDER,5,1,6
ERENDIRA,5,1,6
ERENIO,5,1,6
ERIKS,5,1,6
ERLEN,5,1,6
ERLIX,5,1,6
ERMELDA,5,1,6
ERMITANO,5,1,6
ETHLIN,5,1,6
ETTY,5,1,6
ETY,5,1,6
EXTOR,5,1,6
FANCISCO,5,1,6
FCO,5,1,6
FELICITOS,5,1,6
FIDELICIA,5,1,6
FRANKIL,5,1,6
FRANKIN,5,1,6
FREDERIK,5,1,6
FREDISMINDA,5,1,6
FRNCISCO,5,1,6
GABRI,5,1,6
GERLYN,5,1,6
GERMA,5,1,6
GIAN,5,1,6
GINES,5,1,6
GLENNY,5,1,6
GRESY,5,1,6
GUBERLINDA,5,1,6
HEMRY,5,1,6
HENDER,5,1,6
HENDY,5,1,6
HEVERT,5,1,6
HINDIRA,5,1,6
HYPATIA,5,1,6
IBO,5,1,6
INCIA,5,1,6
INGLIS,5,1,6
IRIAM,5,1,6
IRSIA,5,1,6
ISAGRO,5,1,6
ISMAN,5,1,6
JAME,5,1,6
JENSI,5,1,6
JESMIN,5,1,6
JIMMIE,5,1,6
JIMNY,5,1,6
JOMNY,5,1,6
JONH,5,1,6
JOSÉ,5,1,6
JULEANA,5,1,6
KARLYN,5,1,6
KELIA,5,1,6
KELTON,5,1,6
KIN,5,1,6
KRIS,5,1,6
LANY,5,1,6
LEIDYS,5,1,6
LERLY,5,1,6
LESDI,5,1,6
LESVIS,5,1,6
LEXIE,5,1,6
LEYNI,5,1,6
LIDEA,5,1,6
LIMBOR,5,1,6
LORDES,5,1,6
LUSBIN,5,1,6
LUWIN,5,1,6
MACK,5,1,6
MADALFA,5,1,6
MAGRO,5,1,6
MANNA,5,1,6
MAR+A,5,1,6
MARBELINA,5,1,6
MARBY,5,1,6
MARDYN,5,1,6
MAREN,5,1,6
MARICELIS,5,1,6
MARLEE,5,1,6
MARSIO,5,1,6
MARTANA,5,1,6
MATIS,5,1,6
MC,5,1,6
MELCA,5,1,6
MELCIADES,5,1,6
MELWIN,5,1,6
MERRIS,5,1,6
MERRY,5,1,6
MOYCES,5,1,6
NADIEZHDA,5,1,6
NELSYS,5,1,6
NELTON,5,1,6
NELZO,5,1,6
NILFA,5,1,6
NOLBY,5,1,6
NUEMIS,5,1,6
NURYS,5,1,6
ODER,5,1,6
ODVIN,5,1,6
ODWIN,5,1,6
OLDE,5,1,6
OLIDIO,5,1,6
OLMIA,5,1,6
ONICE,5,1,6
ORIAN,5,1,6
PIER,5,1,6
REINA DE JESUS,5,1,6
RENIERES,5,1,6
REYNELIO,5,1,6
RIGINALDO,5,1,6
RIVER,5,1,6
ROBBIE,5,1,6
RODIA,5,1,6
ROMMELL,5,1,6
ROOSVELT,5,1,6
ROSAIBEL,5,1,6
ROSALIE,5,1,6
ROSBY,5,1,6
ROSIRIS,5,1,6
ROUMALDA,5,1,6
RUBENCINDA,5,1,6
RUDENCINDO,5,1,6
SADIRA,5,1,6
SAHADIA,5,1,6
SAQUEO,5,1,6
SELA,5,1,6
SELBA,5,1,6
SEYLIN,5,1,6
SHERLYN,5,1,6
SHERWIN,5,1,6
SINFOREANO,5,1,6
SOMNIA,5,1,6
SUNNY,5,1,6
TELESFOR,5,1,6
TEMIS,5,1,6
TEODORICO,5,1,6
TEOVALDO,5,1,6
TIRCIA,5,1,6
TRANSITA,5,1,6
TRASFIGURACION,5,1,6
TRUADIO,5,1,6
TWILA,5,1,6
UDIS,5,1,6
UFEMIO,5,1,6
VELENTIN,5,1,6
VELKIN,5,1,6
VETY,5,1,6
WELMAN,5,1,6
WILBERTH,5,1,6
WILSER,5,1,6
WUILL,5,1,6
WUILMAR,5,1,6
YAXON,5,1,6
YEMIS,5,1,6
YEXI,5,1,6
YGNACIA,5,1,6
YINE,5,1,6
YORDIN,5,1,6
YOSI,5,1,6
ZUNI,5,1,6
ALEZ,6,0,6
ALGA,6,0,6
ALLYN,6,0,6
ALUDIA,6,0,6
ANYA,6,0,6
ARLIZ,6,0,6
ASTIN,6,0,6
ASTRA,6,0,6
BELBIN,6,0,6
BERMIN,6,0,6
BERNON,6,0,6
BIBIA,6,0,6
BIELKA,6,0,6
BILY,6,0,6
BINA,6,0,6
BLASIA,6,0,6
CALTON,6,0,6
CARY,6,0,6
CEILY,6,0,6
CENY,6,0,6
CERVIO,6,0,6
CESY,6,0,6
CHERIL,6,0,6
CHRISTHIAN,6,0,6
CLELIAN,6,0,6
CRISTHYAN,6,0,6
DADWIN,6,0,6
DAIMILIA,6,0,6
DAISEY,6,0,6
DAISHY,6,0,6
DAMIA,6,0,6
DARBY,6,0,6
DASNY,6,0,6
DAYTON,6,0,6
DEGNI,6,0,6
DEIMY,6,0,6
DENIO,6,0,6
DENSI,6,0,6
DENSIL,6,0,6
DEOPOLDO,6,0,6
DESI,6,0,6
DIGMA,6,0,6
DINIS,6,0,6
DITZA,6,0,6
DOLANDO,6,0,6
DOLIDA,6,0,6
DONIN,6,0,6
DONNIE,6,0,6
DOYLI,6,0,6
DRINA,6,0,6
DUBYS,6,0,6
DULY,6,0,6
EDATINA,6,0,6
EDGLA,6,0,6
EDHIS,6,0,6
EDVER,6,0,6
EGLIN,6,0,6
EGUIN,6,0,6
EIVY,6,0,6
ELDYS,6,0,6
ELQUI,6,0,6
ELSYS,6,0,6
ELZI,6,0,6
EMNER,6,0,6
ENMIS,6,0,6
ERLIM,6,0,6
ERLIZ,6,0,6
ERMEREGILDO,6,0,6
EROTIDA,6,0,6
ERSY,6,0,6
ERVIS,6,0,6
ESBELIN,6,0,6
ESLIA,6,0,6
ESLIE,6,0,6
EVAL,6,0,6
EXAR,6,0,6
EXSON,6,0,6
EYDIS,6,0,6
FALCO,6,0,6
FELISIANO,6,0,6
FELMAN,6,0,6
FERDY,6,0,6
FIDELINDO,6,0,6
FRANCELINA,6,0,6
FRANGIL,6,0,6
FRANQUI,6,0,6
FRANS,6,0,6
FREDDI,6,0,6
FREDISBINDA,6,0,6
FREDIX,6,0,6
FRUTO,6,0,6
GELBERT,6,0,6
GELMI,6,0,6
GELSI,6,0,6
GEMMA,6,0,6
GENIA,6,0,6
GERARMINA,6,0,6
GESNER,6,0,6
GEXI,6,0,6
GIDDEL,6,0,6
GIESI,6,0,6
GLORIN,6,0,6
GOLBER,6,0,6
GRAZIAMARIA,6,0,6
GRAZZIA,6,0,6
GRECY,6,0,6
GRETY,6,0,6
GUEYBY,6,0,6
GUEYVI,6,0,6
GUILERMO,6,0,6
GUILIAN,6,0,6
GUY,6,0,6
HAIRON,6,0,6
HEDI,6,0,6
HEGEL,6,0,6
HEGLA,6,0,6
HEIDE,6,0,6
HENDRICK,6,0,6
HEPTOR,6,0,6
HERBY,6,0,6
HERIK,6,0,6
HERMELIDIO,6,0,6
HETZEL,6,0,6
HOFMAN,6,0,6
HOGER,6,0,6
HOMEL,6,0,6
ILCI,6,0,6
INGRIT,6,0,6
INGRYS,6,0,6
INRY,6,0,6
IVINS,6,0,6
IXI,6,0,6
J  SANTOS,6,0,6
J SANTOS,6,0,6
J.CONCEPCION,6,0,6
J.MERCEDES,6,0,6
JAKIE,6,0,6
JANI,6,0,6
JANSI,6,0,6
JAREN,6,0,6
JEAMY,6,0,6
JEIDI,6,0,6
JELYN,6,0,6
JESER,6,0,6
JESMY,6,0,6
JIMIN,6,0,6
JONNHY,6,0,6
JUANCITO,6,0,6
JUBER,6,0,6
KARI,6,0,6
KATTI,6,0,6
KEIBY,6,0,6
KEMEL,6,0,6
KEYRY,6,0,6
KLAUDIA,6,0,6
KORA,6,0,6
LAURENA,6,0,6
LAURIN,6,0,6
LAUTARO,6,0,6
LEGIA,6,0,6
LEIDIN,6,0,6
LESLYN,6,0,6
LIBIL,6,0,6
LIBIS,6,0,6
LIXZA,6,0,6
LORIN,6,0,6
LORY,6,0,6
LOURBIN,6,0,6
LUBIAN,6,0,6
LURVYN,6,0,6
MA.FRANCISCA,6,0,6
MA.PAULA,6,0,6
MA.TERESA,6,0,6
MAFALDO,6,0,6
MALVIA,6,0,6
MANGLIO,6,0,6
MARIA  DE LOS,6,0,6
MARIA BLANCA,6,0,6
MARIQUITA,6,0,6
MARLLY,6,0,6
MARSY,6,0,6
MAURI,6,0,6
MAYNE,6,0,6
MENDEL,6,0,6
MENDY,6,0,6
MERLYM,6,0,6
MEYBEL,6,0,6
MILBA,6,0,6
MILGHIAN,6,0,6
MIXIA,6,0,6
MORTILA,6,0,6
NACIS,6,0,6
NECTALICIA,6,0,6
NECTIS,6,0,6
NERIX,6,0,6
NEVA,6,0,6
NEYVI,6,0,6
NILVA,6,0,6
NIRIAN,6,0,6
NODAL,6,0,6
NORFA,6,0,6
NORYN,6,0,6
OCTAVILO,6,0,6
OLDER,6,0,6
OLIN,6,0,6
ONNI,6,0,6
ONOCIFORO,6,0,6
OREN,6,0,6
ORVILL,6,0,6
OSWAN,6,0,6
OWIN,6,0,6
PASCASIO,6,0,6
PATY,6,0,6
POLICIANO,6,0,6
RADUEL,6,0,6
RAYDAL,6,0,6
REDI,6,0,6
REINELA,6,0,6
RELIDA,6,0,6
RELMY,6,0,6
REMO,6,0,6
RENIL,6,0,6
RHONDA,6,0,6
ROCKY,6,0,6
RODBIN,6,0,6
RODYN,6,0,6
ROLY,6,0,6
ROMMY,6,0,6
RONAR,6,0,6
RONIZ,6,0,6
ROSALBINA,6,0,6
RUBBY,6,0,6
RUDA,6,0,6
RUS,6,0,6
SANTITOS,6,0,6
SARBIA,6,0,6
SEFORA,6,0,6
SEILIN,6,0,6
SELWIN,6,0,6
SENDIS,6,0,6
SHEENA,6,0,6
SHORLY,6,0,6
SIGNIA,6,0,6
SIRI,6,0,6
SISY,6,0,6
SUSSAN,6,0,6
SUZY,6,0,6
SYNTHIA,6,0,6
TELMIS,6,0,6
TESLI,6,0,6
TESSY,6,0,6
TILSON,6,0,6
UBENIL,6,0,6
VANDA,6,0,6
VELKYS,6,0,6
VELMIN,6,0,6
VIANCA,6,0,6
YADY,6,0,6
YERMY,6,0,6
YOHNY,6,0,6
YUNES,6,0,6
ZENIO,6,0,6
ZILPA,6,0,6
ABENIL,0,5,5
ADANY,0,5,5
ADARIEL,0,5,5
ADIM,0,5,5
ALANIS,0,5,5
ALDENYS,0,5,5
ALEXANDEZ,0,5,5
ALQUIMIDES,0,5,5
ALXANDER,0,5,5
AMALET,0,5,5
ANALETH,0,5,5
ANDONIO,0,5,5
ANDURAY,0,5,5
ANIDEY,0,5,5
AQUELY,0,5,5
ARABELL,0,5,5
ARGETINA,0,5,5
ARSELI,0,5,5
ASDRUAL,0,5,5
AXIDES,0,5,5
BAILON,0,5,5
BELTRAHAN,0,5,5
BENITEZ,0,5,5
BERNADETTE,0,5,5
BERNARDETH,0,5,5
BESAY,0,5,5
BETZAYDA,0,5,5
BEXAI,0,5,5
BIANETH,0,5,5
BUENA ESPERANZA,0,5,5
CARMEN SUYAPA,0,5,5
CARRACCIOLI,0,5,5
CIBRIAN,0,5,5
CILENA,0,5,5
CLIOFE,0,5,5
CONCEPCION DE L,0,5,5
CRISTELL,0,5,5
DABEYVA,0,5,5
DANERSI,0,5,5
DANESSY,0,5,5
DANIERI,0,5,5
DE LA  CRUZ,0,5,5
DE LA  LUZ,0,5,5
DE LA ASCENCION,0,5,5
DE LA GUARDIA,0,5,5
DE LA LUS,0,5,5
DE LA PAS,0,5,5
DE LOS  SANTOS,0,5,5
DE LOS ANJELES,0,5,5
DE PALERMO,0,5,5
DE ROJAS,0,5,5
DEL  TRANSITO,0,5,5
DEL CARMNE,0,5,5
DEL SOL,0,5,5
DELSID,0,5,5
DICXIANA,0,5,5
DIMITRY,0,5,5
DINEY,0,5,5
DOMINICK,0,5,5
DORIELA,0,5,5
DORIS SUYAPA,0,5,5
DUBIER,0,5,5
EDILETH,0,5,5
ELANA,0,5,5
ELEZABETH,0,5,5
ELIDENY,0,5,5
ELISABEC,0,5,5
ELISABED,0,5,5
ELISABEH,0,5,5
ELISEP,0,5,5
ELIZANDO,0,5,5
ELIZEHT,0,5,5
ELIZZETTE,0,5,5
ELLINGTON,0,5,5
EMILET,0,5,5
ENGRASIA,0,5,5
ERELY,0,5,5
EURIPIDES,0,5,5
EXAVIER,0,5,5
FONG,0,5,5
FUENTES,0,5,5
GEANNETH,0,5,5
GEOBANNI,0,5,5
GEOGINA,0,5,5
GERONDINA,0,5,5
GLADIBEL,0,5,5
GLORIA SUYAPA,0,5,5
GOVANNY,0,5,5
GRICETH,0,5,5
HAYDDE,0,5,5
HITALINA,0,5,5
HIZELA,0,5,5
IBELL,0,5,5
IDALBA,0,5,5
ISARINA,0,5,5
IVEETH,0,5,5
IZAGUIRRE,0,5,5
JACKELLINE,0,5,5
JACKELY,0,5,5
JAIL,0,5,5
JANNEL,0,5,5
JASSIEL,0,5,5
JEANEHT,0,5,5
JEOBANNY,0,5,5
JIOVANNI,0,5,5
JOHVANY,0,5,5
JOLIVETH,0,5,5
JOSE DE DIOS,0,5,5
JOSE LEON,0,5,5
JOSSET,0,5,5
JUAN MANUEL,0,5,5
JULLISSA,0,5,5
JUNIBETH,0,5,5
JUSETH,0,5,5
KADIR,0,5,5
KATIUSKA,0,5,5
KELINETH,0,5,5
LAM,0,5,5
LANDO,0,5,5
LATINA,0,5,5
LAZARINA,0,5,5
LEBIT,0,5,5
LEONIL,0,5,5
LEYANITH,0,5,5
LICCETH,0,5,5
LICENA,0,5,5
LIDIA ESPERANZA,0,5,5
LIDIA MARINA,0,5,5
LIDIETT,0,5,5
LISCETH,0,5,5
LIZABET,0,5,5
LIZZEHT,0,5,5
LOLIBETH,0,5,5
LUDINIA,0,5,5
LUISA DE JESUS,0,5,5
LUZ DEL CARMEN,0,5,5
MACDONALD,0,5,5
MADELAINE,0,5,5
MAGDONY,0,5,5
MALDONADO,0,5,5
MALU,0,5,5
MANRIKE,0,5,5
MARCENY,0,5,5
MARCOS ANTONIO,0,5,5
MARETH,0,5,5
MARIA ELIZABETH,0,5,5
MARIBY,0,5,5
MARINOTH,0,5,5
MARONY,0,5,5
MAYARI,0,5,5
MELADYS,0,5,5
MERECI,0,5,5
MERINO,0,5,5
MICELA,0,5,5
MILDRETH,0,5,5
MINDONIA,0,5,5
MIREL,0,5,5
MISHAEL,0,5,5
NAHEL,0,5,5
NIRVANA,0,5,5
NOLAZCO,0,5,5
ODIT,0,5,5
ONELL,0,5,5
ORALDINA,0,5,5
ORIOL,0,5,5
ORISTELIA,0,5,5
OSMEDI,0,5,5
OVANI,0,5,5
OVIEL,0,5,5
OZAIR,0,5,5
PASTRANA,0,5,5
PATRCIA,0,5,5
PEDRA,0,5,5
PORENA,0,5,5
PRISTILA,0,5,5
RAYNIERI,0,5,5
REINA MARGARITA,0,5,5
RODEZNO,0,5,5
ROVERTA,0,5,5
ROXINA,0,5,5
SALDARIS,0,5,5
SANTOS ANDRES,0,5,5
SANTOS PEDRO,0,5,5
SANTOS TOMASA,0,5,5
SAUD,0,5,5
SIDANIA,0,5,5
SIHAN,0,5,5
SIMEY,0,5,5
SODEYDA,0,5,5
SOEL,0,5,5
SOFIA ESPERANZA,0,5,5
STEEVE,0,5,5
STUARDO,0,5,5
SULAMITH,0,5,5
SUNEYDA,0,5,5
SUSSETTE,0,5,5
THERESIN,0,5,5
TONG,0,5,5
YACKELYN,0,5,5
YALINETH,0,5,5
YAMILL,0,5,5
YAMILTH,0,5,5
YAMITEH,0,5,5
YANESA,0,5,5
YANINY,0,5,5
YANIRES,0,5,5
YASSMIN,0,5,5
YAVANI,0,5,5
YESELI,0,5,5
YESENIE,0,5,5
YESSEL,0,5,5
YESSENYA,0,5,5
YISETH,0,5,5
YOBANINA,0,5,5
YOCELYN,0,5,5
YOEN,0,5,5
YOJENI,0,5,5
YOLADY,0,5,5
YOLANIE,0,5,5
YOLEDY,0,5,5
YONORY,0,5,5
YOVETH,0,5,5
YSAI,0,5,5
YUBINIS,0,5,5
YULANDIR,0,5,5
ZARAY,0,5,5
ZAYONARA,0,5,5
ZHONG,0,5,5
ABADAN,1,4,5
ABELL,1,4,5
ABILSON,1,4,5
ABSDRUBAL,1,4,5
ADAIL,1,4,5
ADELINE,1,4,5
ADIT,1,4,5
ADMED,1,4,5
ADOLPH,1,4,5
ADOLPHUS,1,4,5
AGATHA,1,4,5
AHILUD,1,4,5
ALCARIO,1,4,5
ALEXAN,1,4,5
ALEYDY,1,4,5
ALEYMI,1,4,5
ALILI,1,4,5
ALMIDIO,1,4,5
ALMITA,1,4,5
ALSINIA,1,4,5
AMALI,1,4,5
AMARA,1,4,5
AMERICANA,1,4,5
ANAYCEL,1,4,5
ANDREE,1,4,5
ANEXI,1,4,5
ANEY,1,4,5
ANIEL,1,4,5
ANOFRE,1,4,5
ANTA,1,4,5
AQUILIANO,1,4,5
ARBELINA,1,4,5
ARISELDA,1,4,5
ARLETTY,1,4,5
ARMALDO,1,4,5
ARMENTINA,1,4,5
ARMICENDA,1,4,5
ARONE,1,4,5
AVILETH,1,4,5
AVIUD,1,4,5
AYAN,1,4,5
AYANETH,1,4,5
BABEL,1,4,5
BALMORI,1,4,5
BELTRAM,1,4,5
BEN HUR,1,4,5
BENEDITH,1,4,5
BERTZABE,1,4,5
BESTALINA,1,4,5
BETHZAIDA,1,4,5
BETUNIA,1,4,5
BEXI,1,4,5
BRINETH,1,4,5
BRISILA,1,4,5
CACIA,1,4,5
CALETH,1,4,5
CALVERT,1,4,5
CELINIA,1,4,5
COLOMBO,1,4,5
CONDE,1,4,5
COSUELO,1,4,5
CRISOLOGO,1,4,5
CRISTIVEL,1,4,5
DALLANA,1,4,5
DAREL,1,4,5
DARINE,1,4,5
DELHI,1,4,5
DELISA,1,4,5
DELL,1,4,5
DELLANIRA,1,4,5
DIADIRA,1,4,5
DIDUVINA,1,4,5
DONELCI,1,4,5
DOROLINA,1,4,5
DULSELINA,1,4,5
DURAN,1,4,5
DUVIER,1,4,5
EBDOMILIA,1,4,5
EBENILDA,1,4,5
EDALID,1,4,5
EDDULFO,1,4,5
EDILBER,1,4,5
EDILMER,1,4,5
EDUTH,1,4,5
EFIGENCIA,1,4,5
EFREDY,1,4,5
ELEOBARDO,1,4,5
ELEONEL,1,4,5
ELGITA,1,4,5
ELIABETH,1,4,5
ELICSA,1,4,5
ELIDILIA,1,4,5
ELIONEL,1,4,5
ELIXSA,1,4,5
ELIZANDER,1,4,5
ELIZENA,1,4,5
ELSINORA,1,4,5
ELVIRA DE JESUS,1,4,5
ELYZABETH,1,4,5
EMEDELIO,1,4,5
EMEDINA,1,4,5
EMELIANA,1,4,5
EMERILDA,1,4,5
ENPERATRIZ,1,4,5
ERASMIN,1,4,5
ERMERALDA,1,4,5
ERMITAËO,1,4,5
ESCARLE,1,4,5
ESPEDICTA,1,4,5
ESTIBALIZ,1,4,5
EUDELINA,1,4,5
EVADNEY,1,4,5
EXANDER,1,4,5
EXCELINO,1,4,5
EXSALTACION,1,4,5
FAUBRICIO,1,4,5
FERNALI,1,4,5
FOAD,1,4,5
FRANCELI,1,4,5
FRANCOISE,1,4,5
GARCIA,1,4,5
GARFIELD,1,4,5
GEORGINO,1,4,5
GLICERIA,1,4,5
GODOY,1,4,5
GRABRIELA,1,4,5
GRICELL,1,4,5
GRISSELLE,1,4,5
HAIR,1,4,5
HAYME,1,4,5
HUDIEL,1,4,5
HUR,1,4,5
HURIEL,1,4,5
ICELDA,1,4,5
IDILIO,1,4,5
INORA,1,4,5
IRINIA,1,4,5
ISAE,1,4,5
ISSOLINA,1,4,5
IVETTY,1,4,5
JARELY,1,4,5
JARET,1,4,5
JENNETTE,1,4,5
JERUSALEN,1,4,5
JHAJAIRA,1,4,5
JOSELES,1,4,5
JUANA DE JESUS,1,4,5
JUDICT,1,4,5
JUDIH,1,4,5
JULIETTA,1,4,5
KARINNA,1,4,5
LARSON,1,4,5
LEDENY,1,4,5
LEDINA,1,4,5
LEIF,1,4,5
LEONDINA,1,4,5
LEVICIA,1,4,5
LICEL,1,4,5
LIL,1,4,5
LISEETH,1,4,5
LLADIRA,1,4,5
LLANIRA,1,4,5
LOAMY,1,4,5
LORENI,1,4,5
LORINE,1,4,5
LUDITH,1,4,5
LUJANA,1,4,5
MALENY,1,4,5
MALYORI,1,4,5
MAMFREDO,1,4,5
MARARI,1,4,5
MARBELIS,1,4,5
MARCELI,1,4,5
MARDELIS,1,4,5
MARGEL,1,4,5
MARGOTIA,1,4,5
MARIA DE LOS AN,1,4,5
MARISCA,1,4,5
MARIVI,1,4,5
MARYENI,1,4,5
MARYNELA,1,4,5
MAUDALY,1,4,5
MAXEL,1,4,5
MAYBELI,1,4,5
MAZIEL,1,4,5
MELEYDA,1,4,5
MERADYS,1,4,5
MERAY,1,4,5
MERICE,1,4,5
MERINA,1,4,5
MICHELLY,1,4,5
MIDONIO,1,4,5
MILLAN,1,4,5
MINELI,1,4,5
MINOSCA,1,4,5
MORELI,1,4,5
MORENO,1,4,5
MYLENE,1,4,5
NADALY,1,4,5
NATANEL,1,4,5
NAVAR,1,4,5
NAYENDY,1,4,5
NEMROD,1,4,5
NEPOMUCENO,1,4,5
NEREYRA,1,4,5
NINORA,1,4,5
NINOZCA,1,4,5
NOEMICIA,1,4,5
NORITA,1,4,5
NOVER,1,4,5
OBDUL,1,4,5
OBILDA,1,4,5
OCIEL,1,4,5
ODILID,1,4,5
ODONIEL,1,4,5
OMARY,1,4,5
ONEAL,1,4,5
ONILA,1,4,5
OQUELIN,1,4,5
ORALYS,1,4,5
ORBELIN,1,4,5
ORDELIA,1,4,5
ORLINTES,1,4,5
OSMANDO,1,4,5
OSMILDA,1,4,5
OVELINA,1,4,5
OVERTO,1,4,5
PELAGIO,1,4,5
RAINIERI,1,4,5
RAINIERO,1,4,5
RAMSSES,1,4,5
RANFERI,1,4,5
RAQUELY,1,4,5
RECARTE,1,4,5
RENEL,1,4,5
REYNIERIS,1,4,5
ROBERINA,1,4,5
ROCSANY,1,4,5
RODVINDA,1,4,5
ROMON,1,4,5
ROSA ALICIA,1,4,5
RUBINELA,1,4,5
SAHEL,1,4,5
SAHIR,1,4,5
SANTOS CRUZ,1,4,5
SANTOS HILARIO,1,4,5
SARAIT,1,4,5
SELANIA,1,4,5
SELEDON,1,4,5
SHIOMARA,1,4,5
SINCLAIR,1,4,5
SIRABEL,1,4,5
SOBEINA,1,4,5
SOLOME,1,4,5
SOLON,1,4,5
STARLYN,1,4,5
STEVENSON,1,4,5
SUSELY,1,4,5
SUYIN,1,4,5
ULALIO,1,4,5
USMAN,1,4,5
UVANIA,1,4,5
VALEZKA,1,4,5
VECIS,1,4,5
VELARMINA,1,4,5
VIDAUL,1,4,5
VIMAR,1,4,5
VITELA,1,4,5
WALDIMIR,1,4,5
WALTERINE,1,4,5
WILLI,1,4,5
YADHIRA,1,4,5
YAHELI,1,4,5
YAJEIRA,1,4,5
YALEXI,1,4,5
YAMELIN,1,4,5
YAMILDA,1,4,5
YANEXI,1,4,5
YANILEX,1,4,5
YANIVID,1,4,5
YAREL,1,4,5
YARELIS,1,4,5
YARIDIA,1,4,5
YASAIRA,1,4,5
YASELIN,1,4,5
YASMINDA,1,4,5
YAVANY,1,4,5
YENELIN,1,4,5
YEOVANI,1,4,5
YERALDIN,1,4,5
YIYI,1,4,5
YOBANE,1,4,5
YOHAM,1,4,5
YOJARA,1,4,5
YOLADIS,1,4,5
YOLYBETH,1,4,5
YONALI,1,4,5
YONALY,1,4,5
YONELI,1,4,5
YONELIN,1,4,5
YORYETH,1,4,5
YOSMIN,1,4,5
YOVAY,1,4,5
YSRAEL,1,4,5
YUBANA,1,4,5
YUJANY,1,4,5
YUNISA,1,4,5
YUVAN,1,4,5
ZABRINA,1,4,5
ZEOMARA,1,4,5
ZULEY,1,4,5
ABDELINA,2,3,5
ABDINA,2,3,5
ABILENE,2,3,5
ABIMELECH,2,3,5
ADALMIRO,2,3,5
ADELCI,2,3,5
ADELMIN,2,3,5
ADILBA,2,3,5
ADILBERTA,2,3,5
ADONES,2,3,5
AGRIPIN,2,3,5
AGRISELDA,2,3,5
AIDES,2,3,5
ALBITA,2,3,5
ALCIDIS,2,3,5
ALDIFONSA,2,3,5
ALEXAR,2,3,5
ALEXE,2,3,5
ALIXI,2,3,5
ALJANDRO,2,3,5
ALMERIA,2,3,5
ALMIRABLE,2,3,5
ALTAMIRANO,2,3,5
AMERLIN,2,3,5
AMIDA,2,3,5
AMPARO DE JESUS,2,3,5
ANACELI,2,3,5
ANAELIA,2,3,5
ANALIAS,2,3,5
ANARIBA,2,3,5
ANARIBAL,2,3,5
ANBROSIA,2,3,5
ANDALINO,2,3,5
ANDERSI,2,3,5
ANDULIO,2,3,5
ANGENOR,2,3,5
ANNETH,2,3,5
AQUINA,2,3,5
AQUINALDO,2,3,5
ARACIELA,2,3,5
ARALIA,2,3,5
ARASELIA,2,3,5
ARCELA,2,3,5
ARCENIS,2,3,5
ARCINIA,2,3,5
ARDON,2,3,5
ARISTER,2,3,5
ARMINTA,2,3,5
ARMODIO,2,3,5
ARNAL,2,3,5
AROLD,2,3,5
ARQUELAO,2,3,5
ARQUIMEDEZ,2,3,5
ASSAEL,2,3,5
ASTILIO,2,3,5
ATALIA,2,3,5
ATILANA,2,3,5
AUBNER,2,3,5
AUCIDES,2,3,5
AULALIA,2,3,5
AURELY,2,3,5
AVIL,2,3,5
AVINIA,2,3,5
BARIS,2,3,5
BAXTER,2,3,5
BEJASMIN,2,3,5
BENELIO,2,3,5
BENUEL,2,3,5
BERCELIS,2,3,5
BERIS,2,3,5
BERMAN,2,3,5
BERTHILA,2,3,5
BETHANIA,2,3,5
BETINIA,2,3,5
BEY,2,3,5
BIBILIA,2,3,5
CARINO,2,3,5
CEBERINO,2,3,5
CELEDONEA,2,3,5
CEVERINA,2,3,5
CICERON,2,3,5
CICILIA,2,3,5
CLEOTINA,2,3,5
CLODOMIRA,2,3,5
CLOFE,2,3,5
CONSEPSION,2,3,5
CONSOLACION,2,3,5
CORALEE,2,3,5
DALILO,2,3,5
DAMIN,2,3,5
DANDY,2,3,5
DANE,2,3,5
DANLEY,2,3,5
DARLINA,2,3,5
DELSIE,2,3,5
DEONILO,2,3,5
DIANEY,2,3,5
DIDIEL,2,3,5
DIETER,2,3,5
DILSE,2,3,5
DINELDA,2,3,5
DINEYLA,2,3,5
DINNORA,2,3,5
DIOMEDY,2,3,5
DIONEY,2,3,5
DIONILDO,2,3,5
DOMICILIA,2,3,5
DYANA,2,3,5
EDALIO,2,3,5
EDBERTA,2,3,5
EDEMIA,2,3,5
EDIEL,2,3,5
EFIDENCIA,2,3,5
ELADIS,2,3,5
ELEMIR,2,3,5
ELIBARDO,2,3,5
ELIENAI,2,3,5
ELIETA,2,3,5
ELIHUT,2,3,5
ELILIA,2,3,5
ELIMAS,2,3,5
ELISUR,2,3,5
ELUCINDA,2,3,5
EMENECIO,2,3,5
EMISELDA,2,3,5
ENCARNANCION,2,3,5
ENOELIA,2,3,5
ENOLA,2,3,5
ERENY,2,3,5
ERODIAS,2,3,5
ERUVEY,2,3,5
ERUVINA,2,3,5
ESMOND,2,3,5
ESTERLY,2,3,5
ETHELBINA,2,3,5
ETZEQUIEL,2,3,5
EUDA,2,3,5
EUDACIA,2,3,5
EUDELFA,2,3,5
EUDOMILIO,2,3,5
EULOJIA,2,3,5
EURICO,2,3,5
EVANELY,2,3,5
EVODIO,2,3,5
EXCIVIA,2,3,5
EXIMIA,2,3,5
EXIOMARA,2,3,5
FELIXA,2,3,5
FEMIA,2,3,5
FENDER,2,3,5
FRANCELLA,2,3,5
FRANQUIL,2,3,5
FREDELBINDA,2,3,5
FREDIC,2,3,5
FRINE,2,3,5
FRNCISCA,2,3,5
GARDO,2,3,5
GAY,2,3,5
GEMALI,2,3,5
GENEVIEVE,2,3,5
GESSELLE,2,3,5
GOLMAN,2,3,5
GORGONIA,2,3,5
GUALVERTO,2,3,5
HANSEN,2,3,5
HENAN,2,3,5
HERMANDO,2,3,5
HERMEGILDO,2,3,5
HIDALBERTO,2,3,5
HIDALMY,2,3,5
HILBEA,2,3,5
HIVETH,2,3,5
IDALYA,2,3,5
IDBELA,2,3,5
IDEFONSO,2,3,5
IMAEL,2,3,5
INES DE JESUS,2,3,5
ISABELLE,2,3,5
ISAK,2,3,5
ISAX,2,3,5
ISMAIN,2,3,5
JAHANA,2,3,5
JANIXA,2,3,5
JAPHET,2,3,5
JECENIA,2,3,5
JETRUDIS,2,3,5
JOANN,2,3,5
JOATAN,2,3,5
JUDEH,2,3,5
JULITZA,2,3,5
JULIZZA,2,3,5
JUVENALDO,2,3,5
KARLOTA,2,3,5
KILMENY,2,3,5
KRISTABEL,2,3,5
LATINAN,2,3,5
LAUDENCIO,2,3,5
LEDEZMA,2,3,5
LEILANI,2,3,5
LENOX,2,3,5
LEONELY,2,3,5
LIBAN,2,3,5
LICELA,2,3,5
LICIO,2,3,5
LIDALIA,2,3,5
LIDIDA,2,3,5
LINN,2,3,5
LODIA,2,3,5
LOTARIO,2,3,5
LUBEN,2,3,5
LUSVINA,2,3,5
LYLIANA,2,3,5
MAESY,2,3,5
MAGALENA,2,3,5
MAGNELY,2,3,5
MAGUIN,2,3,5
MALENI,2,3,5
MALFREDO,2,3,5
MALI,2,3,5
MALIA,2,3,5
MALISSA,2,3,5
MALYORY,2,3,5
MANEL,2,3,5
MARIA ROSARIO,2,3,5
MARIANDINO,2,3,5
MARICXA,2,3,5
MARLENS,2,3,5
MARVILA,2,3,5
MAVET,2,3,5
MAYBELY,2,3,5
MELIANO,2,3,5
MELQUICIDEC,2,3,5
MERCELY,2,3,5
MICTALIA,2,3,5
MIDEA,2,3,5
MIGDALEDER,2,3,5
MIGDONY,2,3,5
MILAGROSA,2,3,5
MILANI,2,3,5
MINDO,2,3,5
MINERBA,2,3,5
MINERVINA,2,3,5
MONZERRATH,2,3,5
MORELIN,2,3,5
NATAHEL,2,3,5
NECPTALY,2,3,5
NELLYN,2,3,5
NETTALI,2,3,5
NEVI,2,3,5
NEXALINA,2,3,5
NINABEL,2,3,5
NINI,2,3,5
NOBELIA,2,3,5
NORATO,2,3,5
NORIDALIA,2,3,5
ODAVIA,2,3,5
ODILBERTO,2,3,5
ODINIA,2,3,5
OLITA,2,3,5
OMARO,2,3,5
OMIN,2,3,5
ORION,2,3,5
ORNALDO,2,3,5
OSEA,2,3,5
OSLAN,2,3,5
OSSMAN,2,3,5
OTMAR,2,3,5
PATRIA,2,3,5
PINEL,2,3,5
POLONIA,2,3,5
QUILINO,2,3,5
REINOL,2,3,5
RENNER,2,3,5
RENVERTO,2,3,5
ROBERTHA,2,3,5
ROBINZON,2,3,5
ROMELL,2,3,5
ROSA IDALIA,2,3,5
ROSANDRA,2,3,5
ROSEBELT,2,3,5
ROSELINE,2,3,5
ROSSELI,2,3,5
ROUSSEL,2,3,5
RUCTILIO,2,3,5
RUDELINA,2,3,5
SAEN,2,3,5
SAHAGUN,2,3,5
SALIN,2,3,5
SALUSTRIA,2,3,5
SALUSTRO,2,3,5
SAMARIS,2,3,5
SAVID,2,3,5
SILVESTER,2,3,5
SOGEILA,2,3,5
SOGEY,2,3,5
SOHAD,2,3,5
STALYN,2,3,5
STEAVE,2,3,5
SUJELY,2,3,5
SULEYMA,2,3,5
SVETLANA,2,3,5
TARCICIO,2,3,5
TERENCE,2,3,5
TOLEDO,2,3,5
UBANY,2,3,5
URBANIA,2,3,5
USVALDO,2,3,5
VALDO,2,3,5
VALVINO,2,3,5
VERALIZ,2,3,5
VIDAD,2,3,5
VIDAN,2,3,5
VIENVENIDA,2,3,5
VIENVENIDO,2,3,5
VIRGINA,2,3,5
WALTHERINA,2,3,5
WINTER,2,3,5
WUALESKA,2,3,5
XIHOMARA,2,3,5
YAIRIS,2,3,5
YAMARIS,2,3,5
YANILDA,2,3,5
YESENYA,2,3,5
YESMENIA,2,3,5
YOJANIA,2,3,5
YOMARIS,2,3,5
YORYANA,2,3,5
YOSIRA,2,3,5
YOSIRIS,2,3,5
YOSSELY,2,3,5
YUDEX,2,3,5
YUNITH,2,3,5
YUSARA,2,3,5
YUSEN,2,3,5
ZAMAR,2,3,5
ZOVEYDA,2,3,5
ABAN,3,2,5
ABDELIA,3,2,5
ABDONA,3,2,5
ABELIS,3,2,5
ABELISARIO,3,2,5
ACASIA,3,2,5
ACASIO,3,2,5
ADAINA,3,2,5
ADANELIS,3,2,5
ADONILA,3,2,5
AEROPAGITA,3,2,5
AGEDA,3,2,5
AIBY,3,2,5
ALBERNA,3,2,5
ALCADIO,3,2,5
ALCIA,3,2,5
ALEGANDRINA,3,2,5
ALER,3,2,5
ALFREDA,3,2,5
ALSIDEZ,3,2,5
AMADO DE JESUS,3,2,5
AMAPOLA,3,2,5
AMARELY,3,2,5
AN,3,2,5
ANALE,3,2,5
ANBROCIO,3,2,5
ANGEN,3,2,5
ANILIA,3,2,5
ANSELA,3,2,5
ANTELMO,3,2,5
ARCADEO,3,2,5
ARJELIA,3,2,5
ARLANDO,3,2,5
ARLETY,3,2,5
ARNO,3,2,5
ASELINA,3,2,5
AUDES,3,2,5
AUDIO,3,2,5
AURADINA,3,2,5
AURISTILA,3,2,5
BECIS,3,2,5
BENULDA,3,2,5
BERSAIDA,3,2,5
BESSIS,3,2,5
BIBI,3,2,5
BILHA,3,2,5
BLADIMER,3,2,5
BLANCHE,3,2,5
BOLIVIA,3,2,5
BORBONIO,3,2,5
BRICEYDA,3,2,5
BRISSELDA,3,2,5
CALIDONIO,3,2,5
CARLETON,3,2,5
CARO,3,2,5
CELVA,3,2,5
CENAIRA,3,2,5
CENTENO,3,2,5
CEVERINO,3,2,5
CHUNG,3,2,5
CLAIR,3,2,5
CLEO,3,2,5
CLER,3,2,5
CLIOTILDE,3,2,5
COHINTA,3,2,5
CONVERCION,3,2,5
CORICSA,3,2,5
COSTA,3,2,5
CRISALIA,3,2,5
CRISOSTIMO,3,2,5
CRISTALINA,3,2,5
CRUSILA,3,2,5
CRYSTAL,3,2,5
DAIN,3,2,5
DALTINO,3,2,5
DAMARA,3,2,5
DANERSY,3,2,5
DARIOS,3,2,5
DARLEEN,3,2,5
DARLENIS,3,2,5
DAVIDAD,3,2,5
DELAIDA,3,2,5
DELGADINA,3,2,5
DELSO,3,2,5
DELVIRA,3,2,5
DERINA,3,2,5
DIAZ,3,2,5
DIDIEN,3,2,5
DINORHA,3,2,5
DISMAN,3,2,5
DITA,3,2,5
DOLMAN,3,2,5
DONACIANA,3,2,5
DULFINA,3,2,5
EBIDELIO,3,2,5
EDDYE,3,2,5
EDELVAIS,3,2,5
EDENIS,3,2,5
EDERIO,3,2,5
EDERLINDA,3,2,5
EDMIRA,3,2,5
EDUVINO,3,2,5
EIVI,3,2,5
ELAUTERIA,3,2,5
ELCITA,3,2,5
ELEANY,3,2,5
ELEDY,3,2,5
ELEUCADIO,3,2,5
ELEUCTERIO,3,2,5
ELGIN,3,2,5
ELIDES,3,2,5
ELIDUVINA,3,2,5
ELIXIA,3,2,5
ELMERSON,3,2,5
ELODIAS,3,2,5
ELVIL,3,2,5
ELWOOD,3,2,5
EMELIANO,3,2,5
EMSLEY,3,2,5
ENELINDA,3,2,5
ENGELBERTA,3,2,5
ERCULIANO,3,2,5
ERMENTINA,3,2,5
ERNAUL,3,2,5
ERNULFO,3,2,5
ESCARLA,3,2,5
ESCARLETT,3,2,5
ESMAYRA,3,2,5
ESNEYDA,3,2,5
ESTANLIN,3,2,5
ESTERLA,3,2,5
ETHELL,3,2,5
EUCTIMIO,3,2,5
EUFRASINA,3,2,5
EVAR,3,2,5
EVERTA,3,2,5
EXCIBIA,3,2,5
FACUNDINO,3,2,5
FARINIA,3,2,5
FEDERLINDA,3,2,5
FEDOR,3,2,5
FEISAR,3,2,5
FERDINAND,3,2,5
FERMELISA,3,2,5
FITA,3,2,5
FLOILAN,3,2,5
FLORIDALMY,3,2,5
FUSTINA,3,2,5
GALVEZ,3,2,5
GEDALIA,3,2,5
GERENARDA,3,2,5
GERESLITA,3,2,5
GLYNIS,3,2,5
GOLDEN,3,2,5
GONZALA,3,2,5
GRACIMINIA,3,2,5
GRETELL,3,2,5
GRISELIA,3,2,5
GRISELIDA,3,2,5
GUANERGE,3,2,5
HABIB,3,2,5
HABNER,3,2,5
HAL,3,2,5
HARNALDO,3,2,5
HASSEL,3,2,5
HEDITH,3,2,5
HELDIBRANDO,3,2,5
HEMBERTO,3,2,5
HENRIETA,3,2,5
HENRIQUETA,3,2,5
HERDULFO,3,2,5
HERMAIN,3,2,5
HERMOCINA,3,2,5
HIJINIA,3,2,5
HILDELISA,3,2,5
HOBED,3,2,5
HORMAN,3,2,5
HORMON,3,2,5
HOWELL,3,2,5
ICSOLINA,3,2,5
IDALEA,3,2,5
ILADIO,3,2,5
IRISOL,3,2,5
IRMAN,3,2,5
ISABELINA,3,2,5
ISLANDA,3,2,5
JAMILA,3,2,5
JANNELLY,3,2,5
JATNIEL,3,2,5
JEMS,3,2,5
JENNYFER,3,2,5
JERIN,3,2,5
JEROMIN,3,2,5
JEU,3,2,5
JILMAR,3,2,5
JOCOBO,3,2,5
JONARY,3,2,5
JOSABED,3,2,5
JUDIS,3,2,5
KINTIN,3,2,5
LALY,3,2,5
LEDER,3,2,5
LEOBILDO,3,2,5
LEODEGARIO,3,2,5
LEYDIA,3,2,5
LIBERIO,3,2,5
LIBERTA,3,2,5
LILE,3,2,5
LINDBERGH,3,2,5
LISBELA,3,2,5
LLONI,3,2,5
LOEL,3,2,5
LORET,3,2,5
LORIA,3,2,5
LOYD,3,2,5
LUCE,3,2,5
LUSBINDA,3,2,5
LUZMINDA,3,2,5
MADALIN,3,2,5
MAHEL,3,2,5
MAI,3,2,5
MANNIX,3,2,5
MARCK,3,2,5
MARELYN,3,2,5
MARGO,3,2,5
MARGORY,3,2,5
MARGRET,3,2,5
MARIA TRINIDAD,3,2,5
MARIBELLA,3,2,5
MARID,3,2,5
MARIDENA,3,2,5
MARO,3,2,5
MARYLIS,3,2,5
MARYLUZ,3,2,5
MAUDALINA,3,2,5
MAXDIEL,3,2,5
MAYLE,3,2,5
MELQUISEDET,3,2,5
MERLES,3,2,5
MEXALINA,3,2,5
MICDONIA,3,2,5
MILEIBY,3,2,5
MILIA,3,2,5
MINELIA,3,2,5
MINETTE,3,2,5
MIRANIA,3,2,5
MORGEN,3,2,5
MORNA,3,2,5
NAZIR,3,2,5
NEGIL,3,2,5
NEMUEL,3,2,5
NERCI,3,2,5
NERINA,3,2,5
NEXIS,3,2,5
NIRIO,3,2,5
NITA,3,2,5
NOHELA,3,2,5
NOHENI,3,2,5
NOLAIDA,3,2,5
NOLYN,3,2,5
NORILDA,3,2,5
NUILA,3,2,5
ODEIR,3,2,5
OLDINA,3,2,5
OLIRIA,3,2,5
OMELIA,3,2,5
ONE,3,2,5
ORAL,3,2,5
ORALY,3,2,5
ORIAMUNDO,3,2,5
ORLAND,3,2,5
ORLEY,3,2,5
OROCIA,3,2,5
ORPILIO,3,2,5
OSMAL,3,2,5
OSVAN,3,2,5
OSWEL,3,2,5
OZMIN,3,2,5
PABLITO,3,2,5
PACIFICA,3,2,5
PEDRITO,3,2,5
PLACIDIA,3,2,5
PRAGEDIS,3,2,5
PRECILIA,3,2,5
PRECILIANA,3,2,5
PRESCILIANA,3,2,5
PRISILIA,3,2,5
QUEDIN,3,2,5
RAFAILINO,3,2,5
RAYNELL,3,2,5
REYNALDINA,3,2,5
ROBI,3,2,5
RODEMIRO,3,2,5
ROQUELINA,3,2,5
ROQUES,3,2,5
ROSEVEL,3,2,5
ROSIDELIA,3,2,5
ROSMUNDO,3,2,5
ROSSMARY,3,2,5
ROXEL,3,2,5
RUBES,3,2,5
RUEL,3,2,5
RUSS,3,2,5
SABASTIAN,3,2,5
SAIT,3,2,5
SEN,3,2,5
SENUE,3,2,5
SERAFINO,3,2,5
SHERON,3,2,5
SILEM,3,2,5
SILENE,3,2,5
SIMPLICIO,3,2,5
SONNIA,3,2,5
SU,3,2,5
SUGEN,3,2,5
SULLIVAN,3,2,5
TEHELMA,3,2,5
TEXSA,3,2,5
URCINDA,3,2,5
USTACIO,3,2,5
VALDINA,3,2,5
VALETIN,3,2,5
VALKIRIA,3,2,5
VELIN,3,2,5
VELKI,3,2,5
VENIS,3,2,5
VERNIE,3,2,5
VIATRIS,3,2,5
VIDES,3,2,5
VILBERTO,3,2,5
WADALYS,3,2,5
WANERGES,3,2,5
WENCESLADO,3,2,5
WENDOLINA,3,2,5
WILHELM,3,2,5
WILKIE,3,2,5
YAHIRA,3,2,5
YANIXZA,3,2,5
YANU,3,2,5
YENE,3,2,5
YENELY,3,2,5
YENETH,3,2,5
YOE,3,2,5
YONILA,3,2,5
YSAIAS,3,2,5
YUBI,3,2,5
YUDEL,3,2,5
ZEFERINA,3,2,5
ZOLA,3,2,5
ABEDON,4,1,5
ACELITA,4,1,5
ADANILDA,4,1,5
ADANILIO,4,1,5
ADELEANO,4,1,5
ALEICE,4,1,5
ALEXZA,4,1,5
ALEYLA,4,1,5
ALFORD,4,1,5
ALSI,4,1,5
AMAL,4,1,5
AMPARITO,4,1,5
ANAGIL,4,1,5
ANIMIA,4,1,5
ANNET,4,1,5
APARICINA,4,1,5
ARABELIA,4,1,5
ARBEL,4,1,5
ARBIS,4,1,5
ARCARIO,4,1,5
ARIANO,4,1,5
ARNIE,4,1,5
ASIANO,4,1,5
AVI,4,1,5
BEDYS,4,1,5
BELJIN,4,1,5
BELLAGRACIA,4,1,5
BERARDA,4,1,5
BERNIN,4,1,5
BESIE,4,1,5
BONEL,4,1,5
BRONILDA,4,1,5
BUENERGES,4,1,5
CARLAS,4,1,5
CARLYN,4,1,5
CARMINTA,4,1,5
CASIA,4,1,5
CEDRACK,4,1,5
CHON,4,1,5
CHONY,4,1,5
CHUCRI,4,1,5
CLADIA,4,1,5
CLARICE,4,1,5
CLELIN,4,1,5
CLETINO,4,1,5
CONIE,4,1,5
CRAIG,4,1,5
CROX,4,1,5
CRYSTIAN,4,1,5
CYRIL,4,1,5
DAMY,4,1,5
DANESSI,4,1,5
DANIES,4,1,5
DANIRIAN,4,1,5
DARCI,4,1,5
DAVINIA,4,1,5
DAYLI,4,1,5
DELDY,4,1,5
DENIE,4,1,5
DERLIS,4,1,5
DESPACIANO,4,1,5
DETSY,4,1,5
DEYNA,4,1,5
DEYSA,4,1,5
DIBLAIN,4,1,5
DIENY,4,1,5
DILLER,4,1,5
DILMIA,4,1,5
DIOGENEZ,4,1,5
DISMARY,4,1,5
DITO,4,1,5
DONIL,4,1,5
DONNI,4,1,5
DOOGLAS,4,1,5
DORESTILA,4,1,5
DORKAS,4,1,5
DORMAN,4,1,5
DORRIS,4,1,5
DUBLA,4,1,5
DUBRICIO,4,1,5
DULAN,4,1,5
DURANGO,4,1,5
DYNA,4,1,5
EDAMI,4,1,5
EDGA,4,1,5
EDICACION,4,1,5
EDISA,4,1,5
EDISSA,4,1,5
EDSEL,4,1,5
EDUIL,4,1,5
EDULMAN,4,1,5
EGDULIA,4,1,5
EGLI,4,1,5
EILIN,4,1,5
ELCAR,4,1,5
ELDES,4,1,5
ELEASER,4,1,5
ELEOCADIO,4,1,5
ELICIAN,4,1,5
ELIONSA,4,1,5
ELIXE,4,1,5
ELON,4,1,5
ELOSA,4,1,5
EMERLIN,4,1,5
ENAYDA,4,1,5
ENEMI,4,1,5
ENESTO,4,1,5
ENGELBERTH,4,1,5
ENIC,4,1,5
ENIDA,4,1,5
ENIX,4,1,5
ENORIA,4,1,5
ERIG,4,1,5
ERLANDA,4,1,5
ERMELANDO,4,1,5
ERMIL,4,1,5
ERNIS,4,1,5
ESER,4,1,5
ESMELIS,4,1,5
ESMERLYN,4,1,5
EULOJIO,4,1,5
EUNICER,4,1,5
EVADILDO,4,1,5
EVAUDILIO,4,1,5
EVERY,4,1,5
EWING,4,1,5
EXLY,4,1,5
FABIANO,4,1,5
FELISITAS,4,1,5
FERIDE,4,1,5
FERLIN,4,1,5
FLORAMINA,4,1,5
FRANCISS,4,1,5
FRANKI,4,1,5
FRNACISCA,4,1,5
GALEANO,4,1,5
GELIS,4,1,5
GENDER,4,1,5
GENRRIS,4,1,5
GERASIMO,4,1,5
GIDO,4,1,5
GILBERTH,4,1,5
GILCANA,4,1,5
GILMO,4,1,5
GLEDIZ,4,1,5
GLENNIE,4,1,5
GLINY,4,1,5
GONSALINA,4,1,5
GUILMEDA,4,1,5
GUIYERMO,4,1,5
HALMER,4,1,5
HAMMERLY,4,1,5
HAMNER,4,1,5
HEATHER,4,1,5
HEDIS,4,1,5
HERLEN,4,1,5
HERMENIA,4,1,5
HIBANIA,4,1,5
HILDEFONSA,4,1,5
HOLLY,4,1,5
HORASIO,4,1,5
HOSNY,4,1,5
HOSTIN,4,1,5
ICIDRO,4,1,5
IDY,4,1,5
ILBER,4,1,5
ILDEBERTO,4,1,5
ILENA,4,1,5
INESITA,4,1,5
INMA,4,1,5
IRUBIN,4,1,5
ISANDRA,4,1,5
ISMARIA,4,1,5
ISOLINO,4,1,5
ITALIO,4,1,5
IVONNI,4,1,5
JACSON,4,1,5
JARDY,4,1,5
JASMIRA,4,1,5
JECSAN,4,1,5
JESEL,4,1,5
JEYSEL,4,1,5
JILVERTO,4,1,5
JOCEFINA,4,1,5
JOHNATAN,4,1,5
JOKSON,4,1,5
JOSEFITA,4,1,5
JOVO,4,1,5
JUA,4,1,5
JUSTIANO,4,1,5
JUVELINDO,4,1,5
JYMMY,4,1,5
KATLYN,4,1,5
KELIM,4,1,5
KENFOR,4,1,5
KENYS,4,1,5
KERMIT,4,1,5
KINZER,4,1,5
KOVASKY,4,1,5
LARIOS,4,1,5
LEIDIANA,4,1,5
LEILYN,4,1,5
LELA,4,1,5
LENON,4,1,5
LEONAR,4,1,5
LERIS,4,1,5
LESIN,4,1,5
LESMIN,4,1,5
LEWIN,4,1,5
LEX,4,1,5
LIMI,4,1,5
LISS,4,1,5
LISSI,4,1,5
LONE,4,1,5
LONIA,4,1,5
LORENS,4,1,5
LUDGARDA,4,1,5
LURDE,4,1,5
LUSIANO,4,1,5
LUSMILDA,4,1,5
LUTFY,4,1,5
LYA,4,1,5
MAIA,4,1,5
MALIO,4,1,5
MALQUIEL,4,1,5
MARCEDONIA,4,1,5
MARCILA,4,1,5
MARCISO,4,1,5
MARIA  DE JESUS,4,1,5
MARIA GLADIS,4,1,5
MARIA JULIA,4,1,5
MARIA LIDIA,4,1,5
MARIA MANUELA,4,1,5
MARIA REINA,4,1,5
MARINUR,4,1,5
MARLIZ,4,1,5
MARTINES,4,1,5
MATBIA,4,1,5
MATUSALEN,4,1,5
MAUDALENO,4,1,5
MAUDILIA,4,1,5
MAXIN,4,1,5
MECELEMIA,4,1,5
MELIX,4,1,5
MELVIDA,4,1,5
MELYS,4,1,5
MERCIADES,4,1,5
MERCINDA,4,1,5
MERITO,4,1,5
MERLIZ,4,1,5
MEYLING,4,1,5
MIDONIA,4,1,5
MIGUELITO,4,1,5
MIKY,4,1,5
MILDE,4,1,5
MILISEN,4,1,5
MINNIE,4,1,5
MIRTELINA,4,1,5
MUNDA,4,1,5
NACY,4,1,5
NARDIN,4,1,5
NAVIS,4,1,5
NAZAR,4,1,5
NAZIRA,4,1,5
NAZRY,4,1,5
NEDIA,4,1,5
NEHEMIA,4,1,5
NEICY,4,1,5
NELINDA,4,1,5
NELLIN,4,1,5
NELXON,4,1,5
NEPTABEL,4,1,5
NEVY,4,1,5
NEYLIN,4,1,5
NITIDA,4,1,5
NOLVIAN,4,1,5
NORBELITA,4,1,5
NORMALI,4,1,5
NULBIA,4,1,5
ODY,4,1,5
OFRECINA,4,1,5
OJANA,4,1,5
OLICER,4,1,5
OLISER,4,1,5
ONOSIFORO,4,1,5
ORBEN,4,1,5
OSLE,4,1,5
OSMAS,4,1,5
OZMAN,4,1,5
PALMER,4,1,5
PATTY,4,1,5
PERLINA,4,1,5
PERSEVERANDO,4,1,5
PONSIANO,4,1,5
PORFILIO,4,1,5
PORTANA,4,1,5
POTENCIANA,4,1,5
PRESILIANA,4,1,5
PURDY,4,1,5
PURISIMA,4,1,5
QI,4,1,5
QUETY,4,1,5
RAFAILA,4,1,5
RAILY,4,1,5
RAMEL,4,1,5
RASA,4,1,5
RASAURA,4,1,5
REGUSTIANO,4,1,5
REINALDINA,4,1,5
RELIN,4,1,5
RENA,4,1,5
RENFORD,4,1,5
RENIS,4,1,5
RENNIE,4,1,5
RINALDO,4,1,5
RODA,4,1,5
RODESMO,4,1,5
ROMIN,4,1,5
ROMMER,4,1,5
RONEN,4,1,5
ROSERVINDO,4,1,5
ROSESVINTA,4,1,5
ROSILA,4,1,5
ROYNEL,4,1,5
RUTS,4,1,5
SABIO,4,1,5
SADDY,4,1,5
SAHIN,4,1,5
SAIDE,4,1,5
SANDRIA,4,1,5
SANTANITA,4,1,5
SELEMIA,4,1,5
SHARLA,4,1,5
SHELBY,4,1,5
SHELLEY,4,1,5
SHERAN,4,1,5
SILDIA,4,1,5
SILIAM,4,1,5
SINFOROZA,4,1,5
SIRLY,4,1,5
SOLANYE,4,1,5
STIVENSON,4,1,5
SUA,4,1,5
TEODULFO,4,1,5
TEOLINA,4,1,5
TERENCIA,4,1,5
TERY,4,1,5
TOM,4,1,5
TONITA,4,1,5
VALBINA,4,1,5
VASNI,4,1,5
VERGIN,4,1,5
VESTA,4,1,5
VIL,4,1,5
VILELIO,4,1,5
VIVIA,4,1,5
WADIA,4,1,5
WALDIMER,4,1,5
WILMEN,4,1,5
WOSVALDO,4,1,5
WUISTON,4,1,5
YAHARA,4,1,5
YAKI,4,1,5
YALMER,4,1,5
YARIN,4,1,5
YELBI,4,1,5
YEMIN,4,1,5
YENSON,4,1,5
YENSSY,4,1,5
YOCELI,4,1,5
YONIZ,4,1,5
YORLY,4,1,5
YOSEL,4,1,5
YOSLY,4,1,5
YUBY,4,1,5
YUDIN,4,1,5
ZONI,4,1,5
ADELIDA,5,0,5
ADWIN,5,0,5
ALBYN,5,0,5
ALVEN,5,0,5
ALVIA,5,0,5
ALYN,5,0,5
ANALBERTINA,5,0,5
ANICELA,5,0,5
APOLIGENIO,5,0,5
AURIS,5,0,5
AUSTRA,5,0,5
BENARDO,5,0,5
BENJAR,5,0,5
BERNANDINA,5,0,5
BERNITA,5,0,5
BERTTA,5,0,5
BESNA,5,0,5
BEXY,5,0,5
BIANA,5,0,5
BLACA,5,0,5
BORLY,5,0,5
BRAUBLIO,5,0,5
BRENDICIA,5,0,5
CARLEN,5,0,5
CARLY,5,0,5
CASEY,5,0,5
CATTY,5,0,5
CELMIN,5,0,5
CHENY,5,0,5
CIDIAN,5,0,5
CILBIA,5,0,5
CIRCE,5,0,5
CLAVIA,5,0,5
CLEIRA,5,0,5
CLENIS,5,0,5
CRISTHY,5,0,5
CYNTHYA,5,0,5
DAILICIA,5,0,5
DAINA,5,0,5
DAUNY,5,0,5
DEASY,5,0,5
DEBY,5,0,5
DEIBIS,5,0,5
DEILA,5,0,5
DEINIS,5,0,5
DEISINELA,5,0,5
DEIVIN,5,0,5
DELKY,5,0,5
DELMIDA,5,0,5
DELNA,5,0,5
DELORIA,5,0,5
DEMETERIA,5,0,5
DEMSY,5,0,5
DENCI,5,0,5
DERIX,5,0,5
DERIZ,5,0,5
DESSY,5,0,5
DEVY,5,0,5
DEWI,5,0,5
DEXIE,5,0,5
DEYSSY,5,0,5
DICSIA,5,0,5
DIGNABEL,5,0,5
DILCIE,5,0,5
DIONNY,5,0,5
DIRNA,5,0,5
DOILY,5,0,5
DONALEE,5,0,5
DONNYS,5,0,5
DORIX,5,0,5
DUENY,5,0,5
DULMI,5,0,5
DURBIN,5,0,5
EBLI,5,0,5
EBLIM,5,0,5
EDAX,5,0,5
EDDNA,5,0,5
EDIMOR,5,0,5
EDIY,5,0,5
EDQUIN,5,0,5
EDRIS,5,0,5
EDUA,5,0,5
EDWINS,5,0,5
EGDIN,5,0,5
EIDALIA,5,0,5
EILYN,5,0,5
ELBIDA,5,0,5
ELDIFONZA,5,0,5
ELME,5,0,5
ELSIY,5,0,5
ELUDES,5,0,5
ELUVINDA,5,0,5
ELWER,5,0,5
EMNI,5,0,5
ENORA,5,0,5
ENSON,5,0,5
ENUAR,5,0,5
ERES,5,0,5
ERLON,5,0,5
ERMANDO,5,0,5
ERNALDA,5,0,5
ERYS,5,0,5
ESGUIN,5,0,5
ETNI,5,0,5
ETNY,5,0,5
EVYN,5,0,5
EYDEE,5,0,5
FAIZ,5,0,5
FANNIE,5,0,5
FAREN,5,0,5
FLORINELVI,5,0,5
FRAKLIN,5,0,5
FRANDY,5,0,5
FRANLY,5,0,5
FREDDIS,5,0,5
FRESLY,5,0,5
GAVY,5,0,5
GEIDI,5,0,5
GENOBE,5,0,5
GENOVE,5,0,5
GENRRIN,5,0,5
GENSY,5,0,5
GEPSY,5,0,5
GERVER,5,0,5
GERVIS,5,0,5
GESER,5,0,5
GESI,5,0,5
GEYSI,5,0,5
GILIAN,5,0,5
GILVER,5,0,5
GINIA,5,0,5
GINNA,5,0,5
GLORYS,5,0,5
GRACIAMARIA,5,0,5
GRACY,5,0,5
GREDIN,5,0,5
GRETTEL,5,0,5
GREYBI,5,0,5
GREYDY,5,0,5
GRODVIN,5,0,5
GROSBY,5,0,5
GUILDER,5,0,5
GUILLEMINA,5,0,5
GUILLIAM,5,0,5
GUO,5,0,5
HALDA,5,0,5
HAMY,5,0,5
HAYRO,5,0,5
HEDWIN,5,0,5
HEIDEE,5,0,5
HEISY,5,0,5
HELMIS,5,0,5
HENIA,5,0,5
HENMA,5,0,5
HERRY,5,0,5
HERTZON,5,0,5
HIBO,5,0,5
HILDEGARDO,5,0,5
HIVIS,5,0,5
HUGOBERTO,5,0,5
INGRIDS,5,0,5
INGRIZ,5,0,5
INGRYD,5,0,5
INRI,5,0,5
IRMO,5,0,5
IRNALDA,5,0,5
ISSYS,5,0,5
IXSY,5,0,5
J.ANGEL,5,0,5
J.INES,5,0,5
J.MARTIR,5,0,5
JADER,5,0,5
JANNA,5,0,5
JANNIE,5,0,5
JARON,5,0,5
JARVY,5,0,5
JED,5,0,5
JEFFRI,5,0,5
JEINY,5,0,5
JELSI,5,0,5
JELSSON,5,0,5
JELVIN,5,0,5
JELVIS,5,0,5
JENDER,5,0,5
JEORGE,5,0,5
JESLY,5,0,5
JESTER,5,0,5
JEZER,5,0,5
JHENSY,5,0,5
JILTON,5,0,5
JOHNEY,5,0,5
JORDI,5,0,5
JOSEFINO,5,0,5
JOSI,5,0,5
JUANELIA,5,0,5
JUANI,5,0,5
JUDE,5,0,5
JULEAN,5,0,5
KARLEEN,5,0,5
KELDY,5,0,5
KELIS,5,0,5
KENDI,5,0,5
KENSI,5,0,5
KENSIL,5,0,5
KENYI,5,0,5
KILVER,5,0,5
KISNA,5,0,5
KLEIMER,5,0,5
KWOK,5,0,5
LADIA,5,0,5
LALO,5,0,5
LANIMAN,5,0,5
LEILAN,5,0,5
LEIRY,5,0,5
LELVI,5,0,5
LELVIN,5,0,5
LENAN,5,0,5
LENNAR,5,0,5
LEYBIA,5,0,5
LEYMIN,5,0,5
LEYSE,5,0,5
LICSA,5,0,5
LIESY,5,0,5
LINCEY,5,0,5
LINNA,5,0,5
LIPSA,5,0,5
LIRY,5,0,5
LISIEN,5,0,5
LISSYEN,5,0,5
LITHZA,5,0,5
LITIA,5,0,5
LLIMIS,5,0,5
LORI,5,0,5
LORIE,5,0,5
LOURVIN,5,0,5
LUBER,5,0,5
LUCINO,5,0,5
LUDO,5,0,5
LURDY,5,0,5
LURYS,5,0,5
LUVI,5,0,5
MA.CRUZ,5,0,5
MA.DEL,5,0,5
MA.DOLORES,5,0,5
MA.ELENA,5,0,5
MA.ESPERANZA,5,0,5
MA.ESTER,5,0,5
MA.LUCIA,5,0,5
MA.MARCOS,5,0,5
MA.NATIVIDAD,5,0,5
MA.REINA,5,0,5
MA.VICTORIA,5,0,5
MABI,5,0,5
MADIS,5,0,5
MADVIA,5,0,5
MAHIRA,5,0,5
MAIKA,5,0,5
MANLY,5,0,5
MARBELITA,5,0,5
MARIY,5,0,5
MARVEN,5,0,5
MARYINA,5,0,5
MARYURIS,5,0,5
MAVI,5,0,5
MAYNON,5,0,5
MEIVIS,5,0,5
MELA,5,0,5
MELSON,5,0,5
MELVYS,5,0,5
MELYIN,5,0,5
MERCEDITAS,5,0,5
MERLEEN,5,0,5
MEYLEN,5,0,5
MILKO,5,0,5
MINDY,5,0,5
MIRTIA,5,0,5
MIRTO,5,0,5
MORGE,5,0,5
NARLO,5,0,5
NARSIZA,5,0,5
NAWAL,5,0,5
NAZAREA,5,0,5
NECTI,5,0,5
NEDYS,5,0,5
NEMIS,5,0,5
NENCI,5,0,5
NERLI,5,0,5
NIGEL,5,0,5
NIRMAN,5,0,5
NOLBI,5,0,5
NONGIL,5,0,5
NORGE,5,0,5
NORGEN,5,0,5
NORIDA,5,0,5
NORNA,5,0,5
NORWIN,5,0,5
NUN,5,0,5
NURIAM,5,0,5
NURLY,5,0,5
OBENCIO,5,0,5
ODA,5,0,5
ODRA,5,0,5
OLBIS,5,0,5
OLIBERIA,5,0,5
OLWIN,5,0,5
ONES,5,0,5
ONNIS,5,0,5
ORBE,5,0,5
ORLING,5,0,5
ORSI,5,0,5
OSLER,5,0,5
OTHMAN,5,0,5
PEGGIE,5,0,5
PERCIDA,5,0,5
PITER,5,0,5
POMPILIA,5,0,5
QUEIDY,5,0,5
QUENY,5,0,5
QUEYDI,5,0,5
RAINALDA,5,0,5
RAYLE,5,0,5
REGGIE,5,0,5
REIMAN,5,0,5
REINILDA,5,0,5
REULO,5,0,5
REYNE,5,0,5
RIGNA,5,0,5
RITHZA,5,0,5
RITSA,5,0,5
RITXA,5,0,5
RODVIN,5,0,5
ROLEN,5,0,5
ROMALINDA,5,0,5
RONA,5,0,5
RONAS,5,0,5
ROQUEZ,5,0,5
ROSELBA,5,0,5
ROSEVA,5,0,5
ROSSER,5,0,5
RUSBELIA,5,0,5
SABERIO,5,0,5
SADYA,5,0,5
SAHIDA,5,0,5
SAIDI,5,0,5
SAIDRA,5,0,5
SAMUELITO,5,0,5
SECUNDO,5,0,5
SELZO,5,0,5
SHANNON,5,0,5
SHERRIE,5,0,5
SIDIAM,5,0,5
STA,5,0,5
SUANNY,5,0,5
SUI,5,0,5
SULIN,5,0,5
TAMY,5,0,5
TELBIS,5,0,5
TELSY,5,0,5
THEODORE,5,0,5
TILSA,5,0,5
TOËA,5,0,5
TONINO,5,0,5
TRIGILIA,5,0,5
VIANKA,5,0,5
VIDALVINA,5,0,5
VIKI,5,0,5
VUENA,5,0,5
WEENDY,5,0,5
WELDY,5,0,5
WELFREDO,5,0,5
WELKIS,5,0,5
WILBAR,5,0,5
WILDEN,5,0,5
WILIN,5,0,5
WINY,5,0,5
WUANDA,5,0,5
WUENDIS,5,0,5
WUILLIAMS,5,0,5
YANCIE,5,0,5
YECY,5,0,5
YEFFRY,5,0,5
YEFRYN,5,0,5
YELSIN,5,0,5
YENES,5,0,5
YENNIE,5,0,5
YESLI,5,0,5
YESSIE,5,0,5
YESTHER,5,0,5
YEXY,5,0,5
YHONY,5,0,5
YILDA,5,0,5
YINER,5,0,5
YINIS,5,0,5
YINMY,5,0,5
YOGER,5,0,5
YOLALI,5,0,5
YORALINA,5,0,5
YORDY,5,0,5
YOSY,5,0,5
YUDYS,5,0,5
YULIN,5,0,5
YUMY,5,0,5
ZAIDY,5,0,5
ZASKIA,5,0,5
ZENNY,5,0,5
ZENY,5,0,5
ZULMY,5,0,5
ABACUC,0,4,4
ABADIE,0,4,4
ABDELI,0,4,4
ABIMELECK,0,4,4
ABSALOM,0,4,4
ACOSTA,0,4,4
ADA MARINA,0,4,4
ADAY,0,4,4
ADENY,0,4,4
ADILEX,0,4,4
ADOLI,0,4,4
ALBA ESPERANZA,0,4,4
ALBANES,0,4,4
ALBREDO,0,4,4
ALECSIS,0,4,4
ALECXY,0,4,4
ALECZANDER,0,4,4
ALEMBER,0,4,4
ALENY,0,4,4
ALEXANDRI,0,4,4
ALEXSANDERS,0,4,4
ALFELIO,0,4,4
ALGENOR,0,4,4
ALICIA DE JESUS,0,4,4
ALIDE,0,4,4
ALILY,0,4,4
ALIXANDER,0,4,4
ALIXES,0,4,4
ALMEDA,0,4,4
ALMODENA,0,4,4
ALVANY,0,4,4
AMALETH,0,4,4
AMALIA DE JESUS,0,4,4
AMELY,0,4,4
AMILIO,0,4,4
AMISIS,0,4,4
AMON,0,4,4
ANA LIDIA,0,4,4
ANA LUZ,0,4,4
ANABESSY,0,4,4
ANARELI,0,4,4
ANCIRA,0,4,4
ANDALI,0,4,4
ANDERLY,0,4,4
ANDERSSON,0,4,4
ANELIO,0,4,4
ANEXY,0,4,4
ANGEL FRANCISCO,0,4,4
ANGEL RAFAEL,0,4,4
ANIRA,0,4,4
ANOLDO,0,4,4
ANOTNIO,0,4,4
ANTONETTE,0,4,4
ANTURO,0,4,4
ARACELIY,0,4,4
ARAMANDO,0,4,4
ARANDU,0,4,4
ARAZELI,0,4,4
ARDUBY,0,4,4
ARESTIL,0,4,4
AREVALO,0,4,4
ARISMENDI,0,4,4
ARISTELIA,0,4,4
ARLINY,0,4,4
ARMENGO,0,4,4
ARONNE,0,4,4
ARQUIMES,0,4,4
ASNET,0,4,4
ATENEA,0,4,4
AUTERIO,0,4,4
AYDELY,0,4,4
BAILEY,0,4,4
BELIZABETH,0,4,4
BENITES,0,4,4
BERNADETH,0,4,4
BETTINA,0,4,4
BRAND,0,4,4
BRIGADIER,0,4,4
CAPISTRANO,0,4,4
CARELI,0,4,4
CARLOLINA,0,4,4
CHISEL,0,4,4
COLUMBINA,0,4,4
CRICEL,0,4,4
CRISANTINA,0,4,4
CRUZ DEL CARMEN,0,4,4
CRUZ IDALIA,0,4,4
CUAUHTEMOC,0,4,4
DAGUVIN,0,4,4
DALENA,0,4,4
DALET,0,4,4
DALETH,0,4,4
DALIZAY,0,4,4
DANIBEL,0,4,4
DARILLO,0,4,4
DAVIER,0,4,4
DAYANORA,0,4,4
DE  LA   LUZ,0,4,4
DE ADALID,0,4,4
DE ARLES,0,4,4
DE DIOZ,0,4,4
DE LA CUZ,0,4,4
DE LOS  ANGELES,0,4,4
DE LOS REMEDIOS,0,4,4
DE LOYOLA,0,4,4
DE NATIVIDAD,0,4,4
DE NAZARETH,0,4,4
DE SANTIAGO,0,4,4
DE SOCORRO,0,4,4
DE TRANSITO,0,4,4
DECIREE,0,4,4
DEL CAMREN,0,4,4
DEL CARME,0,4,4
DEL LOS SANTOS,0,4,4
DEL MUNDO,0,4,4
DEL RIO,0,4,4
DEL ZOCORRO,0,4,4
DEMPSEY,0,4,4
DENSMORE,0,4,4
DESIRET,0,4,4
DHINORA,0,4,4
DIAMARI,0,4,4
DIGNA ESPERANZA,0,4,4
DINETH,0,4,4
DIOVANI,0,4,4
DIRCEU,0,4,4
DONAYRA,0,4,4
DOVARY,0,4,4
DUBAIL,0,4,4
DUNAY,0,4,4
EBETH,0,4,4
EDILDO,0,4,4
EDIVAN,0,4,4
EDMUND,0,4,4
EDUC,0,4,4
EDUIT,0,4,4
EFIJENIA,0,4,4
EIRENE,0,4,4
ELECTRA,0,4,4
ELEDONIA,0,4,4
ELENA ISABEL,0,4,4
ELEOIDINA,0,4,4
ELIDABETH,0,4,4
ELIDETH,0,4,4
ELIFELETH,0,4,4
ELIOBER,0,4,4
ELISAVET,0,4,4
ELISONDO,0,4,4
ELISSABETH,0,4,4
ELISSET,0,4,4
ELISSETT,0,4,4
ELIXABE,0,4,4
ELIXABET,0,4,4
ELIXANDER,0,4,4
ELIZABTH,0,4,4
ELVA LUZ,0,4,4
ENEDI,0,4,4
ENMA LIDIA,0,4,4
ENMACULADA,0,4,4
EPAMINONDA,0,4,4
ERCIMANDA,0,4,4
ERESMINDA,0,4,4
ERIBETH,0,4,4
ERUBE,0,4,4
ESABEL,0,4,4
ESFREN,0,4,4
ESNEY,0,4,4
ESPEANZA,0,4,4
ESPUMA,0,4,4
ESQUIPULAS,0,4,4
ESTALI,0,4,4
ESTIDIO,0,4,4
EVA LUZ,0,4,4
EVELDA,0,4,4
EVENECER,0,4,4
EVIDEMIA,0,4,4
EXIDE,0,4,4
EXSAU,0,4,4
FABIANY,0,4,4
FEI,0,4,4
FLYNN,0,4,4
FRINEE,0,4,4
GAERY,0,4,4
GANET,0,4,4
GAVIDIA,0,4,4
GEAMILETH,0,4,4
GECELY,0,4,4
GEHOVANI,0,4,4
GEOOVANY,0,4,4
GEOWANY,0,4,4
GESELL,0,4,4
GIOBANY,0,4,4
GIOVANINA,0,4,4
GISSETH,0,4,4
GIXELA,0,4,4
GLORIOSA,0,4,4
GRACELY,0,4,4
GRACIEL,0,4,4
GRAMIZEL,0,4,4
HADIT,0,4,4
HAMILETH,0,4,4
HANETH,0,4,4
HILDA ROSA,0,4,4
HILDABERTO,0,4,4
HIRACEMA,0,4,4
IBECT,0,4,4
ICENIA,0,4,4
IDALIA DE JESUS,0,4,4
IDALVA,0,4,4
IDENIS,0,4,4
IDOLLY,0,4,4
IDVELA,0,4,4
ILDUBINA,0,4,4
ILEL,0,4,4
INDULFA,0,4,4
IRLEN,0,4,4
IRU,0,4,4
ISAAK,0,4,4
ISAETH,0,4,4
ISAHU,0,4,4
ISELLA,0,4,4
ISET,0,4,4
ISIDALIA,0,4,4
ITALI,0,4,4
IVANOVA,0,4,4
IVELIZ,0,4,4
IVEX,0,4,4
IVRAN,0,4,4
IXMUCANE,0,4,4
IZAVEL,0,4,4
IZAY,0,4,4
IZRRAEL,0,4,4
JABEL,0,4,4
JACKELINY,0,4,4
JACKELLIN,0,4,4
JAHZEEL,0,4,4
JAMILEH,0,4,4
JAMILL,0,4,4
JAMILLET,0,4,4
JANILETH,0,4,4
JANNETTH,0,4,4
JAQUELINY,0,4,4
JEAKQUELINE,0,4,4
JEFFORD,0,4,4
JEHOVANI,0,4,4
JESCENIA,0,4,4
JHAQUELIN,0,4,4
JHAQUELINE,0,4,4
JHESSENIA,0,4,4
JIOMAR,0,4,4
JOAHANA,0,4,4
JOBETH,0,4,4
JOELA,0,4,4
JOHARY,0,4,4
JOHVANNY,0,4,4
JOJANNA,0,4,4
JONIEL,0,4,4
JOSABEL,0,4,4
JOSEP,0,4,4
JOSEPT,0,4,4
JR,0,4,4
JUAN ANTONIO,0,4,4
JULETH,0,4,4
JULINA,0,4,4
JUSTO RUFINO,0,4,4
KUEN,0,4,4
LAFERN,0,4,4
LAINEZ,0,4,4
LANDOLFO,0,4,4
LANE,0,4,4
LAURANCE,0,4,4
LAURIBEL,0,4,4
LENETH,0,4,4
LENORE,0,4,4
LEYANI,0,4,4
LICCET,0,4,4
LICEPT,0,4,4
LIDBETH,0,4,4
LIDET,0,4,4
LINNETTE,0,4,4
LIONELA,0,4,4
LISED,0,4,4
LISELA,0,4,4
LISETHE,0,4,4
LISEX,0,4,4
LIXABETH,0,4,4
LIZZETTH,0,4,4
LORAINE,0,4,4
LOVERN,0,4,4
LUDOBICO,0,4,4
LUIS ALFONSO,0,4,4
LUIS BELTRAN,0,4,4
MADELI,0,4,4
MAGALLY,0,4,4
MAGARITA,0,4,4
MANCEL,0,4,4
MANUELA DE JESU,0,4,4
MARDALI,0,4,4
MAREY,0,4,4
MARIA ANTONIO,0,4,4
MARIA MAGDALENO,0,4,4
MARICETH,0,4,4
MARILCIA,0,4,4
MARILUC,0,4,4
MARINEE,0,4,4
MARITZZA,0,4,4
MARIXIS,0,4,4
MARLET,0,4,4
MARTELL,0,4,4
MARTHA ALICIA,0,4,4
MARUVENY,0,4,4
MARY LUZ,0,4,4
MARYLETH,0,4,4
MAUDALI,0,4,4
MAUGDIEL,0,4,4
MAYBELLINE,0,4,4
MAYDELI,0,4,4
MAYELIN,0,4,4
MAYRETH,0,4,4
MEDALIO,0,4,4
MELQUIDES,0,4,4
MERILINDA,0,4,4
MIGUEL ARCANGEL,0,4,4
MILARMINO,0,4,4
MILJANI,0,4,4
MINEL,0,4,4
MINNELY,0,4,4
MISELEM,0,4,4
MIXSAEL,0,4,4
NAHAN,0,4,4
NANET,0,4,4
NAYARITH,0,4,4
NEDENIA,0,4,4
NEPONUCENA,0,4,4
NIBETH,0,4,4
NICODEMUS,0,4,4
NOEHMY,0,4,4
NOELIN,0,4,4
NOHAL,0,4,4
NOLVINA,0,4,4
NORBELIS,0,4,4
NOVITA,0,4,4
NYNOSKA,0,4,4
OAMR,0,4,4
OBANDI,0,4,4
OCTULIO,0,4,4
ODALID,0,4,4
ODDULIO,0,4,4
ODELDA,0,4,4
ODELID,0,4,4
ODILDA,0,4,4
OFROCINA,0,4,4
OLADIA,0,4,4
OLIBET,0,4,4
ONAIR,0,4,4
ONEVIS,0,4,4
ONIEDA,0,4,4
ORDELY,0,4,4
ORESTILIO,0,4,4
ORIETH,0,4,4
ORIO,0,4,4
ORISCELA,0,4,4
ORLENIA,0,4,4
OVILON,0,4,4
OVISPO,0,4,4
PATICIA,0,4,4
PONCIO,0,4,4
PRADIE,0,4,4
PRADITH,0,4,4
RADAMEZ,0,4,4
REINA ESPERANZA,0,4,4
REYNERIE,0,4,4
RIVERA,0,4,4
ROBERS,0,4,4
ROBERTHO,0,4,4
RODYL,0,4,4
ROMERIS,0,4,4
ROSA EMILIA,0,4,4
ROSBELIA,0,4,4
ROSE MARY,0,4,4
ROSINY,0,4,4
RUBENTINA,0,4,4
RUBINO,0,4,4
SABELY,0,4,4
SADAI,0,4,4
SAMID,0,4,4
SANDRA ISABEL,0,4,4
SANTOS ADOLFO,0,4,4
SANTOS ANTONIA,0,4,4
SANTOS ANTONIO,0,4,4
SANTOS AURELIO,0,4,4
SANTOS BENITO,0,4,4
SANTOS COSME,0,4,4
SANTOS ELVIRA,0,4,4
SANTOS EMILIO,0,4,4
SANTOS FERMIN,0,4,4
SANTOS LIDIA,0,4,4
SANTOS LINO,0,4,4
SANTOS LUCIANO,0,4,4
SANTOS MANUEL,0,4,4
SANTOS PAZ,0,4,4
SANTOS TITO,0,4,4
SANTOS VICTOR,0,4,4
SARAHIN,0,4,4
SEDEC,0,4,4
SIADIRA,0,4,4
SIOVAN,0,4,4
SODEIDA,0,4,4
SOLEIDA,0,4,4
SONAIRA,0,4,4
SONAY,0,4,4
STEWART,0,4,4
STIVES,0,4,4
SUBIRANA,0,4,4
SUSIBEL,0,4,4
SUSIRE,0,4,4
TERLINA,0,4,4
UMELIO,0,4,4
UNICES,0,4,4
UWALDINA,0,4,4
VARELY,0,4,4
VELA,0,4,4
VERSABE,0,4,4
VETULIO,0,4,4
VIACELY,0,4,4
VIGDALIA,0,4,4
VIYANEY,0,4,4
WALDIMAR,0,4,4
WILADINA,0,4,4
WILLS,0,4,4
XIAN,0,4,4
YABET,0,4,4
YACALY,0,4,4
YACKELINA,0,4,4
YAILSON,0,4,4
YALITH,0,4,4
YAMILELH,0,4,4
YAMILETE,0,4,4
YAMILLETT,0,4,4
YAMILTEH,0,4,4
YANCARLOS,0,4,4
YANECT,0,4,4
YANEET,0,4,4
YANEH,0,4,4
YANETTH,0,4,4
YANEZ,0,4,4
YANHET,0,4,4
YANIRET,0,4,4
YANITH,0,4,4
YANUVIA,0,4,4
YAQUELIM,0,4,4
YARIBEL,0,4,4
YASENIN,0,4,4
YERENI,0,4,4
YESIBEL,0,4,4
YESSELY,0,4,4
YEXCENIA,0,4,4
YEZZENIA,0,4,4
YIOVANY,0,4,4
YODANIS,0,4,4
YODANY,0,4,4
YOJANNY,0,4,4
YOLIBEC,0,4,4
YOLIBEHT,0,4,4
YONABEL,0,4,4
YONANY,0,4,4
YOVANIZ,0,4,4
YOVANNE,0,4,4
YOZETH,0,4,4
YUNIETH,0,4,4
YUSSETH,0,4,4
ZADITH,0,4,4
ZAHINA,0,4,4
ABADES,1,3,4
ABDALLAH,1,3,4
ABELI,1,3,4
ABENIEL,1,3,4
ABIMALEC,1,3,4
ABINADAB,1,3,4
ACDON,1,3,4
ADALISIS,1,3,4
ADCADIA,1,3,4
ADDUL,1,3,4
ADELMIR,1,3,4
ADEY,1,3,4
ADILSO,1,3,4
ADIX,1,3,4
ADOLFO DE JESUS,1,3,4
ADVINCULA,1,3,4
AFRODITA,1,3,4
AGELICA,1,3,4
AGRISTELA,1,3,4
AGUEDITA,1,3,4
AGUILINO,1,3,4
AGUSBERTO,1,3,4
AHIMELEC,1,3,4
AHURORA,1,3,4
ALANY,1,3,4
ALDRUBAR,1,3,4
ALEC,1,3,4
ALEJANDRA MARIA,1,3,4
ALEMENA,1,3,4
ALEXANIA,1,3,4
ALEXON,1,3,4
ALEXSANDRO,1,3,4
ALIBEL,1,3,4
ALIVIA,1,3,4
ALIXIA,1,3,4
AMEHD,1,3,4
AMILIA,1,3,4
AMINDO,1,3,4
ANAELSY,1,3,4
ANAL,1,3,4
ANALIN,1,3,4
ANALUZ,1,3,4
ANASELIA,1,3,4
ANDELI,1,3,4
ANDERSEN,1,3,4
ANDRADE,1,3,4
ANDREAS,1,3,4
ANELSI,1,3,4
ANILBER,1,3,4
ANILO,1,3,4
ANTEPORTANA,1,3,4
ANTUNEZ,1,3,4
ARACELEA,1,3,4
ARAI,1,3,4
ARCIDE,1,3,4
ARELIT,1,3,4
ARGUSTO,1,3,4
ARICELY,1,3,4
ARISTIRE,1,3,4
ARNED,1,3,4
ARSOBISPO,1,3,4
ASDRUWAL,1,3,4
ASIRIS,1,3,4
ASMETH,1,3,4
ASNEL,1,3,4
ATILA,1,3,4
AUDONA,1,3,4
AUDONIA,1,3,4
AURORO,1,3,4
AVADI,1,3,4
AVEDIS,1,3,4
AVELIN,1,3,4
AVIDAY,1,3,4
AYDELA,1,3,4
BALDWIN,1,3,4
BELSAMINA,1,3,4
BENEDITO,1,3,4
BENICE,1,3,4
BERENISE,1,3,4
BETZAHIDA,1,3,4
BICIA,1,3,4
BISELDA,1,3,4
BLANDIMIR,1,3,4
BOGRAN,1,3,4
BRADFORD,1,3,4
BREVE,1,3,4
BREZHNEV,1,3,4
BRIDGET,1,3,4
CACIANA,1,3,4
CALAZANZ,1,3,4
CALED,1,3,4
CANCIA,1,3,4
CARDELIA,1,3,4
CARELY,1,3,4
CAROLY,1,3,4
CATERINE,1,3,4
CECELIA,1,3,4
CELENI,1,3,4
CENOVIO,1,3,4
CERBELIA,1,3,4
CEVERIANA,1,3,4
CHARLOT,1,3,4
CHOLINA,1,3,4
CIRABEL,1,3,4
CLARIBET,1,3,4
CLARITHZA,1,3,4
CODY,1,3,4
COLECTINA,1,3,4
COOPER,1,3,4
CORLETO,1,3,4
DALEXY,1,3,4
DALICEY,1,3,4
DALIZ,1,3,4
DALLAN,1,3,4
DAMEAN,1,3,4
DAMINA,1,3,4
DANIZA,1,3,4
DANUE,1,3,4
DASNETH,1,3,4
DAVEIDA,1,3,4
DAVIDSON,1,3,4
DAYANE,1,3,4
DEE,1,3,4
DELCIO,1,3,4
DEMOSTENES,1,3,4
DIANETT,1,3,4
DIDI,1,3,4
DILEYDA,1,3,4
DIOMARIS,1,3,4
DIOMEDE,1,3,4
DIOMEDI,1,3,4
DIONELY,1,3,4
DIONET,1,3,4
DIONIDAS,1,3,4
DIONOCIO,1,3,4
DONADO,1,3,4
DONARDO,1,3,4
DONAYLA,1,3,4
DONELI,1,3,4
DONIEL,1,3,4
DORIANA,1,3,4
DUVALIER,1,3,4
EBENER,1,3,4
EBERILDA,1,3,4
EBRAHIN,1,3,4
EDANIA,1,3,4
EDELSI,1,3,4
EDELSON,1,3,4
EDENI,1,3,4
EDICK,1,3,4
EDINIA,1,3,4
EDIXIA,1,3,4
EDUVIJIS,1,3,4
EDUVINDA,1,3,4
EDUVY,1,3,4
EGBERTA,1,3,4
ELECTA,1,3,4
ELEOCADIA,1,3,4
ELICH,1,3,4
ELICITA,1,3,4
ELIDUBINA,1,3,4
ELIMIR,1,3,4
ELISED,1,3,4
ELIY,1,3,4
ELIZER,1,3,4
ELOISE,1,3,4
ELSIDE,1,3,4
ELSINA,1,3,4
ELSIR,1,3,4
ELUBINDA,1,3,4
ELUDIN,1,3,4
ELUVINIA,1,3,4
EMILEYDA,1,3,4
EMILSER,1,3,4
EMISAEL,1,3,4
EMMANUELLE,1,3,4
ENELIS,1,3,4
ENOK,1,3,4
EPOLITA,1,3,4
ERCELINA,1,3,4
ERCILA,1,3,4
EREDIA,1,3,4
EREDIN,1,3,4
ERILDO,1,3,4
ERIQUE,1,3,4
ERMELIA,1,3,4
ERMIR,1,3,4
ERMIRA,1,3,4
ERNILDA,1,3,4
ESCARLEN,1,3,4
ESMELDO,1,3,4
ESMENA,1,3,4
ESMINOLDA,1,3,4
ESNEIDA,1,3,4
ESNEL,1,3,4
ESPARANZA,1,3,4
ESPERIDION,1,3,4
ESTALYN,1,3,4
ESTANIA,1,3,4
ESTEBEN,1,3,4
ESTEISY,1,3,4
ESTELVA,1,3,4
ESTIBIN,1,3,4
ESTIGUAR,1,3,4
ETIEL,1,3,4
EUNDINA,1,3,4
EURANIA,1,3,4
EVELIZA,1,3,4
EVERCIO,1,3,4
EVERGISTA,1,3,4
EVERINA,1,3,4
EVERLINDO,1,3,4
EXPEDICTA,1,3,4
EXSOLINA,1,3,4
EZEQUIELA,1,3,4
FABEL,1,3,4
FARIT,1,3,4
FAYE,1,3,4
FERNALY,1,3,4
FERRIS,1,3,4
FLEMIN,1,3,4
FLOR IDALMA,1,3,4
FLORITIS,1,3,4
FRABRICIO,1,3,4
FRANCHESCA,1,3,4
FRANSIBEL,1,3,4
FREMIOT,1,3,4
GABIEL,1,3,4
GAUDALUPE,1,3,4
GELSAMINA,1,3,4
GIANCARLOS,1,3,4
GISSELY,1,3,4
GLARIBEL,1,3,4
GODOFREDA,1,3,4
GORETI,1,3,4
GRAHAM,1,3,4
GRICELIDES,1,3,4
GRISELY,1,3,4
GULMARA,1,3,4
HABERCIO,1,3,4
HABID,1,3,4
HAMED,1,3,4
HAMIL,1,3,4
HANSON,1,3,4
HEINRICH,1,3,4
HERARDO,1,3,4
HILDEBERTO,1,3,4
HILDEFONZO,1,3,4
HISPANIA,1,3,4
HOBERTO,1,3,4
HODETH,1,3,4
HONARIA,1,3,4
HOVED,1,3,4
HUBENCIO,1,3,4
HULISES,1,3,4
HUNDINA,1,3,4
IBANI,1,3,4
ICELINA,1,3,4
ICTALIA,1,3,4
IDUBIJES,1,3,4
IMANUEL,1,3,4
IMPLICITA,1,3,4
INFANTE,1,3,4
IOLANI,1,3,4
IRASELMA,1,3,4
IRINARDO,1,3,4
ISAACK,1,3,4
ISAIRA,1,3,4
ISAYANA,1,3,4
ISELL,1,3,4
ISMEL,1,3,4
ISMELIN,1,3,4
ISNELIA,1,3,4
ISOLDE,1,3,4
ISSAAC,1,3,4
IVANIS,1,3,4
IVETE,1,3,4
IVONNY,1,3,4
JAAIR,1,3,4
JABRA,1,3,4
JAKQUELINE,1,3,4
JAMINA,1,3,4
JAMIR,1,3,4
JANAI,1,3,4
JANINY,1,3,4
JANNELLE,1,3,4
JANSEN,1,3,4
JEANE,1,3,4
JEHOBANY,1,3,4
JOACHIM,1,3,4
JOANI,1,3,4
JOAS,1,3,4
JOCEFA,1,3,4
JOCONDA,1,3,4
JOEN,1,3,4
JOJAN,1,3,4
JOSEFINE,1,3,4
JOVANIS,1,3,4
JUDELIA,1,3,4
JULIT,1,3,4
JUVANY,1,3,4
JUVINE,1,3,4
KALINA,1,3,4
KARINIA,1,3,4
KAROLAY,1,3,4
LABINA,1,3,4
LAEL,1,3,4
LAISLADO,1,3,4
LAVORN,1,3,4
LEDENIS,1,3,4
LEDIX,1,3,4
LEHABIN,1,3,4
LENORD,1,3,4
LEOMARA,1,3,4
LEONIDAD,1,3,4
LEOVILDO,1,3,4
LESTENIA,1,3,4
LETICIO,1,3,4
LEUCADIO,1,3,4
LIBETY,1,3,4
LINAYDA,1,3,4
LINEL,1,3,4
LINELDA,1,3,4
LISDENI,1,3,4
LISDENIA,1,3,4
LISSBETH,1,3,4
LIXE,1,3,4
LIXENIA,1,3,4
LIZBETT,1,3,4
LIZEIRA,1,3,4
LIZHET,1,3,4
LIZZBETH,1,3,4
LLAMIL,1,3,4
LOATANY,1,3,4
LOLINA,1,3,4
LORELEY,1,3,4
LUCIN,1,3,4
LUIS DE JESUS,1,3,4
LUTECIA,1,3,4
LUTINA,1,3,4
LYNNETTE,1,3,4
MABELIN,1,3,4
MACLIN,1,3,4
MADALIA,1,3,4
MAFALDINA,1,3,4
MAGDANIEL,1,3,4
MAGDELIA,1,3,4
MAGDELY,1,3,4
MAHUN,1,3,4
MAIN,1,3,4
MAJELLE,1,3,4
MALENIA,1,3,4
MALENIS,1,3,4
MALUC,1,3,4
MARALETH,1,3,4
MARIA ANGELA,1,3,4
MARIA DEL ROSAR,1,3,4
MARIA VIRGINIA,1,3,4
MARIANEL,1,3,4
MARILVINA,1,3,4
MARISETH,1,3,4
MARITCELA,1,3,4
MARIZSA,1,3,4
MARTINI,1,3,4
MARYVEL,1,3,4
MATILDE REINA,1,3,4
MAURINE,1,3,4
MAURIZIO,1,3,4
MAXSIMINO,1,3,4
MAYORIE,1,3,4
MEDALIA,1,3,4
MEDANY,1,3,4
MEL,1,3,4
MELINO,1,3,4
MELISANDY,1,3,4
MENDOZA,1,3,4
MERARIA,1,3,4
MERCELI,1,3,4
MERENA,1,3,4
MICHAELLE,1,3,4
MIDALIA,1,3,4
MIJAIL,1,3,4
MIRASOL,1,3,4
MIRCIADES,1,3,4
MIRRAIN,1,3,4
MISELANIA,1,3,4
MORAIMA,1,3,4
MYERS,1,3,4
NABILETH,1,3,4
NADARY,1,3,4
NADIESDA,1,3,4
NAIL,1,3,4
NAJIB,1,3,4
NANETTE,1,3,4
NASARET,1,3,4
NAYIB,1,3,4
NEBTALI,1,3,4
NEPTALID,1,3,4
NICOLLE,1,3,4
NISME,1,3,4
NITAEL,1,3,4
NOCOLASA,1,3,4
NOELA,1,3,4
NOELBIS,1,3,4
NOELLE,1,3,4
NOENI,1,3,4
NORDALINA,1,3,4
NOREIDA,1,3,4
NORMELIA,1,3,4
OBDELY,1,3,4
OBEDIA,1,3,4
OBID,1,3,4
OCARINA,1,3,4
OCDELINA,1,3,4
OCIRES,1,3,4
OCLIDES,1,3,4
ODALDO,1,3,4
ODELINA,1,3,4
ODENIA,1,3,4
ODENIS,1,3,4
ODITH,1,3,4
ODOLINDA,1,3,4
ODULIA,1,3,4
OFILDA,1,3,4
OLADIS,1,3,4
OLFINA,1,3,4
OLI,1,3,4
OLIDEN,1,3,4
OLIPIO,1,3,4
OLIVAN,1,3,4
OLIVARES,1,3,4
OLIVIER,1,3,4
OLYMPIA,1,3,4
OMARLIN,1,3,4
ONARIA,1,3,4
ONEYDY,1,3,4
ORDELI,1,3,4
ORDOËEZ,1,3,4
ORENA,1,3,4
ORESTELA,1,3,4
OSILDA,1,3,4
OSIR,1,3,4
OSMINDO,1,3,4
PACELI,1,3,4
PACITO,1,3,4
PALMA,1,3,4
PASIS,1,3,4
PETY,1,3,4
PREDILIA,1,3,4
RACHELL,1,3,4
RAIF,1,3,4
RANIEL,1,3,4
REBEKAH,1,3,4
REIDILIO,1,3,4
RENALDY,1,3,4
RENERIE,1,3,4
REUMALDA,1,3,4
REYNIERO,1,3,4
RICELDA,1,3,4
ROCIDEL,1,3,4
ROMIL,1,3,4
RONIER,1,3,4
ROSA ANA,1,3,4
ROSEEL,1,3,4
ROSEILA,1,3,4
ROSEYLA,1,3,4
ROSSIO,1,3,4
ROTZANA,1,3,4
ROVERTINA,1,3,4
ROVINA,1,3,4
RUBEIN,1,3,4
RUDIHT,1,3,4
RUMARDO,1,3,4
RUSEL,1,3,4
SAGRADIO,1,3,4
SAGRARIA,1,3,4
SAHARAI,1,3,4
SAIL,1,3,4
SALANGE,1,3,4
SALDARI,1,3,4
SALIM,1,3,4
SANDELINA,1,3,4
SANDRINA,1,3,4
SANTOS CATALINA,1,3,4
SANTOS GABINO,1,3,4
SANTOS JULIA,1,3,4
SANTOS MARTINA,1,3,4
SARAHID,1,3,4
SARONI,1,3,4
SAUN,1,3,4
SELINO,1,3,4
SICELA,1,3,4
SILOETH,1,3,4
SINAE,1,3,4
SINOHE,1,3,4
SIREYA,1,3,4
SIRY,1,3,4
SIXMENIA,1,3,4
SNIDER,1,3,4
SOLIMAR,1,3,4
SOMARA,1,3,4
SONEY,1,3,4
STANLIN,1,3,4
SUSELINA,1,3,4
TIFFANY,1,3,4
UBANI,1,3,4
UDIEL,1,3,4
ULISSES,1,3,4
UMBERTA,1,3,4
URINA,1,3,4
URVINA,1,3,4
USTACIA,1,3,4
UTILIA,1,3,4
VANGELO,1,3,4
VARYNIA,1,3,4
VASILISA,1,3,4
VELEN,1,3,4
VENIDA,1,3,4
VERFALIA,1,3,4
VEROY,1,3,4
VIGAIL,1,3,4
WALEZCA,1,3,4
WAN,1,3,4
WILIANY,1,3,4
WILINA,1,3,4
XIOMARIA,1,3,4
XOMARA,1,3,4
YABIRA,1,3,4
YADIN,1,3,4
YAHANA,1,3,4
YAMALY,1,3,4
YANEE,1,3,4
YANELINDA,1,3,4
YANELL,1,3,4
YANESI,1,3,4
YANIXSA,1,3,4
YARENI,1,3,4
YARENIS,1,3,4
YASMYN,1,3,4
YELISA,1,3,4
YEMINA,1,3,4
YENISEI,1,3,4
YISENIA,1,3,4
YOBANYS,1,3,4
YOCASTA,1,3,4
YODANIA,1,3,4
YODESA,1,3,4
YOGENIA,1,3,4
YOHAIRA,1,3,4
YOLADYS,1,3,4
YOLANE,1,3,4
YOLANIZ,1,3,4
YONAIRA,1,3,4
YONDINA,1,3,4
YORLENIA,1,3,4
YORLENNY,1,3,4
YOSEP,1,3,4
YOSMELI,1,3,4
YUBINA,1,3,4
YUDIBETH,1,3,4
YUWANY,1,3,4
Z,1,3,4
ZAGRARIO,1,3,4
ZENOLA,1,3,4
ZEPEDA,1,3,4
ZOLANO,1,3,4
ZOREA,1,3,4
ZUYEN,1,3,4
ABDALY,2,2,4
ABDELIO,2,2,4
ABDOMILIA,2,2,4
ABENILDA,2,2,4
ABERSIO,2,2,4
ABERTINA,2,2,4
ABIDIO,2,2,4
ABIMELEX,2,2,4
ABINADAD,2,2,4
ABIU,2,2,4
ABRHAM,2,2,4
ACELINA,2,2,4
ACENAIDA,2,2,4
ADALIDIA,2,2,4
ADAR,2,2,4
ADDIN,2,2,4
ADELMAR,2,2,4
ADIA,2,2,4
ADIAN,2,2,4
ADOLDO,2,2,4
ADONAIDA,2,2,4
AGATANGEL,2,2,4
AID,2,2,4
AIN,2,2,4
ALBALINA,2,2,4
ALBENIS,2,2,4
ALBENIZ,2,2,4
ALBERDI,2,2,4
ALBERDY,2,2,4
ALCEO,2,2,4
ALCYRA,2,2,4
ALECSY,2,2,4
ALENAY,2,2,4
ALENJANDRINA,2,2,4
ALESANDRA,2,2,4
ALESANDRO,2,2,4
ALEXIO,2,2,4
ALFREDYS,2,2,4
ALIBERTO,2,2,4
ALIDES,2,2,4
ALIFONSA,2,2,4
ALISANDER,2,2,4
ALMINDA,2,2,4
ALMIRCAR,2,2,4
AMERITO,2,2,4
AMILSA,2,2,4
AMILTO,2,2,4
AMIRA,2,2,4
AMOR,2,2,4
ANABELIZ,2,2,4
ANABERY,2,2,4
ANACELY,2,2,4
ANAELY,2,2,4
ANALEX,2,2,4
ANALYA,2,2,4
ANAMAN,2,2,4
ANANY,2,2,4
ANATILA,2,2,4
ANDELIA,2,2,4
ANDERCY,2,2,4
ANELCY,2,2,4
ANELI,2,2,4
ANELSY,2,2,4
ANET,2,2,4
ANGLIN,2,2,4
ANIL,2,2,4
ANNABELL,2,2,4
ANNERY,2,2,4
ANNIS,2,2,4
ANTARES,2,2,4
APLINIO,2,2,4
ARACELIE,2,2,4
ARAMI,2,2,4
ARECIA,2,2,4
ARELIO,2,2,4
ARELIY,2,2,4
ARICELIA,2,2,4
ARISELA,2,2,4
ARLENIA,2,2,4
ARLEY,2,2,4
ARLIGTON,2,2,4
ARMENIA,2,2,4
ARMISENDA,2,2,4
ARNULIA,2,2,4
ASELMA,2,2,4
ASENAT,2,2,4
ASTAN,2,2,4
ASTRUBAL,2,2,4
AUDALIA,2,2,4
AUDALINA,2,2,4
AUDUL,2,2,4
AURESTILA,2,2,4
AURI,2,2,4
AUSALON,2,2,4
AVAN,2,2,4
AVID,2,2,4
AXAEL,2,2,4
BALDOMAR,2,2,4
BALDRAMINA,2,2,4
BEDELIA,2,2,4
BEDREDIN,2,2,4
BEIRUT,2,2,4
BELGRADO,2,2,4
BELINDO,2,2,4
BELIX,2,2,4
BENERO,2,2,4
BERKLING,2,2,4
BERNHARD,2,2,4
BERSARY,2,2,4
BERSELI,2,2,4
BERTIL,2,2,4
BETALIA,2,2,4
BILANDER,2,2,4
BILIA,2,2,4
BIRZABITH,2,2,4
BRICELDINA,2,2,4
BRIDYS,2,2,4
BRIGITH,2,2,4
BRINDA,2,2,4
BRISCELDA,2,2,4
BRYON,2,2,4
CARLENE,2,2,4
CARROL,2,2,4
CARTON,2,2,4
CATHARINE,2,2,4
CHANG,2,2,4
CHARLEY,2,2,4
CHARLTON,2,2,4
CHESMAN,2,2,4
CHILANO,2,2,4
CILINIA,2,2,4
CINECIA,2,2,4
CIRIO,2,2,4
CIXTA,2,2,4
CLADIMIR,2,2,4
CLADIS,2,2,4
CLEMENT,2,2,4
CLIVER,2,2,4
COLMAN,2,2,4
CONCECCION,2,2,4
CONEPCION,2,2,4
CONSECCION,2,2,4
CORDELL,2,2,4
CORELIA,2,2,4
CORINDA,2,2,4
COSSETTE,2,2,4
CRISTOBEL,2,2,4
DABEIBA,2,2,4
DAL,2,2,4
DALIANA,2,2,4
DANEISY,2,2,4
DANETTE,2,2,4
DANEXI,2,2,4
DANISLAO,2,2,4
DAREY,2,2,4
DARLEAN,2,2,4
DARREN,2,2,4
DAVADI,2,2,4
DAYEN,2,2,4
DEDAN,2,2,4
DEIYSI,2,2,4
DELBI,2,2,4
DERRICK,2,2,4
DEXCI,2,2,4
DEYS,2,2,4
DIAMIN,2,2,4
DILDA,2,2,4
DIMAR,2,2,4
DINORIS,2,2,4
DIOMERES,2,2,4
DIOSINDA,2,2,4
DOLAND,2,2,4
DOMITILIA,2,2,4
DONELA,2,2,4
DONELIS,2,2,4
DONERI,2,2,4
DONITILA,2,2,4
DORALICIA,2,2,4
DORAN,2,2,4
DUBI,2,2,4
DULEY,2,2,4
EBANDRO,2,2,4
EBELICIA,2,2,4
EBELY,2,2,4
ECLICERIO,2,2,4
EDANY,2,2,4
EDGER,2,2,4
EDIFREDO,2,2,4
EDILCE,2,2,4
EDILMIRA,2,2,4
EDIZON,2,2,4
EDME,2,2,4
EDNAN,2,2,4
EDUARLI,2,2,4
EDUBER,2,2,4
EDUBINIA,2,2,4
EFRAHIM,2,2,4
EGDULIO,2,2,4
EJIDIO,2,2,4
ELBITA,2,2,4
ELDAD,2,2,4
ELEACIN,2,2,4
ELEAZIN,2,2,4
ELEBI,2,2,4
ELEDIA,2,2,4
ELEM,2,2,4
ELESVAN,2,2,4
ELFRIN,2,2,4
ELIACIN,2,2,4
ELIE,2,2,4
ELINARDO,2,2,4
ELINTON,2,2,4
ELIODAN,2,2,4
ELIZAMA,2,2,4
ELMORE,2,2,4
ELOCADIA,2,2,4
ELOGIO,2,2,4
ELVIA DE JESUS,2,2,4
EMARGELIA,2,2,4
EMERCIANA,2,2,4
EMERICO,2,2,4
EMERINA,2,2,4
ENDOMILIA,2,2,4
ENIEL,2,2,4
EPIFAMIA,2,2,4
ERCIA,2,2,4
ERCINIA,2,2,4
EREIDA,2,2,4
ERGISTA,2,2,4
ERMAIN,2,2,4
ERMENIA,2,2,4
ERSALI,2,2,4
ERSALY,2,2,4
ERUBEL,2,2,4
ESMELA,2,2,4
ESMERILDA,2,2,4
ESMERIS,2,2,4
ESNELI,2,2,4
ESNELIN,2,2,4
ESNESTINA,2,2,4
ESTEL,2,2,4
ESTELL,2,2,4
ESWARD,2,2,4
ETELDINA,2,2,4
ETERIO,2,2,4
ETTEL,2,2,4
EUBENCE,2,2,4
EUFENIO,2,2,4
EUFRACINDA,2,2,4
EULISA,2,2,4
EVA DE JESUS,2,2,4
EVEDARDO,2,2,4
EVELINDO,2,2,4
EVELSY,2,2,4
EVERLYN,2,2,4
EVITH,2,2,4
EXCIDIA,2,2,4
EXEQUIELA,2,2,4
EXIQUIA,2,2,4
EXODIA,2,2,4
EXPEDITA,2,2,4
FALCONERIS,2,2,4
FAROUK,2,2,4
FAUDILA,2,2,4
FELIVERTO,2,2,4
FIDELINDA,2,2,4
FIDELMA,2,2,4
FLABIAN,2,2,4
FLABIANO,2,2,4
FLAVIAN,2,2,4
FOREST,2,2,4
FRADY,2,2,4
FRAM,2,2,4
FRANCINA,2,2,4
FRANCISA,2,2,4
FRANCIVEL,2,2,4
GABRIL,2,2,4
GAELO,2,2,4
GALENA,2,2,4
GAMADIEL,2,2,4
GAVIN,2,2,4
GEMAN,2,2,4
GENERO,2,2,4
GEORGET,2,2,4
GEORGI,2,2,4
GEORLENY,2,2,4
GERALINA,2,2,4
GERGINA,2,2,4
GESSELA,2,2,4
GETRUDIZ,2,2,4
GEU,2,2,4
GIANINA,2,2,4
GLAUCO,2,2,4
GLORISEL,2,2,4
GORNARA,2,2,4
GRACINIANO,2,2,4
GRIN,2,2,4
GUEVARA,2,2,4
HANANI,2,2,4
HANG,2,2,4
HARBEY,2,2,4
HARDEL,2,2,4
HARLINGTON,2,2,4
HARLINTONG,2,2,4
HARNOLD,2,2,4
HARON,2,2,4
HAYDEN,2,2,4
HAYWORTH,2,2,4
HAZIEL,2,2,4
HE,2,2,4
HEBERALDO,2,2,4
HEBERTA,2,2,4
HECTALIA,2,2,4
HELDIFONSO,2,2,4
HEMELINA,2,2,4
HERCELI,2,2,4
HEREDIA,2,2,4
HEREMIA,2,2,4
HERISELDA,2,2,4
HERNESTOR,2,2,4
HERNILDA,2,2,4
HERVEY,2,2,4
HESTER,2,2,4
HIDE,2,2,4
HODALIS,2,2,4
HORESTILA,2,2,4
HUBEN,2,2,4
HYDEE,2,2,4
IBANY,2,2,4
IBRAIM,2,2,4
IDALINDA,2,2,4
IKE,2,2,4
ILBA,2,2,4
ILDELFONSA,2,2,4
ILFREDO,2,2,4
ILIAS,2,2,4
INALDA,2,2,4
INECIDA,2,2,4
INERINA,2,2,4
IRALIA,2,2,4
IREN,2,2,4
IRENES,2,2,4
IRNELINA,2,2,4
ISAACC,2,2,4
ISABRA,2,2,4
ISADORA,2,2,4
ISAMIR,2,2,4
ISELINA,2,2,4
ISMARIN,2,2,4
ISMAY,2,2,4
ISVELIA,2,2,4
IVANHOE,2,2,4
IVERSON,2,2,4
IZAHIAS,2,2,4
JACEL,2,2,4
JAJAYRA,2,2,4
JALAL,2,2,4
JALENY,2,2,4
JANIR,2,2,4
JEDALIAS,2,2,4
JEFFRE,2,2,4
JENOBEBA,2,2,4
JERGES,2,2,4
JERICO,2,2,4
JEROME,2,2,4
JERVACIO,2,2,4
JESSIBEL,2,2,4
JHOANA,2,2,4
JHONAS,2,2,4
JHOSELYN,2,2,4
JOANNY,2,2,4
JOEEL,2,2,4
JOHANNE,2,2,4
JOHATHAN,2,2,4
JONAHTAN,2,2,4
JONELL,2,2,4
JONHSON,2,2,4
JOSE ALFONSO,2,2,4
JOSE EFRAIN,2,2,4
JOSE INES,2,2,4
JOSE TRINIDAD,2,2,4
JOSEIAS,2,2,4
JURGEN,2,2,4
JUVENIA,2,2,4
KAN,2,2,4
KECIA,2,2,4
KENRICK,2,2,4
KORIXA,2,2,4
LALILA,2,2,4
LAURELINA,2,2,4
LAURINA,2,2,4
LAY,2,2,4
LECI,2,2,4
LEHI,2,2,4
LENAIN,2,2,4
LEOBIJILDO,2,2,4
LEONINO,2,2,4
LEOVALDO,2,2,4
LEOVANY,2,2,4
LESDIANA,2,2,4
LEXANDRA,2,2,4
LIDITH,2,2,4
LIDUVIN,2,2,4
LIGDENIA,2,2,4
LILETH,2,2,4
LILEY,2,2,4
LIMBANIA,2,2,4
LINDEL,2,2,4
LINI,2,2,4
LINNET,2,2,4
LINOSCA,2,2,4
LIOMAR,2,2,4
LISAIDA,2,2,4
LISBE,2,2,4
LISEYDA,2,2,4
LOWELL,2,2,4
LOYANA,2,2,4
LUCITANIA,2,2,4
LUQUE,2,2,4
LURDI,2,2,4
LUSBINA,2,2,4
MA DE JESUS,2,2,4
MAGALENO,2,2,4
MAGDALIA,2,2,4
MANELIO,2,2,4
MANOEL,2,2,4
MARCENIA,2,2,4
MARGOD,2,2,4
MARIA BERNARDA,2,2,4
MARIA ISOLINA,2,2,4
MARIA MARTA,2,2,4
MARIDALIA,2,2,4
MARILENIA,2,2,4
MARILIANA,2,2,4
MARILUCY,2,2,4
MARISILDA,2,2,4
MARIXCIA,2,2,4
MARIXIA,2,2,4
MARLENES,2,2,4
MARLENNY,2,2,4
MARNE,2,2,4
MARTE,2,2,4
MATERNIDAD,2,2,4
MAUDO,2,2,4
MEDARDINA,2,2,4
MEDELINA,2,2,4
MEHETABEL,2,2,4
MELQUISEDES,2,2,4
MELQUISIDETH,2,2,4
MENALIO,2,2,4
MERANY,2,2,4
MERARYS,2,2,4
MERCIAS,2,2,4
MERCILIA,2,2,4
MERIDO,2,2,4
MERITINA,2,2,4
MERYLU,2,2,4
MEYBOL,2,2,4
MICELDA,2,2,4
MIDELSY,2,2,4
MIGDONEO,2,2,4
MILARES,2,2,4
MIN,2,2,4
MINOSKA,2,2,4
MIRI,2,2,4
MITELIO,2,2,4
MOLINA,2,2,4
MOODY,2,2,4
NABAEL,2,2,4
NACER,2,2,4
NAHARA,2,2,4
NALMI,2,2,4
NALVIN,2,2,4
NARIN,2,2,4
NASIRA,2,2,4
NAZAEL,2,2,4
NAZARENA,2,2,4
NELCIO,2,2,4
NEMY,2,2,4
NEOMAR,2,2,4
NEREY,2,2,4
NERRY,2,2,4
NICODEMOS,2,2,4
NIOME,2,2,4
NOL,2,2,4
NOLBERTHA,2,2,4
NOLDO,2,2,4
NORBELINDA,2,2,4
NORLI,2,2,4
NORVIA,2,2,4
OBERLINDA,2,2,4
OCDILIA,2,2,4
ODAN,2,2,4
ODEH,2,2,4
ODELINDA,2,2,4
ODEX,2,2,4
ODILBERT,2,2,4
ODYS,2,2,4
OKARIS,2,2,4
OLA,2,2,4
OMARIS,2,2,4
OMELIO,2,2,4
OMILSA,2,2,4
ONELSON,2,2,4
ONESIMA,2,2,4
ONICIA,2,2,4
ONOFRIO,2,2,4
ORBILIA,2,2,4
OREL,2,2,4
ORELIS,2,2,4
ORFEO,2,2,4
ORFITA,2,2,4
OSGOOD,2,2,4
OTHNIEL,2,2,4
OUDULIA,2,2,4
OVERLINDA,2,2,4
OWER,2,2,4
OZIEL,2,2,4
PALERMA,2,2,4
PAMELLA,2,2,4
PANSY,2,2,4
PARSON,2,2,4
PASCUA,2,2,4
PAULINE,2,2,4
PERDOMO,2,2,4
POLINARIO,2,2,4
POLITA,2,2,4
PRADIX,2,2,4
PRESLY,2,2,4
PRISCILIANA,2,2,4
QUIMER,2,2,4
RACHAEL,2,2,4
RAINERIO,2,2,4
REBERTO,2,2,4
REMI,2,2,4
RENIERO,2,2,4
REYNIEL,2,2,4
REYNIERIO,2,2,4
REYNOL,2,2,4
RICHEL,2,2,4
RICHMOND,2,2,4
RIOS,2,2,4
ROBERSON,2,2,4
ROCXANA,2,2,4
ROCZANA,2,2,4
ROGELIN,2,2,4
ROMA,2,2,4
ROMILA,2,2,4
ROSARY,2,2,4
ROSEMBELL,2,2,4
ROSEMY,2,2,4
ROSIBELY,2,2,4
ROSMELY,2,2,4
ROSSINY,2,2,4
ROWLAND,2,2,4
ROYLAN,2,2,4
RUBETINA,2,2,4
RUDBY,2,2,4
RUDERI,2,2,4
RUDID,2,2,4
RUFILA,2,2,4
SADOT,2,2,4
SANSON,2,2,4
SANUEL,2,2,4
SARIAH,2,2,4
SARONITA,2,2,4
SEGUNDINA,2,2,4
SELAM,2,2,4
SEM,2,2,4
SENIS,2,2,4
SEVEDO,2,2,4
SHAN,2,2,4
SHAUN,2,2,4
SIBIS,2,2,4
SILENIA,2,2,4
SILOS,2,2,4
SILVIANA,2,2,4
SISINIO,2,2,4
SMIRNA,2,2,4
SONG,2,2,4
SORIANA,2,2,4
STANTON,2,2,4
STARLING,2,2,4
STEFFANY,2,2,4
STENIO,2,2,4
STIVENS,2,2,4
STOSSEL,2,2,4
SULE,2,2,4
SUYA,2,2,4
SUZANNE,2,2,4
TALITA,2,2,4
TEJANY,2,2,4
TELINA,2,2,4
TERIS,2,2,4
THEODORO,2,2,4
TILDE,2,2,4
TOMAS DE JESUS,2,2,4
TOMAZ,2,2,4
TONIN,2,2,4
TREVOR,2,2,4
TUBURCIO,2,2,4
TUPAC,2,2,4
TYRON,2,2,4
ULBERTO,2,2,4
ULMER,2,2,4
UNISES,2,2,4
UVELIA,2,2,4
UZZIEL,2,2,4
VALMORE,2,2,4
VASQUEZ,2,2,4
VASTY,2,2,4
VELITZA,2,2,4
VENA,2,2,4
VENERALDO,2,2,4
VERMON,2,2,4
VERNABE,2,2,4
VIBERT,2,2,4
VIDEL,2,2,4
VIDINDA,2,2,4
VIJILIA,2,2,4
VILAR,2,2,4
VILLADIL,2,2,4
VINEL,2,2,4
VINTA,2,2,4
VIRTUDES,2,2,4
VITORINA,2,2,4
VRIGIDO,2,2,4
WALVER,2,2,4
WBALDO,2,2,4
WENDALINA,2,2,4
WENDOLYNE,2,2,4
WILHEM,2,2,4
WILHEN,2,2,4
WILVERTO,2,2,4
WING,2,2,4
WUADY,2,2,4
WUALTERINA,2,2,4
XIOMA,2,2,4
XIOVAN,2,2,4
XOCHILTH,2,2,4
YALIRA,2,2,4
YAQUILIN,2,2,4
YARENY,2,2,4
YASMIR,2,2,4
YENG,2,2,4
YENIL,2,2,4
YERENY,2,2,4
YILBER,2,2,4
YOALMO,2,2,4
YOLENIS,2,2,4
YOLITZMA,2,2,4
YONAIDA,2,2,4
YONEYDA,2,2,4
YORGINA,2,2,4
YOSELINDA,2,2,4
YOVANE,2,2,4
YOVIN,2,2,4
YUBINIA,2,2,4
YUN,2,2,4
YUNILA,2,2,4
YURIDIA,2,2,4
YUVANIS,2,2,4
YUVIN,2,2,4
YUVINIS,2,2,4
ZEFALIA,2,2,4
ZUZEL,2,2,4
ABELARDA,3,1,4
ABELITO,3,1,4
ABIL,3,1,4
ABISMAEL,3,1,4
ACENSION,3,1,4
ADALBINA,3,1,4
ADDINA,3,1,4
ADELIANA,3,1,4
ADELILA,3,1,4
ADIC,3,1,4
ADILSIA,3,1,4
ADRIA,3,1,4
AGILEO,3,1,4
AGUILINA,3,1,4
AIDELA,3,1,4
ALAND,3,1,4
ALCENIA,3,1,4
ALECIA,3,1,4
ALEIRA,3,1,4
ALEIXI,3,1,4
ALIAS,3,1,4
ALILIO,3,1,4
ALLEX,3,1,4
ALMAN,3,1,4
AMIDIA,3,1,4
AMILTA,3,1,4
ANA CECILIA,3,1,4
ANAIDES,3,1,4
ANAIM,3,1,4
ANALEE,3,1,4
ANANIES,3,1,4
ANAYENSI,3,1,4
ANAZARIO,3,1,4
ANDELINO,3,1,4
ANDES,3,1,4
ANNIER,3,1,4
ANTIOCO,3,1,4
AQUILA,3,1,4
ARAVELA,3,1,4
ARLESS,3,1,4
ARLINTONG,3,1,4
ARMILO,3,1,4
ARQUIMENES,3,1,4
ARWIN,3,1,4
ASEN,3,1,4
ASENAYDA,3,1,4
ASLEN,3,1,4
AUNDINA,3,1,4
AUSENCIO,3,1,4
AVADESA,3,1,4
BALVIN,3,1,4
BANCA,3,1,4
BASILICA,3,1,4
BELARMINDA,3,1,4
BELBIS,3,1,4
BELDAD,3,1,4
BELIZARDA,3,1,4
BENDER,3,1,4
BENGAMIN,3,1,4
BENISIO,3,1,4
BERCIA,3,1,4
BERENIA,3,1,4
BERENIS,3,1,4
BERINO,3,1,4
BERMILDA,3,1,4
BERSI,3,1,4
BERT,3,1,4
BERTALIZA,3,1,4
BIANY,3,1,4
BIBINA,3,1,4
BIL,3,1,4
BIRJINIA,3,1,4
BLADIMIRA,3,1,4
BONA,3,1,4
BOQUIN,3,1,4
BRENDALEE,3,1,4
BRONSON,3,1,4
CAINAN,3,1,4
CALEDONIO,3,1,4
CALIMERIO,3,1,4
CANTALISIO,3,1,4
CARDIN,3,1,4
CARMENCIA,3,1,4
CELDA,3,1,4
CELVIO,3,1,4
CENTULA,3,1,4
CERNA,3,1,4
CHALE,3,1,4
CHARLE,3,1,4
CHARLINE,3,1,4
CHELY,3,1,4
CHLOE,3,1,4
CHOLA,3,1,4
CHONITA,3,1,4
CHRISTIANE,3,1,4
CILDA,3,1,4
CISTA,3,1,4
CLEDYS,3,1,4
CLEMEN,3,1,4
CLERY,3,1,4
CLIFF,3,1,4
CONSEZA,3,1,4
CONSILIA,3,1,4
CORBY,3,1,4
CORY,3,1,4
COSMELIA,3,1,4
COVADONGA,3,1,4
CREOTILDE,3,1,4
CRISMA,3,1,4
CUPER,3,1,4
DAIBY,3,1,4
DALMY,3,1,4
DALVA,3,1,4
DARION,3,1,4
DARLYNG,3,1,4
DARRELL,3,1,4
DARRYL,3,1,4
DARWIM,3,1,4
DASMIN,3,1,4
DAVEY,3,1,4
DAVID DE JESUS,3,1,4
DAVIN,3,1,4
DEAYSI,3,1,4
DECSIS,3,1,4
DELEA,3,1,4
DELINDA,3,1,4
DENESSI,3,1,4
DENISIA,3,1,4
DENIT,3,1,4
DENLY,3,1,4
DEOMAR,3,1,4
DERMY,3,1,4
DEVLIN,3,1,4
DEXIA,3,1,4
DEYDA,3,1,4
DIALA,3,1,4
DIANIS,3,1,4
DILCA,3,1,4
DILSI,3,1,4
DILSYA,3,1,4
DIMER,3,1,4
DINAH,3,1,4
DINMA,3,1,4
DIONEIDA,3,1,4
DOMISIANO,3,1,4
DORFA,3,1,4
DORTY,3,1,4
DOULAS,3,1,4
DOYL,3,1,4
DRINDIS,3,1,4
DUANIS,3,1,4
DUBIN,3,1,4
DULYS,3,1,4
DUMAR,3,1,4
DURBI,3,1,4
DUVY,3,1,4
DYKE,3,1,4
EBERSON,3,1,4
ECA,3,1,4
ECEQUIEL,3,1,4
EDALINDA,3,1,4
EDELBINDA,3,1,4
EDELVERTO,3,1,4
EDENILDA,3,1,4
EDERSON,3,1,4
EDIES,3,1,4
EDITRUDIS,3,1,4
EDIXSON,3,1,4
EDMANUEL,3,1,4
EDMILDA,3,1,4
EDNEY,3,1,4
EDUALDO,3,1,4
EDUIS,3,1,4
EDWIS,3,1,4
EDYE,3,1,4
EGDILIA,3,1,4
EILDUVINIA,3,1,4
EKATERINA,3,1,4
ELARMIN,3,1,4
ELBERTINA,3,1,4
ELCIN,3,1,4
ELDORA,3,1,4
ELEAN,3,1,4
ELEIDY,3,1,4
ELEOQUIN,3,1,4
ELEVI,3,1,4
ELEY,3,1,4
ELFIN,3,1,4
ELFREDO,3,1,4
ELIAX,3,1,4
ELICEA,3,1,4
ELIOBARDO,3,1,4
ELISELDA,3,1,4
ELMEN,3,1,4
ELMIA,3,1,4
ELSSIE,3,1,4
ELUTERIA,3,1,4
ELVAN,3,1,4
EMIA,3,1,4
EMILIAN,3,1,4
EMILL,3,1,4
EMILTA,3,1,4
ENALIA,3,1,4
ENDI,3,1,4
ENERINA,3,1,4
ENERIS,3,1,4
ENGILBERTO,3,1,4
ENIDIA,3,1,4
ENMI,3,1,4
ERAIDA,3,1,4
ERDULFA,3,1,4
EREN,3,1,4
ERINEO,3,1,4
ERLAND,3,1,4
ERMECINDA,3,1,4
ERMELI,3,1,4
ERMELY,3,1,4
ERMINTA,3,1,4
ERMO,3,1,4
ERNIC,3,1,4
ERODICTA,3,1,4
EROLDO,3,1,4
ESCARLES,3,1,4
ESLEY,3,1,4
ESMALDO,3,1,4
ESTRELLITA,3,1,4
ESTY,3,1,4
ETELL,3,1,4
ETELMA,3,1,4
ETI,3,1,4
EVELYNE,3,1,4
EVENGELINA,3,1,4
EVERETT,3,1,4
EVERS,3,1,4
EVIDENCIO,3,1,4
EXIQUIO,3,1,4
EXITA,3,1,4
EXTAR,3,1,4
FACUNDINA,3,1,4
FARRAH,3,1,4
FEDELICIA,3,1,4
FELICINDO,3,1,4
FELIXS,3,1,4
FERNANDINA,3,1,4
FILADELFIA,3,1,4
FLORAN,3,1,4
FLORISBELLA,3,1,4
FORTUNE,3,1,4
FRANCICA,3,1,4
FRIEDRICH,3,1,4
GABI,3,1,4
GALVIN,3,1,4
GEOVITA,3,1,4
GERGORIO,3,1,4
GERMES,3,1,4
GERSEL,3,1,4
GESSEL,3,1,4
GEYSER,3,1,4
GILIA,3,1,4
GINGER,3,1,4
GLADIO,3,1,4
GLEDYN,3,1,4
GLINDA,3,1,4
GLORICELDA,3,1,4
GLORIDALMA,3,1,4
GRANUEL,3,1,4
GRINALDA,3,1,4
GUILBERTH,3,1,4
GUILLERMINIA,3,1,4
GUILLLERMO,3,1,4
GUILMAR,3,1,4
GUIOVANI,3,1,4
HABIGAIL,3,1,4
HADITH,3,1,4
HANNIA,3,1,4
HANNO,3,1,4
HAO,3,1,4
HARWIN,3,1,4
HASTRY,3,1,4
HEBARISTO,3,1,4
HEDA,3,1,4
HELENE,3,1,4
HEMEREGILDO,3,1,4
HEMIL,3,1,4
HENDRI,3,1,4
HERLE,3,1,4
HERMELITA,3,1,4
HERMEZ,3,1,4
HERMILDO,3,1,4
HERMINTA,3,1,4
HERMITANO,3,1,4
HESSEL,3,1,4
HIDALMI,3,1,4
HILDEBRAN,3,1,4
HILSON,3,1,4
HIRIBERTO,3,1,4
HOBER,3,1,4
HOLINDA,3,1,4
HONRY,3,1,4
IBIN,3,1,4
ICTALINA,3,1,4
IDALME,3,1,4
IDYS,3,1,4
ILBIA,3,1,4
ILDENIA,3,1,4
ILDIFONZA,3,1,4
ILONKA,3,1,4
ILSIE,3,1,4
INDY,3,1,4
INGRAM,3,1,4
INGRED,3,1,4
INNER,3,1,4
IREYDA,3,1,4
IRIO,3,1,4
IRLENE,3,1,4
IRME,3,1,4
IRMER,3,1,4
ISBENIA,3,1,4
ISLANDIA,3,1,4
ISMERY,3,1,4
ITALA,3,1,4
IVONILDA,3,1,4
IVOR,3,1,4
JAEN,3,1,4
JAINER,3,1,4
JAMI,3,1,4
JANKEL,3,1,4
JANNI,3,1,4
JASSON,3,1,4
JECSY,3,1,4
JENSON,3,1,4
JESUAR,3,1,4
JILIAN,3,1,4
JING,3,1,4
JOELITO,3,1,4
JONA,3,1,4
JONAZ,3,1,4
JORLIN,3,1,4
JOSE DE LA ROSA,3,1,4
JOSE ROBERTO,3,1,4
JOSUHE,3,1,4
JOVITINIO,3,1,4
JUANA MARIA,3,1,4
JUANELO,3,1,4
JUANIN,3,1,4
JUANIRA,3,1,4
JUBINALDO,3,1,4
JULIBERTO,3,1,4
JULIS,3,1,4
JUSUS,3,1,4
KATHERIN,3,1,4
KATIANA,3,1,4
KATTIE,3,1,4
KELCY,3,1,4
KENNIE,3,1,4
KERYN,3,1,4
KESSEL,3,1,4
KEY,3,1,4
KEYNI,3,1,4
KILTON,3,1,4
KRISTOPHER,3,1,4
LADIMIRO,3,1,4
LADIZ,3,1,4
LALI,3,1,4
LALIA,3,1,4
LAREN,3,1,4
LARIO,3,1,4
LAURENO,3,1,4
LAURENSE,3,1,4
LAURY,3,1,4
LEBIN,3,1,4
LEBNI,3,1,4
LEBNY,3,1,4
LECTERIO,3,1,4
LEDEZNA,3,1,4
LEIMAN,3,1,4
LELANI,3,1,4
LELYN,3,1,4
LENIR,3,1,4
LENNER,3,1,4
LEODI,3,1,4
LEOVEGILDO,3,1,4
LERLIN,3,1,4
LESAIDA,3,1,4
LESSLI,3,1,4
LEZVIA,3,1,4
LIBER,3,1,4
LIBIN,3,1,4
LICANDRO,3,1,4
LIDDA,3,1,4
LILEAN,3,1,4
LILO,3,1,4
LINDULFO,3,1,4
LINNE,3,1,4
LIONORA,3,1,4
LISBEL,3,1,4
LIVI,3,1,4
LIX,3,1,4
LIZANKA,3,1,4
LIZI,3,1,4
LOIDINA,3,1,4
LOINA,3,1,4
LOTTY,3,1,4
LUAN,3,1,4
LUBBY,3,1,4
LUCIDENIA,3,1,4
LUCILDA,3,1,4
LUCILIA,3,1,4
LUCRESIO,3,1,4
LUCYDALIA,3,1,4
LUDEN,3,1,4
LUSIDALIA,3,1,4
LUTERO,3,1,4
LUZBENIA,3,1,4
LUZI,3,1,4
LYNETTE,3,1,4
MABIN,3,1,4
MADIN,3,1,4
MAGLIO,3,1,4
MAHER,3,1,4
MAIDY,3,1,4
MAIRENE,3,1,4
MALTA,3,1,4
MALVIS,3,1,4
MANDEL,3,1,4
MANDI,3,1,4
MANY,3,1,4
MARAIDA,3,1,4
MARCELENIA,3,1,4
MARCELIANA,3,1,4
MARCELLO,3,1,4
MARCEN,3,1,4
MARCIALA,3,1,4
MARCIMILIANO,3,1,4
MARELENE,3,1,4
MARIA AMANDA,3,1,4
MARIA ANA,3,1,4
MARIA FILOMENA,3,1,4
MARIA GABRIELA,3,1,4
MARIA LOURDES,3,1,4
MARIA SANTIAGO,3,1,4
MARICENIA,3,1,4
MARISBEL,3,1,4
MARISELI,3,1,4
MARISELVA,3,1,4
MARLLEN,3,1,4
MARSELO,3,1,4
MARTIDES,3,1,4
MARTINIANA,3,1,4
MARTIRIA,3,1,4
MARYELA,3,1,4
MATILDES,3,1,4
MAUBRA,3,1,4
MAXIMILIO,3,1,4
MAXSIMO,3,1,4
MAXVIN,3,1,4
MAYDI,3,1,4
MAYKER,3,1,4
MELQUISIDEC,3,1,4
MELSIS,3,1,4
MELVIL,3,1,4
MELVIM,3,1,4
MELVING,3,1,4
MELVIZ,3,1,4
MERCILDA,3,1,4
MERCIN,3,1,4
MERIM,3,1,4
MERTALINA,3,1,4
METODIA,3,1,4
MEYVIS,3,1,4
MIA,3,1,4
MICKEY,3,1,4
MICSAEL,3,1,4
MIGDAEL,3,1,4
MILEYDE,3,1,4
MINDRES,3,1,4
MINY,3,1,4
MIREAN,3,1,4
MISTER,3,1,4
MOISEIS,3,1,4
MONJE,3,1,4
MOSES,3,1,4
NAIME,3,1,4
NANDO,3,1,4
NARGEN,3,1,4
NARIS,3,1,4
NARMIN,3,1,4
NASSAR,3,1,4
NATY,3,1,4
NAVOR,3,1,4
NEDI,3,1,4
NELDIS,3,1,4
NELITA,3,1,4
NELVAN,3,1,4
NEPTI,3,1,4
NEXSI,3,1,4
NIDES,3,1,4
NIDIAM,3,1,4
NILCIO,3,1,4
NING,3,1,4
NINIBE,3,1,4
NIRCIA,3,1,4
NORELIS,3,1,4
NUBIS,3,1,4
NUELIA,3,1,4
OBALDINA,3,1,4
OBEDELY,3,1,4
OBEDULIA,3,1,4
ODETHE,3,1,4
OLIVERTO,3,1,4
OLIVORIO,3,1,4
ONACIS,3,1,4
ONERGE,3,1,4
ONNER,3,1,4
ORAIDA,3,1,4
ORALDA,3,1,4
ORBA,3,1,4
ORBAN,3,1,4
ORCILIA,3,1,4
ORIETHA,3,1,4
ORLINS,3,1,4
ORLINTE,3,1,4
ORLYS,3,1,4
OSBAL,3,1,4
OSBELIA,3,1,4
OSTIANO,3,1,4
OTHON,3,1,4
OTILIANA,3,1,4
OVDULIO,3,1,4
OVENCIO,3,1,4
PASITO,3,1,4
PATRICINIA,3,1,4
PETROCINIA,3,1,4
PORTILLO,3,1,4
PRESILA,3,1,4
PRISCILIO,3,1,4
PRIXILA,3,1,4
QUENEDI,3,1,4
QUILBER,3,1,4
QUITERIO,3,1,4
RABY,3,1,4
RAINER,3,1,4
RALSTAN,3,1,4
RANDOLL,3,1,4
REIYNALDO,3,1,4
RELLY,3,1,4
REMIJIA,3,1,4
REMILDA,3,1,4
RENAL,3,1,4
RENI,3,1,4
RENO,3,1,4
REYNARDO,3,1,4
RIBER,3,1,4
RIBERTO,3,1,4
RIGEL,3,1,4
RIKY,3,1,4
RINDOLFO,3,1,4
RIVIN,3,1,4
ROBBY,3,1,4
ROBELINA,3,1,4
ROBINS,3,1,4
ROBOAN,3,1,4
RODOMIRO,3,1,4
RODORICO,3,1,4
ROFELIA,3,1,4
ROGE,3,1,4
RONDA,3,1,4
RONELDA,3,1,4
RONULFA,3,1,4
ROONY,3,1,4
ROSEMBER,3,1,4
ROSERBINDO,3,1,4
ROSIL,3,1,4
ROSILINDA,3,1,4
ROSISELA,3,1,4
ROSMELDA,3,1,4
ROSMER,3,1,4
ROSMEY,3,1,4
ROSSYBEL,3,1,4
ROSWELL,3,1,4
ROTILIA,3,1,4
RUB,3,1,4
RUBENS,3,1,4
RUBERT,3,1,4
RUBYS,3,1,4
RUFUS,3,1,4
RUSBELINDA,3,1,4
RUSBELL,3,1,4
RUSMAN,3,1,4
RUTIS,3,1,4
SABITA,3,1,4
SAHIDD,3,1,4
SARIT,3,1,4
SELBI,3,1,4
SELBY,3,1,4
SELIDA,3,1,4
SELIS,3,1,4
SELLY,3,1,4
SENAIRA,3,1,4
SERJIA,3,1,4
SESILIA,3,1,4
SEVILLA,3,1,4
SHERVIN,3,1,4
SIGBERTO,3,1,4
SILEX,3,1,4
SINCLER,3,1,4
SINESIA,3,1,4
SMERLING,3,1,4
SODI,3,1,4
SONEA,3,1,4
SOPHIE,3,1,4
SOSA,3,1,4
SUHAM,3,1,4
SULA,3,1,4
SUMARIA,3,1,4
SURMA,3,1,4
SVEN,3,1,4
T,3,1,4
TAI,3,1,4
TAURINA,3,1,4
THALIA,3,1,4
TRILBY,3,1,4
TROADIA,3,1,4
UNVERTO,3,1,4
URCINIO,3,1,4
UREYDA,3,1,4
URSINDA,3,1,4
USIAS,3,1,4
UWE,3,1,4
VALENCIO,3,1,4
VANCE,3,1,4
VAUDILIA,3,1,4
VEDER,3,1,4
VERNALDA,3,1,4
VERNARDINO,3,1,4
VIENBENIDA,3,1,4
WAI,3,1,4
WALDORF,3,1,4
WILDE,3,1,4
WILGHEN,3,1,4
WILLAMS,3,1,4
WILLYS,3,1,4
WILMERS,3,1,4
WILNER,3,1,4
WINFIELD,3,1,4
WINIDILDA,3,1,4
WINTON,3,1,4
XOCHILL,3,1,4
YAKLIN,3,1,4
YALIN,3,1,4
YAMALAT,3,1,4
YANIBIS,3,1,4
YANSSY,3,1,4
YARIZA,3,1,4
YASSAR,3,1,4
YELENI,3,1,4
YELMAN,3,1,4
YENNIS,3,1,4
YENSIN,3,1,4
YIM,3,1,4
YINIER,3,1,4
YOHNNY,3,1,4
YORDINA,3,1,4
YOU,3,1,4
YUDA,3,1,4
YURINA,3,1,4
YVIS,3,1,4
ZUANI,3,1,4
ZURI,3,1,4
ZURISADAI,3,1,4
ABRAHANA,4,0,4
ACILA,4,0,4
ACLAINA,4,0,4
ACSEL,4,0,4
ADAS,4,0,4
ADDA,4,0,4
ADELFIO,4,0,4
ADELMIS,4,0,4
ADILDA,4,0,4
ADO,4,0,4
ADOLFITO,4,0,4
ADONADIN,4,0,4
ADRINA,4,0,4
ALBEN,4,0,4
ALENE,4,0,4
ALIANA,4,0,4
ALLIS,4,0,4
ALLISSON,4,0,4
ANDRIA,4,0,4
ANGGIE,4,0,4
ANLLY,4,0,4
ANMY,4,0,4
ANUAL,4,0,4
APRIL,4,0,4
ARABELIS,4,0,4
ARIELA,4,0,4
ARLIM,4,0,4
ARLYS,4,0,4
ARVEY,4,0,4
ASHBY,4,0,4
AURY,4,0,4
AUSTRE,4,0,4
AXSA,4,0,4
BANS,4,0,4
BANUEL,4,0,4
BARTALOME,4,0,4
BASNY,4,0,4
BEBERLIN,4,0,4
BEIRA,4,0,4
BELCIN,4,0,4
BELGIN,4,0,4
BELTI,4,0,4
BEMJAMIN,4,0,4
BENNIE,4,0,4
BERI,4,0,4
BERNI,4,0,4
BERTELINA,4,0,4
BERTICO,4,0,4
BESICA,4,0,4
BESIN,4,0,4
BESLY,4,0,4
BEZZY,4,0,4
BIEN,4,0,4
BILSA,4,0,4
BIOLA,4,0,4
BIVINA,4,0,4
BLANA,4,0,4
BLENDER,4,0,4
BOLIA,4,0,4
BRAUDILIO,4,0,4
BRISIO,4,0,4
CALOS,4,0,4
CANDIA,4,0,4
CELEDONEO,4,0,4
CELFIA,4,0,4
CELSON,4,0,4
CENIS,4,0,4
CERBIO,4,0,4
CERJIA,4,0,4
CERJIO,4,0,4
CEYLI,4,0,4
CEYLIN,4,0,4
CHRISTIANNE,4,0,4
CIPRIAN,4,0,4
CLAIDICIA,4,0,4
CLERIS,4,0,4
CLIPTON,4,0,4
CLOE,4,0,4
CLORINDO,4,0,4
CRISLY,4,0,4
CRISPINO,4,0,4
CRISTIANS,4,0,4
DAGNA,4,0,4
DAGNI,4,0,4
DAIRY,4,0,4
DALCI,4,0,4
DALMIN,4,0,4
DALSI,4,0,4
DANNYS,4,0,4
DAPHNEY,4,0,4
DARSI,4,0,4
DAURI,4,0,4
DAYBY,4,0,4
DAYRON,4,0,4
DEILIN,4,0,4
DEISEY,4,0,4
DELKIN,4,0,4
DELQUI,4,0,4
DELVY,4,0,4
DELVYN,4,0,4
DENUAN,4,0,4
DERGUIN,4,0,4
DERIC,4,0,4
DERLING,4,0,4
DESLI,4,0,4
DESNY,4,0,4
DEVIR,4,0,4
DEYCIS,4,0,4
DEYLI,4,0,4
DEYLIS,4,0,4
DEYNE,4,0,4
DICSON,4,0,4
DICXA,4,0,4
DIDO,4,0,4
DILFIDO,4,0,4
DIMARA,4,0,4
DINARDO,4,0,4
DINGA,4,0,4
DINI,4,0,4
DINOLIA,4,0,4
DIONIDES,4,0,4
DIORIS,4,0,4
DIOS,4,0,4
DIRNIA,4,0,4
DISIDORO,4,0,4
DISMA,4,0,4
DIXCIA,4,0,4
DIXSI,4,0,4
DIXSY,4,0,4
DOLCA,4,0,4
DOLI,4,0,4
DOLMIS,4,0,4
DORLA,4,0,4
DORLIN,4,0,4
DOYLIN,4,0,4
DRIDIS,4,0,4
DUGLAN,4,0,4
DURQUI,4,0,4
EBANJELINA,4,0,4
EDALBERTO,4,0,4
EDD,4,0,4
EDDITH,4,0,4
EDEMOR,4,0,4
EDGART,4,0,4
EDILKA,4,0,4
EDLER,4,0,4
EDOARDO,4,0,4
EDRIN,4,0,4
EDULIN,4,0,4
EDWIL,4,0,4
EDWIM,4,0,4
EDWIND,4,0,4
EGDY,4,0,4
EGLY,4,0,4
EGRIPINO,4,0,4
EGWIN,4,0,4
EIMY,4,0,4
EINA,4,0,4
ELBIO,4,0,4
ELCIS,4,0,4
ELDAA,4,0,4
ELDRIN,4,0,4
ELESTER,4,0,4
ELIFONSO,4,0,4
ELITRUDIS,4,0,4
ELKIS,4,0,4
ELKYN,4,0,4
ELMYS,4,0,4
ELTHON,4,0,4
ELTY,4,0,4
ELVIM,4,0,4
ELYIN,4,0,4
ELZER,4,0,4
ENDDY,4,0,4
ENGNA,4,0,4
ENIE,4,0,4
ENRRIN,4,0,4
ERESMINA,4,0,4
ERGAR,4,0,4
ERINA,4,0,4
ERING,4,0,4
ERQUIN,4,0,4
ERZO,4,0,4
ESDRULFO,4,0,4
ESMAEL,4,0,4
ESMERINDA,4,0,4
ESPINAL,4,0,4
ESQUIN,4,0,4
ESSER,4,0,4
ETLEN,4,0,4
ETURBIDES,4,0,4
EUFRASIO,4,0,4
EUTIMIA,4,0,4
EVALAINA,4,0,4
EVES,4,0,4
EWARD,4,0,4
EXSA,4,0,4
EYDEL,4,0,4
EYDIN,4,0,4
EYMA,4,0,4
EYNAR,4,0,4
FAMNY,4,0,4
FANCY,4,0,4
FANNIA,4,0,4
FATY,4,0,4
FEDIS,4,0,4
FEIZAL,4,0,4
FELIN,4,0,4
FELISCITO,4,0,4
FENY,4,0,4
FILIVERTO,4,0,4
FLOREN,4,0,4
FLORESNILA,4,0,4
FRACISCA,4,0,4
FRANCIN,4,0,4
FRANDER,4,0,4
FREDERIC,4,0,4
FREDISMAN,4,0,4
FREDLY,4,0,4
FRYDA,4,0,4
FULBIO,4,0,4
GARNELL,4,0,4
GARVIN,4,0,4
GEBER,4,0,4
GEIDA,4,0,4
GEIMY,4,0,4
GEISY,4,0,4
GELA,4,0,4
GELIM,4,0,4
GELMY,4,0,4
GELSIN,4,0,4
GENDRIS,4,0,4
GENDY,4,0,4
GERBERT,4,0,4
GERBY,4,0,4
GERCY,4,0,4
GERIN,4,0,4
GERSI,4,0,4
GERVY,4,0,4
GEXON,4,0,4
GIDIA,4,0,4
GIERSON,4,0,4
GILCIA,4,0,4
GIMMY,4,0,4
GIRMA,4,0,4
GIXI,4,0,4
GLANDA,4,0,4
GLARIS,4,0,4
GLDYS,4,0,4
GLEDIA,4,0,4
GLEYDA,4,0,4
GLEYDI,4,0,4
GLIDA,4,0,4
GLINNY,4,0,4
GORIA,4,0,4
GRADYS,4,0,4
GREIS,4,0,4
GRENDY,4,0,4
GRESI,4,0,4
GRETCHEN,4,0,4
GRETTY,4,0,4
GREULY,4,0,4
GREVING,4,0,4
GUAYO,4,0,4
GUEDIA,4,0,4
GUILMA,4,0,4
GWENDOLINE,4,0,4
GWENDOLYNE,4,0,4
HADALINDA,4,0,4
HALDO,4,0,4
HANLLY,4,0,4
HANNER,4,0,4
HARLO,4,0,4
HARRI,4,0,4
HARRIETH,4,0,4
HEDER,4,0,4
HEDGAR,4,0,4
HELLIN,4,0,4
HEMY,4,0,4
HENSY,4,0,4
HERCULEANO,4,0,4
HERIKA,4,0,4
HERLI,4,0,4
HERMELITO,4,0,4
HESLI,4,0,4
HESSIE,4,0,4
HEYDIN,4,0,4
HEYLEL,4,0,4
HEYLER,4,0,4
HIBIS,4,0,4
HILCA,4,0,4
HILKA,4,0,4
HILMAR,4,0,4
HISIDORO,4,0,4
HONIS,4,0,4
HONRRY,4,0,4
HOSVAN,4,0,4
HUGUER,4,0,4
HUMBERT,4,0,4
HUMERCINDA,4,0,4
ICZA,4,0,4
IDIN,4,0,4
IGDA,4,0,4
ILCY,4,0,4
ILIAM,4,0,4
ILIS,4,0,4
ILYA,4,0,4
INGRE,4,0,4
INGREED,4,0,4
INGRISD,4,0,4
ISISS,4,0,4
ISLY,4,0,4
ISMADEL,4,0,4
ISVI,4,0,4
ITSA,4,0,4
IVIX,4,0,4
IVIZ,4,0,4
IVYS,4,0,4
J.ANTONIO,4,0,4
J.DOLORES,4,0,4
J.FELIX,4,0,4
J.LUIS,4,0,4
J.ROSA,4,0,4
JAHEL,4,0,4
JAIMER,4,0,4
JAMEL,4,0,4
JANCI,4,0,4
JANSIS,4,0,4
JANSON,4,0,4
JARA,4,0,4
JARLEN,4,0,4
JARMI,4,0,4
JAYDI,4,0,4
JAYMEN,4,0,4
JAYRA,4,0,4
JEIMI,4,0,4
JEIVY,4,0,4
JELY,4,0,4
JENER,4,0,4
JENNHI,4,0,4
JENRIS,4,0,4
JEORJINA,4,0,4
JERBIN,4,0,4
JESIS,4,0,4
JESLIN,4,0,4
JESSER,4,0,4
JESSYKA,4,0,4
JEXI,4,0,4
JHENNY,4,0,4
JHONYS,4,0,4
JILLIAN,4,0,4
JIMYN,4,0,4
JINMI,4,0,4
JOGLY,4,0,4
JOHNI,4,0,4
JOHNNI,4,0,4
JON,4,0,4
JONER,4,0,4
JONNIS,4,0,4
JONNYS,4,0,4
JORDY,4,0,4
JOSE  FRANCISCO,4,0,4
JOSE  SANTOS,4,0,4
JOSY,4,0,4
JUBEN,4,0,4
JUDDY,4,0,4
JULIANO,4,0,4
JUNIE,4,0,4
JURI,4,0,4
JUZTA,4,0,4
KASLA,4,0,4
KATHIE,4,0,4
KAYRA,4,0,4
KEDIN,4,0,4
KELEN,4,0,4
KELMAN,4,0,4
KELSI,4,0,4
KENCI,4,0,4
KENJY,4,0,4
KERBY,4,0,4
KERSY,4,0,4
KETHY,4,0,4
KEYLEEN,4,0,4
KEYVI,4,0,4
KEYVIN,4,0,4
KLENIER,4,0,4
KOLMAR,4,0,4
KONY,4,0,4
KRISTIAM,4,0,4
LANDAN,4,0,4
LARDIN,4,0,4
LAURENT,4,0,4
LEDBIN,4,0,4
LEDMAN,4,0,4
LEIDER,4,0,4
LEILE,4,0,4
LEIVIA,4,0,4
LELBY,4,0,4
LELSY,4,0,4
LEMNY,4,0,4
LENIDA,4,0,4
LENSI,4,0,4
LENSY,4,0,4
LESBYN,4,0,4
LESLIEE,4,0,4
LEVER,4,0,4
LEYDEE,4,0,4
LEYDER,4,0,4
LEYLAN,4,0,4
LEYRA,4,0,4
LICARIO,4,0,4
LICCIA,4,0,4
LIDISE,4,0,4
LIDNA,4,0,4
LIESI,4,0,4
LIGNA,4,0,4
LINARES,4,0,4
LINSY,4,0,4
LIZY,4,0,4
LLILIAN,4,0,4
LOBERTINA,4,0,4
LOLIN,4,0,4
LONY,4,0,4
LORENCIA,4,0,4
LUCIAN,4,0,4
LUILLY,4,0,4
LUIYI,4,0,4
LUPEMARIA,4,0,4
LUSIANA,4,0,4
LUXY,4,0,4
MA CONCEPCION,4,0,4
MA. SANTOS,4,0,4
MA.DIGNA,4,0,4
MA.DOMINGA,4,0,4
MA.GUADALUPE,4,0,4
MA.IRMA,4,0,4
MA.JULIA,4,0,4
MA.MARTINA,4,0,4
MA.SALOME,4,0,4
MA.SUYAPA,4,0,4
MABLE,4,0,4
MADRICIA,4,0,4
MAGBIS,4,0,4
MAGDI,4,0,4
MAGDY,4,0,4
MAIK,4,0,4
MALCOS,4,0,4
MALVA,4,0,4
MANFRE,4,0,4
MARCIN,4,0,4
MARGI,4,0,4
MARIA  DE,4,0,4
MARIA  GLORIA,4,0,4
MARIA DIGNA,4,0,4
MARIA DOMITILA,4,0,4
MARIA EUFEMIA,4,0,4
MARIA PAULA,4,0,4
MARIELENA,4,0,4
MARLAN,4,0,4
MARLIA,4,0,4
MARLYNG,4,0,4
MARNY,4,0,4
MARTALY,4,0,4
MARTHE,4,0,4
MARYURE,4,0,4
MARZA,4,0,4
MAUGDA,4,0,4
MAULIO,4,0,4
MAUXIMILIANO,4,0,4
MAVY,4,0,4
MAYNA,4,0,4
MEGAN,4,0,4
MEICY,4,0,4
MELANO,4,0,4
MELCI,4,0,4
MELCIN,4,0,4
MELCIS,4,0,4
MELDY,4,0,4
MELES,4,0,4
MELGEN,4,0,4
MELGI,4,0,4
MELGIAN,4,0,4
MELIOS,4,0,4
MELLSIS,4,0,4
MELVILLE,4,0,4
MENFI,4,0,4
MENY,4,0,4
MERGIN,4,0,4
MERLIG,4,0,4
MEXER,4,0,4
MEYBER,4,0,4
MILDO,4,0,4
MILEYVI,4,0,4
MILNA,4,0,4
MILVER,4,0,4
MILZON,4,0,4
MIMA,4,0,4
MINIA,4,0,4
MIUREL,4,0,4
MORBIN,4,0,4
MUFFDIL,4,0,4
NABIA,4,0,4
NACHO,4,0,4
NAIDY,4,0,4
NAILA,4,0,4
NANCIBEL,4,0,4
NANCYS,4,0,4
NARLIN,4,0,4
NARLYN,4,0,4
NASSY,4,0,4
NATALEE,4,0,4
NAUDIN,4,0,4
NAVY,4,0,4
NAZLY,4,0,4
NEBIN,4,0,4
NECTOR,4,0,4
NECY,4,0,4
NEDDY,4,0,4
NEISA,4,0,4
NEIVY,4,0,4
NELSOM,4,0,4
NELYI,4,0,4
NEPTIS,4,0,4
NESI,4,0,4
NESLA,4,0,4
NESSIE,4,0,4
NESTA,4,0,4
NETTY,4,0,4
NEXER,4,0,4
NEYCI,4,0,4
NIA,4,0,4
NICSIA,4,0,4
NIVIAN,4,0,4
NODYS,4,0,4
NOLBAN,4,0,4
NOLTAN,4,0,4
NOR,4,0,4
NORMALICIA,4,0,4
NORVA,4,0,4
NORVI,4,0,4
NORVIS,4,0,4
NUESTRA SEËORA,4,0,4
NULBIO,4,0,4
NULIA,4,0,4
NURIAR,4,0,4
OCRAN,4,0,4
ODELIO,4,0,4
ODES,4,0,4
ODILIAN,4,0,4
OFEL,4,0,4
OJER,4,0,4
OLIVIN,4,0,4
OLMY,4,0,4
OLSMAN,4,0,4
OMNIDAS,4,0,4
ORGEL,4,0,4
ORIA,4,0,4
ORNAL,4,0,4
ORPA,4,0,4
OSACAR,4,0,4
OSACR,4,0,4
OSAR,4,0,4
PANTALIONA,4,0,4
PASCACIA,4,0,4
PASTORINA,4,0,4
PEGY,4,0,4
PHIL,4,0,4
PHILIS,4,0,4
PLACENTINO,4,0,4
PUBLIA,4,0,4
QUEILY,4,0,4
QUERLIN,4,0,4
QUEYLA,4,0,4
RELIS,4,0,4
RENDY,4,0,4
RENNE,4,0,4
REUMBERTO,4,0,4
REYMAN,4,0,4
REYMI,4,0,4
RHODA,4,0,4
RIDELL,4,0,4
RIMA,4,0,4
RIVEN,4,0,4
RIXSA,4,0,4
RIXZA,4,0,4
RODELMIRO,4,0,4
RODIANA,4,0,4
ROLFE,4,0,4
RONES,4,0,4
ROSALITA,4,0,4
ROSELENA,4,0,4
ROSIE,4,0,4
ROTHER,4,0,4
RUDBIN,4,0,4
RUI,4,0,4
SABDI,4,0,4
SADITA,4,0,4
SAILA,4,0,4
SAMSON,4,0,4
SANCHEZ,4,0,4
SANTOA,4,0,4
SANY,4,0,4
SAUDIA,4,0,4
SAYDE,4,0,4
SAYIRA,4,0,4
SECIL,4,0,4
SECONDINO,4,0,4
SELBYN,4,0,4
SELVINA,4,0,4
SEYDIN,4,0,4
SEYLY,4,0,4
SEYNA,4,0,4
SHEILLA,4,0,4
SHELA,4,0,4
SHEYLAN,4,0,4
SHIONY,4,0,4
SHIRLLEY,4,0,4
SIDY,4,0,4
SILBER,4,0,4
SILFIDA,4,0,4
SILKE,4,0,4
SILMER,4,0,4
SILVINIO,4,0,4
SINDEY,4,0,4
SIRCE,4,0,4
SIRLEN,4,0,4
SIRLES,4,0,4
SOISLA,4,0,4
SOLBIN,4,0,4
SOLIDA,4,0,4
SONJA,4,0,4
SOYNER,4,0,4
SULIAN,4,0,4
SURA,4,0,4
SUZAN,4,0,4
SYNIA,4,0,4
TANNYA,4,0,4
TAREK,4,0,4
TERLI,4,0,4
THERLY,4,0,4
THIRSA,4,0,4
TIANA,4,0,4
TILMA,4,0,4
TIRSON,4,0,4
TIRZAH,4,0,4
TONA,4,0,4
UBENCESLAO,4,0,4
UBIL,4,0,4
ULMA,4,0,4
VAIRO,4,0,4
VANGIE,4,0,4
VANI,4,0,4
VELQUIN,4,0,4
VELQUIZ,4,0,4
VESIS,4,0,4
VESNA,4,0,4
VESSY,4,0,4
VILMIA,4,0,4
VLANCA,4,0,4
WALBER,4,0,4
WALIS,4,0,4
WATER,4,0,4
WELDER,4,0,4
WENCELAO,4,0,4
WENDA,4,0,4
WENSY,4,0,4
WESLYN,4,0,4
WILDIN,4,0,4
WILFREDA,4,0,4
WILIBRAN,4,0,4
WISTHON,4,0,4
WUESLY,4,0,4
WUILDA,4,0,4
WULMER,4,0,4
XIAO,4,0,4
XIONY,4,0,4
YACLIN,4,0,4
YAKY,4,0,4
YALVIS,4,0,4
YAUDY,4,0,4
YAXKIN,4,0,4
YECSY,4,0,4
YEFFREY,4,0,4
YEHIMY,4,0,4
YEHRING,4,0,4
YEINI,4,0,4
YENIY,4,0,4
YENNA,4,0,4
YERICA,4,0,4
YERSSON,4,0,4
YERVIN,4,0,4
YETI,4,0,4
YEYSON,4,0,4
YIDA,4,0,4
YIXI,4,0,4
YIYE,4,0,4
YLDEFONZO,4,0,4
YOISY,4,0,4
YOLBA,4,0,4
YORLI,4,0,4
YOSLIN,4,0,4
YUBER,4,0,4
YUBIS,4,0,4
YUNNY,4,0,4
YURLIN,4,0,4
ZADDY,4,0,4
ZANIA,4,0,4
ZEILY,4,0,4
ZEIRA,4,0,4
ZENDY,4,0,4
ZEYDI,4,0,4
ZINTIA,4,0,4
ZULIN,4,0,4
ZULMI,4,0,4
ABADID,0,3,3
ABDEEL,0,3,3
ABIGAID,0,3,3
ABIMAIL,0,3,3
ACALI,0,3,3
ADALESKA,0,3,3
ADALIZ,0,3,3
ADALYS,0,3,3
ADAMILTON,0,3,3
ADANEY,0,3,3
ADANIAS,0,3,3
ADANIS,0,3,3
ADDEL,0,3,3
ADDRUBAL,0,3,3
ADELBY,0,3,3
ADELE,0,3,3
ADEMIO,0,3,3
ADENCE,0,3,3
ADENIO,0,3,3
ADHEMIR,0,3,3
ADILCIO,0,3,3
ADILI,0,3,3
ADILY,0,3,3
ADMINDA,0,3,3
ADONAIN,0,3,3
ADONIL,0,3,3
ADONNY,0,3,3
ADRUBAL,0,3,3
AFRAIN,0,3,3
AGDUL,0,3,3
AGELINA,0,3,3
AGUINO,0,3,3
ALACOQUE,0,3,3
ALBA ARGENTINA,0,3,3
ALBANIO,0,3,3
ALBELY,0,3,3
ALBERIA,0,3,3
ALCANGER,0,3,3
ALCEDES,0,3,3
ALDANI,0,3,3
ALDANY,0,3,3
ALDENI,0,3,3
ALDOLFO,0,3,3
ALEGRIA,0,3,3
ALEIS,0,3,3
ALENIS,0,3,3
ALENXANDER,0,3,3
ALETZANDER,0,3,3
ALEXANDAR,0,3,3
ALEXIX,0,3,3
ALEYDINA,0,3,3
ALFIDIA,0,3,3
ALIAZAR,0,3,3
ALICED,0,3,3
ALICENIA,0,3,3
ALICEP,0,3,3
ALINTON,0,3,3
ALISEX,0,3,3
ALIUD,0,3,3
ALMANTINA,0,3,3
ALMED,0,3,3
ALMEYDA,0,3,3
ALMIR,0,3,3
ALOSO,0,3,3
AMADIS,0,3,3
AMARILY,0,3,3
AMAY,0,3,3
AMILET,0,3,3
ANA RUTH,0,3,3
ANA SUYAPA,0,3,3
ANABELYS,0,3,3
ANACSEL,0,3,3
ANALAI,0,3,3
ANALIT,0,3,3
ANALIZETH,0,3,3
ANAQUELY,0,3,3
ANARIVA,0,3,3
ANARY,0,3,3
ANAVEY,0,3,3
ANAYSEL,0,3,3
ANDRADIS,0,3,3
ANDREANA,0,3,3
ANDRIAN,0,3,3
ANDRUBAL,0,3,3
ANGEL ALFONSO,0,3,3
ANGEL ARTURO,0,3,3
ANGEL DAVID,0,3,3
ANGEL JESUS,0,3,3
ANGEL MANUEL,0,3,3
ANGEL RENE,0,3,3
ANGEL RICARDO,0,3,3
ANGEL ROBERTO,0,3,3
ANGELI,0,3,3
ANIBET,0,3,3
ANICEL,0,3,3
ANILEGNA,0,3,3
ANISEL,0,3,3
ANISETH,0,3,3
ANJELICA,0,3,3
ANT,0,3,3
ANTEPORTE,0,3,3
ANTOINETTE,0,3,3
ANTONE,0,3,3
ANTONEY,0,3,3
ANTONIO ABAD,0,3,3
ANTONIO DE JESU,0,3,3
ANTONIOO,0,3,3
ANTONO,0,3,3
ANUEL,0,3,3
AQUILEA,0,3,3
ARACELINA,0,3,3
ARANY,0,3,3
ARASEL,0,3,3
ARASIL,0,3,3
ARAZELIS,0,3,3
ARCANJEL,0,3,3
ARCHIBALDO,0,3,3
ARCHIVALDO,0,3,3
ARDEN,0,3,3
ARECELI,0,3,3
ARELID,0,3,3
AREOPAGITA,0,3,3
ARESTILA,0,3,3
ARICETH,0,3,3
ARISMENDY,0,3,3
ARISTA,0,3,3
ARISTE,0,3,3
ARLINI,0,3,3
ARMANDO VIDAL,0,3,3
ARNOBIO,0,3,3
AROLDY,0,3,3
ARQUIMERES,0,3,3
ARSENIS,0,3,3
ARSU,0,3,3
ARYANE,0,3,3
ASCENCIO,0,3,3
ASMABET,0,3,3
ATKIN,0,3,3
ATONIO,0,3,3
ATTONIEL,0,3,3
AUDIDES,0,3,3
AUDINO,0,3,3
AUSTERIO,0,3,3
AUSTRALIA,0,3,3
AVADEZA,0,3,3
AVEDAY,0,3,3
AVELICIA,0,3,3
AVELINE,0,3,3
AVIEL,0,3,3
AVINAEL,0,3,3
AXELY,0,3,3
AYONY,0,3,3
AZTUL,0,3,3
AZUCEL,0,3,3
AZUSANA,0,3,3
BALDOMER,0,3,3
BATISTA,0,3,3
BAUSTITA,0,3,3
BAUTILIO,0,3,3
BEAVID,0,3,3
BECSABE,0,3,3
BECSAIDA,0,3,3
BECSEY,0,3,3
BEGONIA,0,3,3
BEHAVID,0,3,3
BELA,0,3,3
BELIBARDO,0,3,3
BELTHRAN,0,3,3
BELZABETH,0,3,3
BENEFRINDA,0,3,3
BERCELLI,0,3,3
BERCELLY,0,3,3
BERMIDEZ,0,3,3
BERSABET,0,3,3
BERTA MARINA,0,3,3
BERTANA,0,3,3
BERTHA ALICIA,0,3,3
BERTHA LIDIA,0,3,3
BERTHO,0,3,3
BETHENIA,0,3,3
BETHSAYDA,0,3,3
BETSABEL,0,3,3
BETSABET,0,3,3
BETZABET,0,3,3
BEXAYDA,0,3,3
BEZEC,0,3,3
BIANEL,0,3,3
BIDAIL,0,3,3
BIGAIL,0,3,3
BILONEY,0,3,3
BINICIA,0,3,3
BITALIA,0,3,3
BIYANEY,0,3,3
BLACINDA,0,3,3
BLANCA MIRIAN,0,3,3
BLANCA NIEVES,0,3,3
BLAS ELPIDIO,0,3,3
BLAS ERASMO,0,3,3
BONWELL,0,3,3
BRICILA,0,3,3
BRIGGETH,0,3,3
BRISEIDA,0,3,3
CALAZANCIO,0,3,3
CALIN,0,3,3
CARDONA,0,3,3
CAREL,0,3,3
CARIBEL,0,3,3
CARLOS MANUEL,0,3,3
CARMIÑA,0,3,3
CAROLI,0,3,3
CATALICIA,0,3,3
CEDILETH,0,3,3
CELESTINE,0,3,3
CERBANDA,0,3,3
CHE,0,3,3
CHURCHILL,0,3,3
CLARETT,0,3,3
CLARICSA,0,3,3
CLAUDEL,0,3,3
CLAUDETHE,0,3,3
CLAUDIETH,0,3,3
CLEOFIS,0,3,3
CLIOFAS,0,3,3
CONCECPCION,0,3,3
CONCEPCION S,0,3,3
CONSTANTINE,0,3,3
CORCINA,0,3,3
CORIXIA,0,3,3
CORNELIUS,0,3,3
COSTLY,0,3,3
CRICELIA,0,3,3
CUSTODIA,0,3,3
D JESUS,0,3,3
DADEYBA,0,3,3
DAGMA,0,3,3
DAMISELY,0,3,3
DANAEL,0,3,3
DANALI,0,3,3
DANELA,0,3,3
DANESKA,0,3,3
DANEXSY,0,3,3
DANIVIA,0,3,3
DANNESI,0,3,3
DANNETTE,0,3,3
DANNEY,0,3,3
DANORA,0,3,3
DARIDIA,0,3,3
DAVID ANTONIO,0,3,3
DAWSON,0,3,3
DAYONARA,0,3,3
DE AMERICA,0,3,3
DE ANGELES,0,3,3
DE ARCO,0,3,3
DE AZUCENA,0,3,3
DE BORJAS,0,3,3
DE EL ROSARIO,0,3,3
DE ISABEL,0,3,3
DE LA MERCED,0,3,3
DE LELIS,0,3,3
DE LIMA,0,3,3
DE LOURDE,0,3,3
DE MALTA,0,3,3
DE MATAS,0,3,3
DE MILAGRO,0,3,3
DE NAVIDAD,0,3,3
DEANET,0,3,3
DEIFILIA,0,3,3
DEL     CARMEN,0,3,3
DEL  TRANCITO,0,3,3
DEL LOS ANGELES,0,3,3
DEL ROSIO,0,3,3
DELA PAZ,0,3,3
DELBERTO,0,3,3
DELCIDE,0,3,3
DELUBINA,0,3,3
DEMIR,0,3,3
DENESSA,0,3,3
DENIZA,0,3,3
DEOGRAN,0,3,3
DEPORTAN,0,3,3
DIDALIA,0,3,3
DIDAY,0,3,3
DIDUBINA,0,3,3
DILEIDA,0,3,3
DIMITRE,0,3,3
DINELA,0,3,3
DINEYDA,0,3,3
DINOHRA,0,3,3
DINORIA,0,3,3
DIOJENES,0,3,3
DIOMEDIZ,0,3,3
DIOMERIS,0,3,3
DIONELCI,0,3,3
DIONERIS,0,3,3
DIONERY,0,3,3
DOLINET,0,3,3
DONAIS,0,3,3
DONAYDO,0,3,3
DONELLY,0,3,3
DONETH,0,3,3
DORA LUZ,0,3,3
DORIXA,0,3,3
DOSS,0,3,3
DUBANI,0,3,3
DUBANNY,0,3,3
DULANI,0,3,3
DUPRAY,0,3,3
DUSLEY,0,3,3
DUVANI,0,3,3
EBET,0,3,3
EBRINET,0,3,3
EBULA,0,3,3
EDEIDA,0,3,3
EDEMILDA,0,3,3
EDERLY,0,3,3
EDMEE,0,3,3
EDOLIO,0,3,3
EDONI,0,3,3
EDONIA,0,3,3
EDUES,0,3,3
EDULINA,0,3,3
EFRED,0,3,3
EFRIDIO,0,3,3
EGDALIA,0,3,3
EGGERTON,0,3,3
EID,0,3,3
EIZABETH,0,3,3
ELCIDE,0,3,3
ELDUBI,0,3,3
ELEDENIA,0,3,3
ELENI,0,3,3
ELENTERIO,0,3,3
ELEOLDINA,0,3,3
ELEUD,0,3,3
ELIA ARGENTINA,0,3,3
ELICK,0,3,3
ELIJAH,0,3,3
ELILIANA,0,3,3
ELINORY,0,3,3
ELISABTH,0,3,3
ELISEC,0,3,3
ELISHABET,0,3,3
ELIXABETH,0,3,3
ELIZABED,0,3,3
ELIZABETY,0,3,3
ELIZEBETH,0,3,3
ELIZENDA,0,3,3
ELKANA,0,3,3
ELMARA,0,3,3
ELOC,0,3,3
ELOHINA,0,3,3
ELPIRIA,0,3,3
ELSA GLORIA,0,3,3
ELSA SUYAPA,0,3,3
ELUBANDO,0,3,3
ELUBIN,0,3,3
ELVIA ROSA,0,3,3
ELYNOR,0,3,3
EMAREL,0,3,3
EMELICIO,0,3,3
EMELISSA,0,3,3
EMERICA,0,3,3
EMIDU,0,3,3
EMIDUK,0,3,3
EMIXON,0,3,3
ENEFATIL,0,3,3
ENELID,0,3,3
ENERY,0,3,3
ENOELIO,0,3,3
ENOHELIA,0,3,3
ENRIQUE ANTONIO,0,3,3
ERAYDA,0,3,3
ERBINDO,0,3,3
ERENE,0,3,3
ERENESTO,0,3,3
ERIBAN,0,3,3
ERISABEL,0,3,3
ERMIDES,0,3,3
ERPIDIA,0,3,3
ERUDINDA,0,3,3
ESCARLOT,0,3,3
ESCOBAR,0,3,3
ESCOCIA,0,3,3
ESDGARDO,0,3,3
ESMARALDA,0,3,3
ESPEREANZA,0,3,3
ESPIDIO,0,3,3
ESPOSORIA,0,3,3
ESTARLEY,0,3,3
ESTELLE,0,3,3
ETELVIRA,0,3,3
EUDEZ,0,3,3
EUFRAGIA,0,3,3
EURICE,0,3,3
EVELIZ,0,3,3
EVELNI,0,3,3
EVENER,0,3,3
EVERLINA,0,3,3
EVILIN,0,3,3
EXCILIA,0,3,3
EXELA,0,3,3
FA,0,3,3
FABRISIO,0,3,3
FECUNDO,0,3,3
FELICIO,0,3,3
FELIGNA,0,3,3
FENG,0,3,3
FILETO,0,3,3
FLORIBET,0,3,3
FLORISBEL,0,3,3
FLORISDEY,0,3,3
FLORIVEL,0,3,3
FRANCINETH,0,3,3
FRANCISCO JAVIE,0,3,3
FULTON,0,3,3
FUNES,0,3,3
GABIN,0,3,3
GABRIE,0,3,3
GACELA,0,3,3
GADALA,0,3,3
GAMAR,0,3,3
GANG,0,3,3
GARBERT,0,3,3
GARDELA,0,3,3
GEANNIE,0,3,3
GEOVEL,0,3,3
GERALDINO,0,3,3
GERANDO,0,3,3
GERARDO ANTONIO,0,3,3
GERITZA,0,3,3
GEXOMINA,0,3,3
GEZABEL,0,3,3
GIMENA,0,3,3
GIRON,0,3,3
GLABIDEL,0,3,3
GLORIA ISABEL,0,3,3
GOLANY,0,3,3
GORETTY,0,3,3
GORETY,0,3,3
GOVANI,0,3,3
GRIFEL,0,3,3
GUILLEN,0,3,3
GUSTAVO ADOLFO,0,3,3
GYSEL,0,3,3
HAI,0,3,3
HAIN,0,3,3
HALBERTO,0,3,3
HAPUC,0,3,3
HARUM,0,3,3
HECTOR ANTONIO,0,3,3
HECTOR AUGUSTO,0,3,3
HECTOR MANUEL,0,3,3
HELOINA,0,3,3
HEMILIO,0,3,3
HENRIQUES,0,3,3
HENRRIQUETA,0,3,3
HENSON,0,3,3
HERINALDO,0,3,3
HERMILINDA,0,3,3
HERMISELDA,0,3,3
HERNEL,0,3,3
HIBERTO,0,3,3
HICEL,0,3,3
HIOBANY,0,3,3
HOHEMI,0,3,3
HOPKIN,0,3,3
HOWER,0,3,3
HUBENSE,0,3,3
HUMVERTO,0,3,3
IANTHY,0,3,3
IBEHT,0,3,3
IBELA,0,3,3
IBELIZ,0,3,3
IBRENET,0,3,3
IBRINETH,0,3,3
IDARELA,0,3,3
IDELCE,0,3,3
IDETT,0,3,3
IDUVIJES,0,3,3
IGDALIAS,0,3,3
IGSOLINA,0,3,3
III,0,3,3
ILIETH,0,3,3
ILITCH,0,3,3
INAI,0,3,3
INAVEL,0,3,3
INDELFONSO,0,3,3
INETH,0,3,3
INOCENTES,0,3,3
IOVANNY,0,3,3
IRACENIA,0,3,3
IRASEL,0,3,3
IRBELA,0,3,3
IRIS YOLANDA,0,3,3
IRMA ESPERANZA,0,3,3
IRRAIN,0,3,3
IRUBINA,0,3,3
IRUNDINA,0,3,3
ISAB,0,3,3
ISABAEL,0,3,3
ISABEL REYNA,0,3,3
ISABETT,0,3,3
ISALBEL,0,3,3
ISARRAEL,0,3,3
ISELIA,0,3,3
ISIDERIA,0,3,3
ISVEL,0,3,3
ISVETH,0,3,3
IVEETTE,0,3,3
IVELICE,0,3,3
IVONEY,0,3,3
IVONIA,0,3,3
IZAHI,0,3,3
IZELDA,0,3,3
IZENIA,0,3,3
IZMENIA,0,3,3
JACKQUELINE,0,3,3
JADYR,0,3,3
JAFETT,0,3,3
JAID,0,3,3
JAKELIM,0,3,3
JALIBETH,0,3,3
JAMELETH,0,3,3
JAMIEL,0,3,3
JAMITH,0,3,3
JANED,0,3,3
JANNEHT,0,3,3
JARITZA,0,3,3
JASABETH,0,3,3
JEANILETH,0,3,3
JEAQUELINA,0,3,3
JEHOBANNY,0,3,3
JENELLE,0,3,3
JENISSE,0,3,3
JEONETH,0,3,3
JEOVAMNY,0,3,3
JEOVANINA,0,3,3
JEXENIA,0,3,3
JHOVANI,0,3,3
JISELLA,0,3,3
JISELLE,0,3,3
JOBANA,0,3,3
JOCHEBED,0,3,3
JOHAMNA,0,3,3
JOHAO,0,3,3
JOHNES,0,3,3
JOHNNATAN,0,3,3
JOHOVANY,0,3,3
JONAC,0,3,3
JONETH,0,3,3
JOSE JESUS,0,3,3
JOSSEP,0,3,3
JOSSEPH,0,3,3
JOTAN,0,3,3
JOVANIA,0,3,3
JUDTIH,0,3,3
JULIA ARGENTINA,0,3,3
JULIA SUYAPA,0,3,3
JULIETE,0,3,3
JUSTA PASTORA,0,3,3
JUSTO ELIAS,0,3,3
JUVAN,0,3,3
KARELINE,0,3,3
KARIXA,0,3,3
KARTER,0,3,3
LA LUZ,0,3,3
LA PAZ,0,3,3
LADINA,0,3,3
LADIOS,0,3,3
LAMOUR,0,3,3
LARDY,0,3,3
LARELY,0,3,3
LAUN,0,3,3
LAURA ELENA,0,3,3
LAURIO,0,3,3
LEAO,0,3,3
LEARY,0,3,3
LEDANY,0,3,3
LEENIN,0,3,3
LEIDINA,0,3,3
LENID,0,3,3
LENINN,0,3,3
LEONETH,0,3,3
LESSETH,0,3,3
LEVIC,0,3,3
LEVIVI,0,3,3
LEYLANY,0,3,3
LIANIBETH,0,3,3
LIBEHT,0,3,3
LIBRADA,0,3,3
LICE,0,3,3
LICEIDA,0,3,3
LICETHE,0,3,3
LIDAVETH,0,3,3
LIDENNY,0,3,3
LIDIA DEL CARME,0,3,3
LILIAN SUYAPA,0,3,3
LILIBEL,0,3,3
LILIETT,0,3,3
LILIT,0,3,3
LINDETH,0,3,3
LINED,0,3,3
LINIBETH,0,3,3
LISEC,0,3,3
LISEET,0,3,3
LISEL,0,3,3
LISENDA,0,3,3
LISETTH,0,3,3
LISNETH,0,3,3
LISSEHT,0,3,3
LISSENIA,0,3,3
LIVINIA,0,3,3
LIXIANA,0,3,3
LIZATH,0,3,3
LIZVETH,0,3,3
LIZZETI,0,3,3
LLAMILEC,0,3,3
LLANE,0,3,3
LLANELI,0,3,3
LOIDE,0,3,3
LOISE,0,3,3
LONDINA,0,3,3
LORDANIA,0,3,3
LORIEL,0,3,3
LOVISE,0,3,3
LOVITA,0,3,3
LUCETTE,0,3,3
LUDIBET,0,3,3
LUIS ANDRES,0,3,3
LUIS ENRIQUE,0,3,3
LUISA ANTONIA,0,3,3
LUISE,0,3,3
LUPINA,0,3,3
LUTZ,0,3,3
LUZ AMERICA,0,3,3
LUZ DE JESUS,0,3,3
MABET,0,3,3
MACABEO,0,3,3
MACLOFIA,0,3,3
MACOY,0,3,3
MADDALENA,0,3,3
MADRIS,0,3,3
MAGDONI,0,3,3
MAGELLE,0,3,3
MAGELY,0,3,3
MAGLIN,0,3,3
MAGUELY,0,3,3
MAIDEE,0,3,3
MAIL,0,3,3
MAILETH,0,3,3
MAIRETH,0,3,3
MAISEL,0,3,3
MAJINA,0,3,3
MALEXI,0,3,3
MALLEL,0,3,3
MAMILIO,0,3,3
MANCIA,0,3,3
MANSER,0,3,3
MARABETH,0,3,3
MARACELI,0,3,3
MARACELY,0,3,3
MARADELI,0,3,3
MARALET,0,3,3
MARBELITH,0,3,3
MARBILA,0,3,3
MARBILU,0,3,3
MARCELIA,0,3,3
MARCELLE,0,3,3
MARCIDELIA,0,3,3
MARCOS HERMINIA,0,3,3
MARCOS TULIO,0,3,3
MAREILA,0,3,3
MARESY,0,3,3
MARET,0,3,3
MARI LUZ,0,3,3
MARIA CATALINA,0,3,3
MARIA JOSE,0,3,3
MARIAGNE,0,3,3
MARIBIA,0,3,3
MARICE,0,3,3
MARICET,0,3,3
MARILEY,0,3,3
MARILIC,0,3,3
MARILINE,0,3,3
MARILIZ,0,3,3
MARILZA,0,3,3
MARIMA,0,3,3
MARINELBIS,0,3,3
MARINOT,0,3,3
MARINY,0,3,3
MARISCEL,0,3,3
MARISELL,0,3,3
MARISSEL,0,3,3
MARIVY,0,3,3
MARIZET,0,3,3
MARLLORY,0,3,3
MARRIQUE,0,3,3
MARTHEL,0,3,3
MARTICILIA,0,3,3
MARYORIS,0,3,3
MASAEL,0,3,3
MATAS,0,3,3
MATIN,0,3,3
MAVELY,0,3,3
MAYARY,0,3,3
MAYRENE,0,3,3
MAYRONEL,0,3,3
MAZARELLA,0,3,3
MC KENLEY,0,3,3
MC KENLY,0,3,3
MEDALI,0,3,3
MEJELA,0,3,3
MELARI,0,3,3
MELEK,0,3,3
MELIO,0,3,3
MELIXZA,0,3,3
MERALI,0,3,3
MERECY,0,3,3
MERID,0,3,3
MERISA,0,3,3
MERLEDITH,0,3,3
MERQUIS,0,3,3
MICELANIA,0,3,3
MICELEN,0,3,3
MICHEAL,0,3,3
MICHELIN,0,3,3
MIDAY,0,3,3
MIDILIA,0,3,3
MIGUEL DE JESUS,0,3,3
MILAXI,0,3,3
MILEN,0,3,3
MIRNA YAMILETH,0,3,3
MISAIN,0,3,3
MONCERRATH,0,3,3
MONSERAT,0,3,3
MORADEL,0,3,3
MURRY,0,3,3
NABIDAD,0,3,3
NAGAI,0,3,3
NAHELIA,0,3,3
NAHON,0,3,3
NARAYA,0,3,3
NAREL,0,3,3
NASARE,0,3,3
NAVAEL,0,3,3
NAVILET,0,3,3
NAVILETH,0,3,3
NAYARIT,0,3,3
NAYIBE,0,3,3
NAZIRE,0,3,3
NECTABEL,0,3,3
NEDINIA,0,3,3
NEFET,0,3,3
NEON,0,3,3
NI,0,3,3
NICODEMO,0,3,3
NILSE,0,3,3
NINOZKA,0,3,3
NIVETH,0,3,3
NIXABEL,0,3,3
NIXELINA,0,3,3
NOBARINO,0,3,3
NOELDA,0,3,3
NOELYN,0,3,3
NOEMEL,0,3,3
NORTIEL,0,3,3
NORVELY,0,3,3
NOVELIS,0,3,3
NUNCIO,0,3,3
OBALDA,0,3,3
OBDEL,0,3,3
OBDONIEL,0,3,3
OBERLY,0,3,3
OBERTY,0,3,3
ODAIN,0,3,3
ODBERTO,0,3,3
ODDETH,0,3,3
ODILETH,0,3,3
ODILIC,0,3,3
ODONAY,0,3,3
ODWALDO,0,3,3
ODYLI,0,3,3
OLANDY,0,3,3
OLANO,0,3,3
OLEGORIO,0,3,3
OLFIDIA,0,3,3
OLIBALDO,0,3,3
OLINPIA,0,3,3
OLIRIO,0,3,3
OMAR ANTONIO,0,3,3
OMERI,0,3,3
ONACI,0,3,3
ONERIS,0,3,3
ONTONIEL,0,3,3
OQUELIY,0,3,3
ORBINA,0,3,3
ORIENTINA,0,3,3
ORLENSY,0,3,3
ORLINTO,0,3,3
ORMAR,0,3,3
OSCAR ANTONIO,0,3,3
OSCAR ARMANDO,0,3,3
OSDULIO,0,3,3
OSIDIS,0,3,3
OSILIS,0,3,3
OSMAIN,0,3,3
OSMELIN,0,3,3
OSNAY,0,3,3
OSUE,0,3,3
OTHOMAN,0,3,3
OVANIA,0,3,3
OVEDO,0,3,3
OVEDY,0,3,3
OVELI,0,3,3
OVELINDA,0,3,3
OWALDINA,0,3,3
PABLO ROBERTO,0,3,3
PEDRO PABLO,0,3,3
PERALTA,0,3,3
PEREZ,0,3,3
PETERSON,0,3,3
PININA,0,3,3
PITAGORAS,0,3,3
PONCE,0,3,3
PORFILIA,0,3,3
PRADYT,0,3,3
RABEL,0,3,3
RAE,0,3,3
RAFAEL ANTONIO,0,3,3
RAMON ALEJANDRO,0,3,3
RAMON ERNESTO,0,3,3
RANDELL,0,3,3
REINA SUYAPA,0,3,3
RENIE,0,3,3
RENNIERY,0,3,3
RENYERY,0,3,3
REONEL,0,3,3
REYNOLDS,0,3,3
RINIERY,0,3,3
RODELVIN,0,3,3
RODILVER,0,3,3
RODIMIR,0,3,3
RODINEY,0,3,3
ROME,0,3,3
ROMELI,0,3,3
RONELI,0,3,3
ROOPCHAND,0,3,3
ROQUE JACINTA,0,3,3
RORITZA,0,3,3
ROSA ADELIA,0,3,3
ROSA ALVA,0,3,3
ROSA AMADA,0,3,3
ROSA AMELIA,0,3,3
ROSA BLANCA,0,3,3
ROSA MARINA,0,3,3
ROSA NELY,0,3,3
ROSA RAMONA,0,3,3
ROSARI,0,3,3
ROSBELY,0,3,3
ROSDAN,0,3,3
ROSEVELT,0,3,3
ROSIBELTH,0,3,3
ROSMARA,0,3,3
ROSSANI,0,3,3
ROSSELINE,0,3,3
ROTSANA,0,3,3
ROXELY,0,3,3
RUBELI,0,3,3
RUBERTI,0,3,3
RUDELIA,0,3,3
RUHAMA,0,3,3
RUMEL,0,3,3
RUZ,0,3,3
SADIEL,0,3,3
SAGRAGIO,0,3,3
SALDARY,0,3,3
SAMADY,0,3,3
SAMAHEL,0,3,3
SAMAY,0,3,3
SANDRA MARIBEL,0,3,3
SANDRELY,0,3,3
SANTA ISABEL,0,3,3
SANTOS ALVINA,0,3,3
SANTOS ANA,0,3,3
SANTOS ANGELA,0,3,3
SANTOS CEFERINO,0,3,3
SANTOS DOMINGA,0,3,3
SANTOS ELIAS,0,3,3
SANTOS EUGENIO,0,3,3
SANTOS FABIAN,0,3,3
SANTOS FELICITA,0,3,3
SANTOS IGNACIO,0,3,3
SANTOS ISMAEL,0,3,3
SANTOS JACINTO,0,3,3
SANTOS JACOBO,0,3,3
SANTOS OVIDIO,0,3,3
SANTOS PAULA,0,3,3
SANTOS RAMON,0,3,3
SANTOS RUFINO,0,3,3
SANTOS SOFIA,0,3,3
SANTOS VIDAL,0,3,3
SARA DEL CARMEN,0,3,3
SARA ISABEL,0,3,3
SARABY,0,3,3
SARAYEN,0,3,3
SARIEL,0,3,3
SARODY,0,3,3
SEDETH,0,3,3
SERVELLON,0,3,3
SESIBEL,0,3,3
SHERINE,0,3,3
SHISELL,0,3,3
SICELIA,0,3,3
SICILIA,0,3,3
SILBA,0,3,3
SIMELY,0,3,3
SINARA,0,3,3
SINOEL,0,3,3
SIOMARI,0,3,3
SIRELDA,0,3,3
SISMAI,0,3,3
SIUMARA,0,3,3
SIVELY,0,3,3
SIXFREDO,0,3,3
SOHAN,0,3,3
SOLANI,0,3,3
SOLIZ,0,3,3
SOMAEL,0,3,3
SOMARI,0,3,3
SOREYA,0,3,3
STANLI,0,3,3
STARLIN,0,3,3
STEFAN,0,3,3
STEFANIE,0,3,3
STEVEEN,0,3,3
STEWARD,0,3,3
STIV,0,3,3
SUGEHY,0,3,3
SUGEIDY,0,3,3
SUGEL,0,3,3
SUGELIN,0,3,3
SUJEI,0,3,3
SUJEIRA,0,3,3
SULAI,0,3,3
SULENA,0,3,3
SULET,0,3,3
SUSELI,0,3,3
SUSSEL,0,3,3
SUSSET,0,3,3
SUZENA,0,3,3
TERESA JESUS,0,3,3
TERESO DE JESUS,0,3,3
THEODORA,0,3,3
TOMASA DE JESUS,0,3,3
UBENTINA,0,3,3
UDILIO,0,3,3
UMELIA,0,3,3
URVANA,0,3,3
USEBIO,0,3,3
UVANY,0,3,3
UVENTINA,0,3,3
VAIN,0,3,3
VALENTE,0,3,3
VALEZA,0,3,3
VALOIZ,0,3,3
VANESCA,0,3,3
VANESIA,0,3,3
VASILIA,0,3,3
VAUTISTA,0,3,3
VELINA,0,3,3
VENCENA,0,3,3
VENESA,0,3,3
VERALI,0,3,3
VERENIA,0,3,3
VERENICIA,0,3,3
VERENISSE,0,3,3
VERO,0,3,3
VICTIDIO,0,3,3
VICTOR ANTONIO,0,3,3
VIDABEL,0,3,3
VIDELA,0,3,3
VIDELIA,0,3,3
VIDENCE,0,3,3
VIDESMUNDO,0,3,3
VIGDELIO,0,3,3
VIGDONIA,0,3,3
VILLALDINA,0,3,3
VILLALTA,0,3,3
VILLANEL,0,3,3
VILMA ESPERANZA,0,3,3
VIRGENIS,0,3,3
WALEZKA,0,3,3
WENDALI,0,3,3
WO,0,3,3
WUALQUIDIA,0,3,3
Y DALIA,0,3,3
YABANI,0,3,3
YABETH,0,3,3
YACELIN,0,3,3
YACID,0,3,3
YACIRA,0,3,3
YACOUB,0,3,3
YADANI,0,3,3
YADILIA,0,3,3
YADIRE,0,3,3
YADIRIS,0,3,3
YAFETH,0,3,3
YAGAIRA,0,3,3
YAHIRIS,0,3,3
YAJAIRO,0,3,3
YAJANY,0,3,3
YAKELLINE,0,3,3
YALENIA,0,3,3
YALESKA,0,3,3
YALET,0,3,3
YALILL,0,3,3
YALINDA,0,3,3
YAMERI,0,3,3
YAMETH,0,3,3
YAMID,0,3,3
YAMILEK,0,3,3
YAMILEN,0,3,3
YAMINET,0,3,3
YAMINIA,0,3,3
YAMIRE,0,3,3
YAMITEL,0,3,3
YAMITET,0,3,3
YANAI,0,3,3
YANEDY,0,3,3
YANELLE,0,3,3
YANESSA,0,3,3
YANETEH,0,3,3
YANETI,0,3,3
YANICZA,0,3,3
YANID,0,3,3
YANIELETH,0,3,3
YANINETH,0,3,3
YANIREE,0,3,3
YANISEL,0,3,3
YANIVEL,0,3,3
YANMILETH,0,3,3
YAQUELENE,0,3,3
YAQUILETH,0,3,3
YARILET,0,3,3
YASID,0,3,3
YASMIL,0,3,3
YAXENIA,0,3,3
YEANETTE,0,3,3
YEANNETH,0,3,3
YECCENIA,0,3,3
YECELA,0,3,3
YEFERSON,0,3,3
YEFREN,0,3,3
YELANY,0,3,3
YENIBEL,0,3,3
YENILETH,0,3,3
YENISETH,0,3,3
YEOBANY,0,3,3
YERLENY,0,3,3
YESILLE,0,3,3
YESSETH,0,3,3
YESSILE,0,3,3
YIMABEL,0,3,3
YISELLE,0,3,3
YOBANIA,0,3,3
YOBILETH,0,3,3
YOENIS,0,3,3
YOGANY,0,3,3
YOGENIS,0,3,3
YOLADI,0,3,3
YOLAN,0,3,3
YOLANDIS,0,3,3
YOLENI,0,3,3
YOLIVE,0,3,3
YOLIZETH,0,3,3
YONELDA,0,3,3
YONELIX,0,3,3
YONETH,0,3,3
YONIBETH,0,3,3
YONIERY,0,3,3
YOSIBEL,0,3,3
YOSIL,0,3,3
YOSIRE,0,3,3
YOUSEF,0,3,3
YOVELY,0,3,3
YOVILETH,0,3,3
YUBITZA,0,3,3
YUDVINI,0,3,3
YUETTE,0,3,3
YUJANI,0,3,3
YULICE,0,3,3
YULISMA,0,3,3
YULIVETH,0,3,3
YUMARA,0,3,3
YUMISSA,0,3,3
YURIZAN,0,3,3
YUVILETH,0,3,3
YVETT,0,3,3
ZACHARIEL,0,3,3
ZALOME,0,3,3
ZAMARA,0,3,3
ZELINA,0,3,3
ZOAR,0,3,3
ZOILA ESPERANZA,0,3,3
ZUAMIR,0,3,3
ZUDORA,0,3,3
ZUGELY,0,3,3
ZURIEL,0,3,3
ABBDEL,1,2,3
ABIDAY,1,2,3
ABIGAY,1,2,3
ABISAIL,1,2,3
ABITA,1,2,3
ABRELIA,1,2,3
ABRELIO,1,2,3
ACEBEDO,1,2,3
ACEVES,1,2,3
ADALEYSI,1,2,3
ADALGIPSA,1,2,3
ADALIDA,1,2,3
ADALITZA,1,2,3
ADALIXA,1,2,3
ADALMINA,1,2,3
ADALSINDA,1,2,3
ADANERY,1,2,3
ADANIA,1,2,3
ADANIL,1,2,3
ADELAIDE,1,2,3
ADELDA,1,2,3
ADELFI,1,2,3
ADELITO,1,2,3
ADELIZ,1,2,3
ADENI,1,2,3
ADEYSI,1,2,3
ADJANY,1,2,3
ADLBERTO,1,2,3
ADME,1,2,3
ADOLIS,1,2,3
ADOMILIA,1,2,3
ADONAID,1,2,3
ADONAN,1,2,3
ADONEIDA,1,2,3
ADONELIA,1,2,3
ADONIN,1,2,3
AFREDO,1,2,3
AGATAN,1,2,3
AGNE,1,2,3
AICILDA,1,2,3
AILDA,1,2,3
AISLADA,1,2,3
AIXZA,1,2,3
ALANZ,1,2,3
ALAYN,1,2,3
ALBANI,1,2,3
ALCEDIS,1,2,3
ALCIRIS,1,2,3
ALCIVIADES,1,2,3
ALDALY,1,2,3
ALDEMIDA,1,2,3
ALDENY,1,2,3
ALDRICH,1,2,3
ALDUBERTO,1,2,3
ALDUVAL,1,2,3
ALEGARIO,1,2,3
ALESSI,1,2,3
ALEYCI,1,2,3
ALEYSIS,1,2,3
ALFRODICIO,1,2,3
ALILIA,1,2,3
ALILIAN,1,2,3
ALINYER,1,2,3
ALLI,1,2,3
ALLIN,1,2,3
ALNERIS,1,2,3
ALSIDE,1,2,3
ALTAGRASIA,1,2,3
AMADIZ,1,2,3
AMAIDA,1,2,3
AMALDA,1,2,3
AMANIEL,1,2,3
AMARAL,1,2,3
AMBERTO,1,2,3
AMEIDA,1,2,3
AMELEC,1,2,3
AMELISA,1,2,3
AMIBAR,1,2,3
AMILDO,1,2,3
AMIRIA,1,2,3
ANA   ROSA,1,2,3
ANA CONCEPCION,1,2,3
ANA IRIS,1,2,3
ANA JOSEFA,1,2,3
ANA ROSARIO,1,2,3
ANACIAS,1,2,3
ANAELA,1,2,3
ANAID,1,2,3
ANALEXI,1,2,3
ANALEYDA,1,2,3
ANALIX,1,2,3
ANATAN,1,2,3
ANAVELI,1,2,3
ANAVIL,1,2,3
ANAYA,1,2,3
ANCELA,1,2,3
ANDRELY,1,2,3
ANGELICA MARIA,1,2,3
ANGELIS,1,2,3
ANIBEL,1,2,3
ANILDO,1,2,3
ANILSA,1,2,3
ANISA,1,2,3
ANISIA,1,2,3
ANNELY,1,2,3
ANNERIS,1,2,3
ANNETTA,1,2,3
ANOEL,1,2,3
ANTIAS,1,2,3
APOLINIA,1,2,3
AQUIN,1,2,3
ARAMIZ,1,2,3
ARASSELY,1,2,3
ARBELICA,1,2,3
ARBELY,1,2,3
ARCALI,1,2,3
AREN,1,2,3
ARENI,1,2,3
AREXI,1,2,3
ARGEL,1,2,3
ARGUENTINA,1,2,3
ARICEMA,1,2,3
ARICIA,1,2,3
ARIE,1,2,3
ARIELY,1,2,3
ARILIA,1,2,3
ARIOSTO,1,2,3
ARISTILA,1,2,3
ARLIET,1,2,3
ARMENJOL,1,2,3
ARNARDA,1,2,3
ARNOLIA,1,2,3
ARONNY,1,2,3
ARSECIO,1,2,3
ARSINIA,1,2,3
ARTIME,1,2,3
ARTULIO,1,2,3
ARVELIO,1,2,3
ARYANIE,1,2,3
ARYENI,1,2,3
ASARAEL,1,2,3
ASCANIO,1,2,3
ASCARIA,1,2,3
ASCARIO,1,2,3
ASDUBAL,1,2,3
ASMINIA,1,2,3
ASTORIA,1,2,3
ASVEL,1,2,3
ATHALIA,1,2,3
ATLACATL,1,2,3
ATLIN,1,2,3
AUBDON,1,2,3
AUDALY,1,2,3
AUDVERTO,1,2,3
AUGENIO,1,2,3
AVENELL,1,2,3
AVIAIL,1,2,3
AVIDAEL,1,2,3
AVILEZ,1,2,3
AYDELI,1,2,3
AZIZE,1,2,3
BALMORY,1,2,3
BALTASARA,1,2,3
BARDO,1,2,3
BAUDINO,1,2,3
BAUSTISTINA,1,2,3
BECELIN,1,2,3
BECENIA,1,2,3
BECKET,1,2,3
BECTULIA,1,2,3
BEIS,1,2,3
BEISSY,1,2,3
BELICE,1,2,3
BELIDIA,1,2,3
BELKING,1,2,3
BELMALIN,1,2,3
BENEDIGTO,1,2,3
BENERADA,1,2,3
BENILDO,1,2,3
BENUBIA,1,2,3
BERLICIA,1,2,3
BERTA  LIDIA,1,2,3
BERTALY,1,2,3
BERTHIER,1,2,3
BERTHINA,1,2,3
BERTINO,1,2,3
BERTITA,1,2,3
BESAEL,1,2,3
BESAHI,1,2,3
BESALEL,1,2,3
BESANIA,1,2,3
BETA,1,2,3
BETEL,1,2,3
BETHINA,1,2,3
BETSAI,1,2,3
BEZALEEL,1,2,3
BIAO,1,2,3
BIDELMIR,1,2,3
BIGDALIA,1,2,3
BITALICIA,1,2,3
BLADINIR,1,2,3
BLANCA IRMA,1,2,3
BOHANERJES,1,2,3
BOMAN,1,2,3
BRICELVA,1,2,3
BRIGGITTE,1,2,3
BRINDIS,1,2,3
BRINDLEY,1,2,3
BRISILDA,1,2,3
BUENO,1,2,3
BURKLEY,1,2,3
BURNS,1,2,3
BUSH,1,2,3
CALEX,1,2,3
CAMALIEL,1,2,3
CARALINA,1,2,3
CARBAJAL,1,2,3
CARCAMO,1,2,3
CARDENAL,1,2,3
CARE,1,2,3
CARIME,1,2,3
CARLENI,1,2,3
CARLINY,1,2,3
CARMENDA,1,2,3
CAROLIA,1,2,3
CASANDRA,1,2,3
CASTELLANO,1,2,3
CASTILIA,1,2,3
CEBERIANA,1,2,3
CEDENIA,1,2,3
CEFALEA,1,2,3
CELANDIA,1,2,3
CELVIA,1,2,3
CEOMARA,1,2,3
CHENG,1,2,3
CHRISTABEL,1,2,3
CIELO,1,2,3
CILENE,1,2,3
CILVANO,1,2,3
CLARISEL,1,2,3
CLAUDELINA,1,2,3
CLENSON,1,2,3
CLICERIA,1,2,3
CLIDES,1,2,3
CLIMILDA,1,2,3
CLISANTO,1,2,3
CLOTALDINO,1,2,3
COLINDRES,1,2,3
CONCESAR,1,2,3
CORITA,1,2,3
CORIXZA,1,2,3
CORIZA,1,2,3
CORSINDA,1,2,3
COSMELINDA,1,2,3
CREOLINDA,1,2,3
CRISCELDA,1,2,3
CRISTAL,1,2,3
CRISTELI,1,2,3
CRISTELY,1,2,3
CRUCELINA,1,2,3
DABEYDA,1,2,3
DADAI,1,2,3
DADILA,1,2,3
DAEN,1,2,3
DAENA,1,2,3
DAGOMAR,1,2,3
DAHUN,1,2,3
DAINY,1,2,3
DALECIA,1,2,3
DALESIA,1,2,3
DALINTON,1,2,3
DALIXA,1,2,3
DAMIAS,1,2,3
DANAL,1,2,3
DANELCY,1,2,3
DANELSI,1,2,3
DANERIO,1,2,3
DANILIAN,1,2,3
DANILIO,1,2,3
DANNELY,1,2,3
DARELI,1,2,3
DARSON,1,2,3
DASAEV,1,2,3
DAUN,1,2,3
DAURY,1,2,3
DAVIANA,1,2,3
DAVIEL,1,2,3
DAYAMIRA,1,2,3
DELOY,1,2,3
DEMY,1,2,3
DENALY,1,2,3
DENEB,1,2,3
DENIRA,1,2,3
DEON,1,2,3
DEONILDA,1,2,3
DESPOSARIO,1,2,3
DIAMAN,1,2,3
DIAMILET,1,2,3
DICTELIA,1,2,3
DIKY,1,2,3
DILIBERTO,1,2,3
DILIBETH,1,2,3
DINALDO,1,2,3
DINGNO,1,2,3
DINORY,1,2,3
DION,1,2,3
DIONALDA,1,2,3
DIOSANNA,1,2,3
DIOSARA,1,2,3
DIRCEO,1,2,3
DIXCIANA,1,2,3
DIXSIANA,1,2,3
DJANIRA,1,2,3
DO SANTOS,1,2,3
DOANIN,1,2,3
DONITA,1,2,3
DONNEY,1,2,3
DONOVAN,1,2,3
DORA DE JESUS,1,2,3
DORELIA,1,2,3
DORICELA,1,2,3
DORILDA,1,2,3
DORO,1,2,3
DOURNOFT,1,2,3
DOVE,1,2,3
DUBAN,1,2,3
DUBINA,1,2,3
DULAY,1,2,3
DULFA,1,2,3
DUMANIS,1,2,3
DUNIEL,1,2,3
DURON,1,2,3
EARNA,1,2,3
EBENESER,1,2,3
ECCEHOMO,1,2,3
ECTALI,1,2,3
EDARDO,1,2,3
EDDALI,1,2,3
EDELCI,1,2,3
EDELYN,1,2,3
EDEMI,1,2,3
EDENY,1,2,3
EDEYDA,1,2,3
EDICTOR,1,2,3
EDIDT,1,2,3
EDILSE,1,2,3
EDILVERTA,1,2,3
EDITSON,1,2,3
EDMERITO,1,2,3
EDMINDO,1,2,3
EDPIDIO,1,2,3
EDRICK,1,2,3
EDUBIGIS,1,2,3
EDZEL,1,2,3
EFEGENIA,1,2,3
EFIGUENIA,1,2,3
EFRAINA,1,2,3
EGDARDO,1,2,3
EGDOMINIA,1,2,3
EILSAR,1,2,3
ELADY,1,2,3
ELALIA,1,2,3
ELBERTH,1,2,3
ELBIDIO,1,2,3
ELDOMILIA,1,2,3
ELDUINA,1,2,3
ELEASIN,1,2,3
ELEAXAR,1,2,3
ELEDI,1,2,3
ELEONAY,1,2,3
ELEXENIA,1,2,3
ELICED,1,2,3
ELICELA,1,2,3
ELICEP,1,2,3
ELICER,1,2,3
ELICIO,1,2,3
ELIDINA,1,2,3
ELIDORO,1,2,3
ELIEX,1,2,3
ELIGENIA,1,2,3
ELIHEZER,1,2,3
ELIND,1,2,3
ELIOENAY,1,2,3
ELIOQUIN,1,2,3
ELISABE,1,2,3
ELISEHT,1,2,3
ELIZABELH,1,2,3
ELIZE,1,2,3
ELOHIM,1,2,3
ELRY,1,2,3
ELSA DEL CARMEN,1,2,3
ELSID,1,2,3
ELUMINA,1,2,3
EMELID,1,2,3
EMELISIA,1,2,3
EMERITHA,1,2,3
EMIDELA,1,2,3
EMILA,1,2,3
EMILIN,1,2,3
EMILTO,1,2,3
EMMET,1,2,3
EMORY,1,2,3
ENADIA,1,2,3
ENAUN,1,2,3
ENCARNASION,1,2,3
ENDELBERTO,1,2,3
ENEDIEL,1,2,3
ENELSI,1,2,3
ENEPTALI,1,2,3
ENERIO,1,2,3
ENNALI,1,2,3
ENNARELY,1,2,3
ENODES,1,2,3
ENOR,1,2,3
EPIDIO,1,2,3
EQUILEO,1,2,3
ERALIO,1,2,3
ERAMINTA,1,2,3
ERANDINA,1,2,3
ERELINDA,1,2,3
ERIES,1,2,3
ERIVAN,1,2,3
ERIVERTA,1,2,3
ERMANTINA,1,2,3
ERNELI,1,2,3
ERNEY,1,2,3
EROY,1,2,3
ESLAN,1,2,3
ESMAR,1,2,3
ESMARI,1,2,3
ESMENEGILDA,1,2,3
ESMID,1,2,3
ESMIRIA,1,2,3
ESNOEL,1,2,3
ESPERNZA,1,2,3
ESTACIO,1,2,3
ESTALY,1,2,3
ESTELMINA,1,2,3
ESTERCILIA,1,2,3
ESTERCINA,1,2,3
ESTERLIDIA,1,2,3
ESTEVINA,1,2,3
ESTHEL,1,2,3
ESTIVE,1,2,3
ESTOLFO,1,2,3
ESVINDA,1,2,3
ETHELYN,1,2,3
EUFRACINA,1,2,3
EULICER,1,2,3
EUMBERTO,1,2,3
EUXIMIA,1,2,3
EVALOY,1,2,3
EVANGELINO,1,2,3
EVANGELITA,1,2,3
EVARGELIA,1,2,3
EVELMIS,1,2,3
EVENGELISTA,1,2,3
EVERANDA,1,2,3
EVERTON,1,2,3
EVIDAN,1,2,3
EVIDELIA,1,2,3
EVILMER,1,2,3
EVINDA,1,2,3
EXCELA,1,2,3
EXENOVER,1,2,3
EXIS,1,2,3
EXQUIEL,1,2,3
EXSAL,1,2,3
FAJARDO,1,2,3
FAMELISA,1,2,3
FARLINGTON,1,2,3
FARNCISCO,1,2,3
FEBRONIA,1,2,3
FELANY,1,2,3
FELOMENA,1,2,3
FERMELICIA,1,2,3
FERMELIZA,1,2,3
FIDENCE,1,2,3
FIDERLINDA,1,2,3
FILANDES,1,2,3
FISER,1,2,3
FITZGERALD,1,2,3
FLORENA,1,2,3
FLORIBELL,1,2,3
FLORIDAD,1,2,3
FLORIDAL,1,2,3
FLORIDELDA,1,2,3
FLORIZZEL,1,2,3
FORTINO,1,2,3
FORTUNA,1,2,3
FRANCINI,1,2,3
FRANCIO,1,2,3
FRANCSICA,1,2,3
FRANKLYNG,1,2,3
FREDISVINDA,1,2,3
GABIDIA,1,2,3
GADI,1,2,3
GALINA,1,2,3
GARALDINA,1,2,3
GASMIN,1,2,3
GAVELO,1,2,3
GAYARDA,1,2,3
GENOVELIA,1,2,3
GENSER,1,2,3
GEOBANDO,1,2,3
GEORGETH,1,2,3
GEORGY,1,2,3
GEOVANNIE,1,2,3
GERANDINA,1,2,3
GEREMIA,1,2,3
GERWIN,1,2,3
GESTRUDIS,1,2,3
GESUALDO,1,2,3
GIACONDA,1,2,3
GICELLE,1,2,3
GILINARDO,1,2,3
GIRALDO,1,2,3
GLEMIR,1,2,3
GLENFORD,1,2,3
GLIDANIXA,1,2,3
GLORIA ELENA,1,2,3
GLORICELA,1,2,3
GLORIMAR,1,2,3
GLORINA,1,2,3
GLORYBEL,1,2,3
GODFREY,1,2,3
GOEVANY,1,2,3
GOMAR,1,2,3
GORDIANO,1,2,3
GRABRIEL,1,2,3
GRACELI,1,2,3
GRACELIA,1,2,3
GRACIAS,1,2,3
GRACIOSA,1,2,3
GRICENIA,1,2,3
GRIMALDY,1,2,3
GRIPIN,1,2,3
GRORIA,1,2,3
GUADALUOE,1,2,3
GUALQUIDIA,1,2,3
GUALTERIO,1,2,3
HAEL,1,2,3
HALCYON,1,2,3
HALEN,1,2,3
HALIS,1,2,3
HAREN,1,2,3
HARLET,1,2,3
HARMIDA,1,2,3
HARODY,1,2,3
HASTILIO,1,2,3
HAYDIE,1,2,3
HEDBERTO,1,2,3
HEDELBERTO,1,2,3
HELON,1,2,3
HENLEY,1,2,3
HERALIA,1,2,3
HERAN,1,2,3
HERCIDES,1,2,3
HERIBALDO,1,2,3
HERLINA,1,2,3
HERLINE,1,2,3
HERNELIO,1,2,3
HEROITA,1,2,3
HICKMAN,1,2,3
HILMANDO,1,2,3
HINELDA,1,2,3
HIRALDO,1,2,3
HIRRAEL,1,2,3
HOBET,1,2,3
HOLIDAY,1,2,3
HONIEL,1,2,3
HUBALDA,1,2,3
HUMELIO,1,2,3
HUMERTO,1,2,3
HUSSEIN,1,2,3
HUVENCE,1,2,3
IBAEL,1,2,3
IBRINET,1,2,3
IDAIR,1,2,3
IDAL,1,2,3
IDALID,1,2,3
IDALMIN,1,2,3
IDELBINA,1,2,3
IDELMI,1,2,3
IDOLIDIA,1,2,3
IDUBIGES,1,2,3
ILAN,1,2,3
ILDUARA,1,2,3
ILIBALDO,1,2,3
ILIDIO,1,2,3
ILIRIA,1,2,3
ILUVINDA,1,2,3
IMELDO,1,2,3
IMPERIO,1,2,3
INASIA,1,2,3
INESIDA,1,2,3
INOLA,1,2,3
IONIE,1,2,3
IRANY,1,2,3
IRASELI,1,2,3
IRASENIA,1,2,3
IRI,1,2,3
IRISELDA,1,2,3
IRMELINA,1,2,3
ISARAI,1,2,3
ISELY,1,2,3
ISILIO,1,2,3
ISLAO,1,2,3
ISMARES,1,2,3
ISMENY,1,2,3
ISRAELA,1,2,3
ISSABEL,1,2,3
ISVAN,1,2,3
ITANIA,1,2,3
IVELIA,1,2,3
IVELINA,1,2,3
IXAI,1,2,3
IZAMARY,1,2,3
IZOLDA,1,2,3
JAANETH,1,2,3
JACOVA,1,2,3
JACQUELY,1,2,3
JALINA,1,2,3
JANARY,1,2,3
JANETTH,1,2,3
JARIEL,1,2,3
JASEL,1,2,3
JASIBEL,1,2,3
JASMARY,1,2,3
JAVID,1,2,3
JEAKELIN,1,2,3
JEANS,1,2,3
JEANTH,1,2,3
JEMIL,1,2,3
JEOVANDO,1,2,3
JERARDA,1,2,3
JERROLD,1,2,3
JERUZA,1,2,3
JESUAN,1,2,3
JESUS ANTONIO,1,2,3
JESUS MARIA,1,2,3
JEXSI,1,2,3
JEZIEL,1,2,3
JHONAN,1,2,3
JHONES,1,2,3
JHOSEP,1,2,3
JHOSETH,1,2,3
JHOVANA,1,2,3
JINE,1,2,3
JINETH,1,2,3
JOANAN,1,2,3
JOBAL,1,2,3
JOCELIN,1,2,3
JOELLE,1,2,3
JOHAMY,1,2,3
JOHANIS,1,2,3
JOHANNI,1,2,3
JOMILA,1,2,3
JONSSON,1,2,3
JOSABET,1,2,3
JOSEFA DE JESUS,1,2,3
JOSELIM,1,2,3
JOSELIS,1,2,3
JOSSELINE,1,2,3
JOVETH,1,2,3
JOVINY,1,2,3
JULITH,1,2,3
JUNIR,1,2,3
JUNITH,1,2,3
JUVENILDA,1,2,3
JUVITA,1,2,3
KAI,1,2,3
KARELI,1,2,3
KARELINA,1,2,3
KARIL,1,2,3
KARMINDA,1,2,3
KATEURA,1,2,3
KELINA,1,2,3
KENEDI,1,2,3
KERIMA,1,2,3
KERIME,1,2,3
KERINA,1,2,3
KEYNOR,1,2,3
KIRT,1,2,3
LANIER,1,2,3
LARYSSA,1,2,3
LASTENIO,1,2,3
LEADIN,1,2,3
LEANIBETH,1,2,3
LECIA,1,2,3
LECSY,1,2,3
LECTERIA,1,2,3
LECTONIO,1,2,3
LEIS,1,2,3
LELIBETH,1,2,3
LEOBAN,1,2,3
LEODIL,1,2,3
LEONAN,1,2,3
LEONELI,1,2,3
LEONELL,1,2,3
LEONELLA,1,2,3
LEONELO,1,2,3
LEONIVAR,1,2,3
LEONIZA,1,2,3
LEOR,1,2,3
LESSING,1,2,3
LESTINA,1,2,3
LETTIS,1,2,3
LEXCENIA,1,2,3
LEYLANI,1,2,3
LIBENIA,1,2,3
LICELI,1,2,3
LIDDENIA,1,2,3
LIDE,1,2,3
LIDO,1,2,3
LIGNY,1,2,3
LILIALDO,1,2,3
LILIVET,1,2,3
LILLI,1,2,3
LINAIDA,1,2,3
LINDERSAY,1,2,3
LINELVA,1,2,3
LIOBARDO,1,2,3
LION,1,2,3
LIONEY,1,2,3
LIONIE,1,2,3
LIONILDA,1,2,3
LISEIRA,1,2,3
LISSANDRO,1,2,3
LITCENIA,1,2,3
LIUDMILA,1,2,3
LIYA,1,2,3
LIZABETA,1,2,3
LIZITH,1,2,3
LONG,1,2,3
LOURDIZ,1,2,3
LOVIN,1,2,3
LUATANIA,1,2,3
LUCECITA,1,2,3
LUCERNA,1,2,3
LUCIBETH,1,2,3
LUCIDA,1,2,3
LUCIE,1,2,3
LUCTERINA,1,2,3
LUDIT,1,2,3
LUDMILLA,1,2,3
LUKE,1,2,3
LULIANA,1,2,3
LUN,1,2,3
LUZGARDA,1,2,3
LYCET,1,2,3
LYNETH,1,2,3
MACIER,1,2,3
MAGALINA,1,2,3
MAGDEL,1,2,3
MAHFUZ,1,2,3
MAILI,1,2,3
MAIR,1,2,3
MAIRE,1,2,3
MAIZIE,1,2,3
MAKEY,1,2,3
MALINCE,1,2,3
MALITZA,1,2,3
MALLY,1,2,3
MALONE,1,2,3
MANDO,1,2,3
MANSEL,1,2,3
MARBENIS,1,2,3
MARCIELA,1,2,3
MAREILI,1,2,3
MAREYRA,1,2,3
MARIA ARCADIA,1,2,3
MARIA ESTHER,1,2,3
MARIA EUGENIA,1,2,3
MARIA FELIX,1,2,3
MARIA REGINA,1,2,3
MARIA REYES,1,2,3
MARIBELLE,1,2,3
MARILBINA,1,2,3
MARILENIS,1,2,3
MARILIM,1,2,3
MARINES,1,2,3
MARINU,1,2,3
MARIONEL,1,2,3
MARITCIA,1,2,3
MARITS,1,2,3
MARITZOL,1,2,3
MARIZABETH,1,2,3
MARTALI,1,2,3
MARTINE,1,2,3
MARTINO,1,2,3
MARUBI,1,2,3
MATIA,1,2,3
MATILUZ,1,2,3
MAURO DE JESUS,1,2,3
MAXWEL,1,2,3
MAYBETH,1,2,3
MAYLENE,1,2,3
MAYLY,1,2,3
MAYLYN,1,2,3
MAYORY,1,2,3
MAYURI,1,2,3
MEHUJAEL,1,2,3
MELEIDY,1,2,3
MELENIO,1,2,3
MELIANA,1,2,3
MELQUISEDEL,1,2,3
MEMNA,1,2,3
MENUEL,1,2,3
MERCIDES,1,2,3
MERELIN,1,2,3
MERIBEL,1,2,3
MERISI,1,2,3
MERISY,1,2,3
MERLADIS,1,2,3
MESALINA,1,2,3
MIDAS,1,2,3
MIGDOLIO,1,2,3
MIGNON,1,2,3
MIGUELINO,1,2,3
MILARI,1,2,3
MILDONIA,1,2,3
MILEIDE,1,2,3
MILEY,1,2,3
MILISA,1,2,3
MILISSY,1,2,3
MILOBAN,1,2,3
MILTER,1,2,3
MINTO,1,2,3
MINUE,1,2,3
MIR,1,2,3
MIRANA,1,2,3
MIRARY,1,2,3
MIRTILIA,1,2,3
MISAIL,1,2,3
MISELDA,1,2,3
MISELIN,1,2,3
MISGELY,1,2,3
MISRAIM,1,2,3
MITRY,1,2,3
MIXDONIO,1,2,3
MONJES,1,2,3
MONSERATH,1,2,3
MONTALVINA,1,2,3
MONTES,1,2,3
MORELIA,1,2,3
MORLEY,1,2,3
MOYA,1,2,3
MURICIO,1,2,3
NACIN,1,2,3
NADEEN,1,2,3
NADEZHKA,1,2,3
NAHBI,1,2,3
NAINA,1,2,3
NAMIN,1,2,3
NANNETTE,1,2,3
NATASHA,1,2,3
NAVIJA,1,2,3
NEFFTALI,1,2,3
NEMAR,1,2,3
NEONEL,1,2,3
NETHY,1,2,3
NEULINDO,1,2,3
NEUTALI,1,2,3
NEVAY,1,2,3
NEX,1,2,3
NEXELINA,1,2,3
NICOLL,1,2,3
NICTE,1,2,3
NIDEA,1,2,3
NIMEA,1,2,3
NOAM,1,2,3
NOCOLAS,1,2,3
NOELYS,1,2,3
NOERY,1,2,3
NOHAMED,1,2,3
NOHELIN,1,2,3
NOHELIO,1,2,3
NOHEMIS,1,2,3
NOLAND,1,2,3
NOMAN,1,2,3
NORALDA,1,2,3
NORALICIA,1,2,3
NORIXA,1,2,3
NOVEYDA,1,2,3
NUËEZ,1,2,3
OBAN,1,2,3
OBEDELI,1,2,3
OBEDI,1,2,3
OBEDY,1,2,3
OBELINO,1,2,3
OBELIS,1,2,3
OBERTA,1,2,3
OBILZO,1,2,3
OCASO,1,2,3
OCDELI,1,2,3
OCONNOR,1,2,3
OCTABIANO,1,2,3
OCTANIEL,1,2,3
ODANEL,1,2,3
ODARY,1,2,3
ODAVIAS,1,2,3
ODAYR,1,2,3
ODDET,1,2,3
ODEIL,1,2,3
ODELL,1,2,3
ODELSA,1,2,3
ODILAN,1,2,3
ODILO,1,2,3
ODLY,1,2,3
ODMIN,1,2,3
ODOLMA,1,2,3
OFELIA DE JESUS,1,2,3
OLDAN,1,2,3
OLESI,1,2,3
OLIDA,1,2,3
OLOFERNES,1,2,3
ONAR,1,2,3
ONARIO,1,2,3
ONDYNA,1,2,3
ONELDO,1,2,3
ONESI,1,2,3
ONID,1,2,3
ONORE,1,2,3
OPHELIA,1,2,3
ORALMA,1,2,3
ORDENEL,1,2,3
ORDILIA,1,2,3
ORELLANO,1,2,3
ORENCIO,1,2,3
ORESTILO,1,2,3
ORICIA,1,2,3
ORLINE,1,2,3
ORLINTER,1,2,3
ORMINDA,1,2,3
OROLDO,1,2,3
ORSINI,1,2,3
ORVELIO,1,2,3
ORYET,1,2,3
OSAMIN,1,2,3
OSCAR ORLANDO,1,2,3
OSCAR ROLANDO,1,2,3
OSDENIA,1,2,3
OSMAN DANILO,1,2,3
OSMARE,1,2,3
OSMEY,1,2,3
OSMOND,1,2,3
OSMYN,1,2,3
OSSIEL,1,2,3
OSVIL,1,2,3
OSWUALDO,1,2,3
OTINIEL,1,2,3
OUDULIO,1,2,3
OVIDA,1,2,3
OVILDO,1,2,3
OVILY,1,2,3
OXMIN,1,2,3
PANTIN,1,2,3
PARKER,1,2,3
PAT,1,2,3
PATRONILA,1,2,3
PEI,1,2,3
PETIT,1,2,3
POLIDECTO,1,2,3
PREDESBINDA,1,2,3
PRESBITERO,1,2,3
PRICELA,1,2,3
PRISILO,1,2,3
PRISSILA,1,2,3
QUIQUE,1,2,3
RACHELLE,1,2,3
RACHID,1,2,3
RADEGUNDO,1,2,3
RAFEL,1,2,3
RAMOND,1,2,3
RANGEL,1,2,3
RANIERY,1,2,3
RAYNERIO,1,2,3
REDEL,1,2,3
REFUJIO,1,2,3
REGUSTINA,1,2,3
REGUSTINO,1,2,3
REMEDIOS,1,2,3
RENALDI,1,2,3
RENELIO,1,2,3
RENIERIZ,1,2,3
REYDEL,1,2,3
RICHARDSON,1,2,3
RIGUERO,1,2,3
RINEL,1,2,3
RISELDY,1,2,3
ROBIDIO,1,2,3
ROBIGNO,1,2,3
ROCINA,1,2,3
RODESNO,1,2,3
RODILSON,1,2,3
ROHAL,1,2,3
ROLMARY,1,2,3
ROMARIO,1,2,3
RONEI,1,2,3
ROQUEL,1,2,3
ROSA DE LIMA,1,2,3
ROSAMBER,1,2,3
ROSAS,1,2,3
ROSELDY,1,2,3
ROSELLY,1,2,3
ROSENA,1,2,3
ROSIDARY,1,2,3
ROSMINA,1,2,3
ROSSEBEL,1,2,3
ROSSELA,1,2,3
ROSSELLA,1,2,3
ROUSSELL,1,2,3
ROVELY,1,2,3
ROXMERY,1,2,3
ROZANA,1,2,3
RUBELIS,1,2,3
RUBIDO,1,2,3
RUBILDA,1,2,3
RUMELIA,1,2,3
RUMOLDO,1,2,3
RUPTILIA,1,2,3
RUSIBEL,1,2,3
RUTH YAMILETH,1,2,3
RUVE,1,2,3
RUVECINDA,1,2,3
RUVIO,1,2,3
SABATIEL,1,2,3
SABEIDA,1,2,3
SABELDY,1,2,3
SABILLON,1,2,3
SADEL,1,2,3
SALIS,1,2,3
SAMARITANA,1,2,3
SAMIER,1,2,3
SANDINO,1,2,3
SANDIX,1,2,3
SANELY,1,2,3
SANTA RITA,1,2,3
SANTOS FELIPE,1,2,3
SANTOS GONZALO,1,2,3
SANTOS MARINA,1,2,3
SARAYA,1,2,3
SAROJINI,1,2,3
SAY,1,2,3
SCHNEIDER,1,2,3
SEBASTINA,1,2,3
SEBERT,1,2,3
SELDA,1,2,3
SHERILYN,1,2,3
SHUKRI,1,2,3
SIBEL,1,2,3
SIDONI,1,2,3
SIGDONIO,1,2,3
SILVERT,1,2,3
SIREIS,1,2,3
SISELY,1,2,3
SIUMARI,1,2,3
SKARLETT,1,2,3
SLOAN,1,2,3
SOBEIRA,1,2,3
SOHE,1,2,3
SOLI,1,2,3
SOLIM,1,2,3
STANLYN,1,2,3
STEBEN,1,2,3
STEDMAN,1,2,3
STEPHANI,1,2,3
STIB,1,2,3
SU YEN,1,2,3
SUAT,1,2,3
SUETLANA,1,2,3
SUGERIN,1,2,3
SUHITA,1,2,3
SUJERY,1,2,3
SULIMAN,1,2,3
SULINDA,1,2,3
SUMARY,1,2,3
TANIANA,1,2,3
TATUM,1,2,3
TATYANA,1,2,3
TELEFORA,1,2,3
TENORIO,1,2,3
TERECINA,1,2,3
TERRENCE,1,2,3
TIODOCIO,1,2,3
TOBILLAS,1,2,3
TOMASITO,1,2,3
TOME,1,2,3
TONEY,1,2,3
TULE,1,2,3
TUNICIA,1,2,3
UBAN,1,2,3
UBELINA,1,2,3
UBENIS,1,2,3
UBILSON,1,2,3
UILBERTO,1,2,3
ULIBERTO,1,2,3
ULICIS,1,2,3
UNDINO,1,2,3
URDES,1,2,3
URDIS,1,2,3
URFANIA,1,2,3
URGENCIA,1,2,3
URSOLINA,1,2,3
USIRIS,1,2,3
UVANDO,1,2,3
UVANI,1,2,3
UVENCER,1,2,3
UVENIL,1,2,3
UVERLINDO,1,2,3
VALENCIANA,1,2,3
VALEXA,1,2,3
VANNEZA,1,2,3
VANVICK,1,2,3
VARELA,1,2,3
VARELI,1,2,3
VARTOLA,1,2,3
VAUDILIO,1,2,3
VEANEY,1,2,3
VECENTE,1,2,3
VENDAL,1,2,3
VENIGNA,1,2,3
VERANAY,1,2,3
VERCELLY,1,2,3
VERLINDA,1,2,3
VERNARDINA,1,2,3
VIAMNEY,1,2,3
VIANEX,1,2,3
VICDELIO,1,2,3
VICENT,1,2,3
VICTOREANO,1,2,3
VIDIEL,1,2,3
VIGAEL,1,2,3
VILLA,1,2,3
VINELY,1,2,3
VINORA,1,2,3
VIOLANDA,1,2,3
VIRIDIANA,1,2,3
VITALA,1,2,3
VITALIANO,1,2,3
VITENIO,1,2,3
VITORIA,1,2,3
VITTORIO,1,2,3
WADITH,1,2,3
WALBERT,1,2,3
WALESSA,1,2,3
WALFREDO,1,2,3
WALQUIDEA,1,2,3
WANE,1,2,3
WHIGBERTO,1,2,3
WILMOTH,1,2,3
WINIFRED,1,2,3
WOOD,1,2,3
WU,1,2,3
WUALDEMAR,1,2,3
WUALQUIRIA,1,2,3
XIA,1,2,3
XIUMARA,1,2,3
YABILET,1,2,3
YABILETH,1,2,3
YADANY,1,2,3
YADELI,1,2,3
YADIRES,1,2,3
YADIXA,1,2,3
YADVANA,1,2,3
YAJANA,1,2,3
YALENE,1,2,3
YALEXIS,1,2,3
YAMINETH,1,2,3
YANALI,1,2,3
YANICE,1,2,3
YANIER,1,2,3
YANYN,1,2,3
YAQUILINE,1,2,3
YAREMI,1,2,3
YASCENIA,1,2,3
YASMILY,1,2,3
YASSENY,1,2,3
YELISSA,1,2,3
YENERY,1,2,3
YENN,1,2,3
YERIEL,1,2,3
YESELIA,1,2,3
YESENNIA,1,2,3
YESSELI,1,2,3
YNDALECIO,1,2,3
YOANIS,1,2,3
YOBEL,1,2,3
YOBELY,1,2,3
YODALY,1,2,3
YODEL,1,2,3
YODER,1,2,3
YOGELI,1,2,3
YOHENIA,1,2,3
YOJAHNA,1,2,3
YOJELY,1,2,3
YOJHAN,1,2,3
YOLETH,1,2,3
YORMANI,1,2,3
YORYINA,1,2,3
YOSELIS,1,2,3
YOSMINA,1,2,3
YOSSER,1,2,3
YOSUE,1,2,3
YOVALINA,1,2,3
YOVANES,1,2,3
YOVHANY,1,2,3
YOWANI,1,2,3
YSBELA,1,2,3
YUBANIA,1,2,3
YUBEL,1,2,3
YUBELY,1,2,3
YUDEKS,1,2,3
YUDISSA,1,2,3
YUDIX,1,2,3
YULEN,1,2,3
YUNYS,1,2,3
YUPANKI,1,2,3
YUREN,1,2,3
YUVANIA,1,2,3
YUVINNY,1,2,3
ZAIR,1,2,3
ZAMARIA,1,2,3
ZELA,1,2,3
ZELEDONIA,1,2,3
ZELENA,1,2,3
ZOEL,1,2,3
ZUMAYA,1,2,3
ZURAMA,1,2,3
ABELICIA,2,1,3
ABIMELETH,2,1,3
ACILIA,2,1,3
ACNER,2,1,3
ACXEL,2,1,3
ADA MARIA,2,1,3
ADAIA,2,1,3
ADALBO,2,1,3
ADALEXI,2,1,3
ADAMEX,2,1,3
ADANEIDA,2,1,3
ADANIDES,2,1,3
ADANIN,2,1,3
ADAVEL,2,1,3
ADDIAS,2,1,3
ADDIEL,2,1,3
ADELBERTO,2,1,3
ADELCIA,2,1,3
ADELFIN,2,1,3
ADELMI,2,1,3
ADGELIA,2,1,3
ADIB,2,1,3
ADIMER,2,1,3
ADINEY,2,1,3
ADIRSON,2,1,3
ADMUNDO,2,1,3
ADOLFINO,2,1,3
ADONATO,2,1,3
ADONAYDA,2,1,3
ADYN,2,1,3
AEROPAJITA,2,1,3
AFI,2,1,3
AFLORICIO,2,1,3
AFRODICIA,2,1,3
AI,2,1,3
AIRES,2,1,3
ALAVINIA,2,1,3
ALAX,2,1,3
ALBALIDIA,2,1,3
ALBERTILIA,2,1,3
ALDEEN,2,1,3
ALDON,2,1,3
ALDUVAR,2,1,3
ALEA,2,1,3
ALECI,2,1,3
ALEICI,2,1,3
ALEPSY,2,1,3
ALESIX,2,1,3
ALEXID,2,1,3
ALEYRA,2,1,3
ALFREDES,2,1,3
ALGENDOR,2,1,3
ALIDETH,2,1,3
ALIXA,2,1,3
ALMERITA,2,1,3
ALORIA,2,1,3
ALSESTER,2,1,3
ALSIDA,2,1,3
ALVAR,2,1,3
ALVERTINO,2,1,3
ALVI,2,1,3
ALVIL,2,1,3
ALZIRA,2,1,3
AMADORA,2,1,3
AMARILIZ,2,1,3
AMBER,2,1,3
AMILCIA,2,1,3
AMIRIAN,2,1,3
ANADI,2,1,3
ANAHAN,2,1,3
ANAHUM,2,1,3
ANALIDA,2,1,3
ANALILA,2,1,3
ANARELIA,2,1,3
ANAYANSY,2,1,3
ANAYN,2,1,3
ANDELSO,2,1,3
ANDIAS,2,1,3
ANDIE,2,1,3
ANDONYS,2,1,3
ANDOSIA,2,1,3
ANDRI,2,1,3
ANDRONICA,2,1,3
ANDULFO,2,1,3
ANGELINE,2,1,3
ANGELIO,2,1,3
ANGUELA,2,1,3
ANHUAR,2,1,3
ANISMELA,2,1,3
ANTIPAS,2,1,3
ANUHAR,2,1,3
ANYELA,2,1,3
APOLINIO,2,1,3
APOSTOLA,2,1,3
APSALON,2,1,3
AQUELINA,2,1,3
ARACELYA,2,1,3
ARALINDA,2,1,3
ARAVELLA,2,1,3
ARCIDIA,2,1,3
ARCIDIS,2,1,3
ARELINA,2,1,3
ARESI,2,1,3
ARICIO,2,1,3
ARIXIA,2,1,3
ARLANDA,2,1,3
ARLENS,2,1,3
ARLITO,2,1,3
ARMILDA,2,1,3
ARMSTRONG,2,1,3
ARNELO,2,1,3
ARNIN,2,1,3
ARNY,2,1,3
ARREOPAGITA,2,1,3
ARSENY,2,1,3
ARSOBY,2,1,3
ARTLY,2,1,3
ARYENY,2,1,3
ARZUBY,2,1,3
ASTENIO,2,1,3
ASTULIO,2,1,3
ASUCION,2,1,3
AUDELINDA,2,1,3
AUDELIS,2,1,3
AUDENCIA,2,1,3
AUDOCIO,2,1,3
AUSTREVERTA,2,1,3
AVEN,2,1,3
AVENIL,2,1,3
AVIGAID,2,1,3
AVIMILETT,2,1,3
AVIMILEX,2,1,3
AZENAYDA,2,1,3
BACDILIO,2,1,3
BACILICIO,2,1,3
BALDUINO,2,1,3
BALZAC,2,1,3
BEBSABE,2,1,3
BECKY,2,1,3
BEIDA,2,1,3
BEILY,2,1,3
BELARDINA,2,1,3
BELBY,2,1,3
BELLI,2,1,3
BELQUY,2,1,3
BELSABE,2,1,3
BELSAI,2,1,3
BELSAN,2,1,3
BELTER,2,1,3
BELVIS,2,1,3
BENA,2,1,3
BENCY,2,1,3
BENEDIGNA,2,1,3
BENET,2,1,3
BENIA,2,1,3
BERADANY,2,1,3
BERALIZ,2,1,3
BERGELINA,2,1,3
BERNAR,2,1,3
BERTAH,2,1,3
BERTHIN,2,1,3
BERTHY,2,1,3
BETIH,2,1,3
BETOVEN,2,1,3
BETSI,2,1,3
BETSUA,2,1,3
BEYDA,2,1,3
BICTALINA,2,1,3
BICTORIANO,2,1,3
BIDALMIR,2,1,3
BILDONIO,2,1,3
BILIBRAN,2,1,3
BILLIE,2,1,3
BILSAN,2,1,3
BODIS,2,1,3
BOHANERGE,2,1,3
BOHEMIA,2,1,3
BONFILIO,2,1,3
BOONERGE,2,1,3
BOREL,2,1,3
BRAJIN,2,1,3
BRANDI,2,1,3
BRENETH,2,1,3
BRILLITH,2,1,3
BRINDICY,2,1,3
BRYANT,2,1,3
CADY,2,1,3
CALA,2,1,3
CALBERT,2,1,3
CALITO,2,1,3
CANTORBERY,2,1,3
CARDEL,2,1,3
CARDINAL,2,1,3
CARMELINO,2,1,3
CARROLL,2,1,3
CARYL,2,1,3
CASPER,2,1,3
CATHRINE,2,1,3
CECI,2,1,3
CEDIN,2,1,3
CELDINA,2,1,3
CELYS,2,1,3
CERINA,2,1,3
CESARIN,2,1,3
CHERLIN,2,1,3
CHRISTI,2,1,3
CILVESTRE,2,1,3
CIMONA,2,1,3
CITO,2,1,3
CLAUBEL,2,1,3
CLAUDIANA,2,1,3
CLEARY,2,1,3
CLEILA,2,1,3
CLENY,2,1,3
CLIDE,2,1,3
CLIFFOR,2,1,3
CLODOVALDO,2,1,3
CLODOVEO,2,1,3
CLOROMIRO,2,1,3
CLOTARIO,2,1,3
CONRRADINO,2,1,3
CORE,2,1,3
COSETTE,2,1,3
CRESCENSIO,2,1,3
CRICELDO,2,1,3
CRISS,2,1,3
CRISTHEL,2,1,3
CRUCITO,2,1,3
DADANIN,2,1,3
DAGOBERTA,2,1,3
DAGOVERTO,2,1,3
DAHABIYE,2,1,3
DAILYN,2,1,3
DALICE,2,1,3
DAMAR,2,1,3
DAMAZA,2,1,3
DAMI,2,1,3
DANATILA,2,1,3
DANEIRA,2,1,3
DANEXSI,2,1,3
DANIELY,2,1,3
DANILDA,2,1,3
DANIXZA,2,1,3
DANNER,2,1,3
DARILENY,2,1,3
DASENIA,2,1,3
DATAN,2,1,3
DAUBERTO,2,1,3
DAVILA,2,1,3
DAVIO,2,1,3
DEBIA,2,1,3
DECSA,2,1,3
DEDIER,2,1,3
DEDIS,2,1,3
DEIDI,2,1,3
DELIANS,2,1,3
DELINO,2,1,3
DELPHINA,2,1,3
DEMELIA,2,1,3
DEMMIS,2,1,3
DENAIRA,2,1,3
DENNISA,2,1,3
DENSON,2,1,3
DENWARD,2,1,3
DEOGENES,2,1,3
DEOGRACIO,2,1,3
DEPSY,2,1,3
DESTER,2,1,3
DETSI,2,1,3
DEWIN,2,1,3
DEXCY,2,1,3
DEXIC,2,1,3
DEYSIE,2,1,3
DIADORA,2,1,3
DIASIS,2,1,3
DIC,2,1,3
DICIDERIO,2,1,3
DIDIANA,2,1,3
DIDY,2,1,3
DIESE,2,1,3
DIESELINA,2,1,3
DIGOBERTO,2,1,3
DIK,2,1,3
DILAN,2,1,3
DILCIAS,2,1,3
DILMO,2,1,3
DILON,2,1,3
DIMO,2,1,3
DINELIA,2,1,3
DIOMENES,2,1,3
DIOMIRA,2,1,3
DIOVANIS,2,1,3
DISNALDA,2,1,3
DIXANA,2,1,3
DOANI,2,1,3
DOHUGLAS,2,1,3
DOLEY,2,1,3
DOLIE,2,1,3
DOMILA,2,1,3
DOMINA,2,1,3
DOMINIC,2,1,3
DOMIS,2,1,3
DONADY,2,1,3
DONIAS,2,1,3
DONILDO,2,1,3
DOREIDA,2,1,3
DORINE,2,1,3
DORLAN,2,1,3
DOROS,2,1,3
DOULL,2,1,3
DOUWLAS,2,1,3
DUANI,2,1,3
DULCINDA,2,1,3
DULES,2,1,3
DURICIO,2,1,3
DURLAN,2,1,3
DURLIN,2,1,3
DUVAIL,2,1,3
DUVI,2,1,3
DYLIA,2,1,3
EBANKS,2,1,3
EBELSA,2,1,3
EBENIA,2,1,3
ECHEVERRIA,2,1,3
ECZEQUIEL,2,1,3
EDANIDIA,2,1,3
EDDIER,2,1,3
EDE,2,1,3
EDELCY,2,1,3
EDELICIA,2,1,3
EDELVIA,2,1,3
EDESMILDA,2,1,3
EDEXIDO,2,1,3
EDIBEL,2,1,3
EDICTH,2,1,3
EDILMIA,2,1,3
EDIPTA,2,1,3
EDIPTO,2,1,3
EDIRLANDO,2,1,3
EDLY,2,1,3
EDMI,2,1,3
EDORA,2,1,3
EDROLINDA,2,1,3
EDUCLIDES,2,1,3
EDULVINA,2,1,3
EDUNDINA,2,1,3
EDUVILDA,2,1,3
EDUVINIO,2,1,3
EDVERTO,2,1,3
EDYLBERTO,2,1,3
EDYMAR,2,1,3
EGAR,2,1,3
EIBI,2,1,3
ELAGIO,2,1,3
ELAINA,2,1,3
ELARIA,2,1,3
ELAY,2,1,3
ELBLIN,2,1,3
ELCIE,2,1,3
ELCITO,2,1,3
ELDEEN,2,1,3
ELDRA,2,1,3
ELDUVINIA,2,1,3
ELE,2,1,3
ELERY,2,1,3
ELESEO,2,1,3
ELFER,2,1,3
ELHI,2,1,3
ELIARQUIN,2,1,3
ELIBRAN,2,1,3
ELIFAS,2,1,3
ELIONSO,2,1,3
ELISANA,2,1,3
ELISEMA,2,1,3
ELISERIO,2,1,3
ELIVORIA,2,1,3
ELLIOTT,2,1,3
ELMIRO,2,1,3
ELMON,2,1,3
ELODIS,2,1,3
ELOVINA,2,1,3
ELSABETH,2,1,3
ELVINDO,2,1,3
ELYDA,2,1,3
EMBER,2,1,3
EMELECIA,2,1,3
EMELIDIO,2,1,3
EMELINDO,2,1,3
EMELVINA,2,1,3
EMERLY,2,1,3
EMETINA,2,1,3
EMIDILIA,2,1,3
EMIRIO,2,1,3
EMITERIO,2,1,3
EMORFELIA,2,1,3
EMPIDIA,2,1,3
ENAID,2,1,3
ENDIS,2,1,3
ENDRIS,2,1,3
ENEDELIA,2,1,3
ENEMENCIA,2,1,3
ENGELBER,2,1,3
ENGLANTINA,2,1,3
ENLY,2,1,3
ENNAR,2,1,3
ENOBIA,2,1,3
ENOCC,2,1,3
ENOHEMI,2,1,3
ENOINDA,2,1,3
ENOYDA,2,1,3
EORY,2,1,3
EQUICIO,2,1,3
EQUITERIA,2,1,3
ERACIO,2,1,3
ERADITA,2,1,3
ERANIA,2,1,3
ERASISTRATO,2,1,3
ERCARNACION,2,1,3
ERCI,2,1,3
ERDUIN,2,1,3
EREDITA,2,1,3
ERICKS,2,1,3
ERIL,2,1,3
ERINTON,2,1,3
ERIXA,2,1,3
ERIXON,2,1,3
ERLENY,2,1,3
ERLINS,2,1,3
ERMEREJILDO,2,1,3
ERMIDO,2,1,3
ERMINA,2,1,3
ERNALDINA,2,1,3
ERNE,2,1,3
EROLD,2,1,3
ERONCIO,2,1,3
ERUNDIA,2,1,3
ERWUIN,2,1,3
ESAIAS,2,1,3
ESEL,2,1,3
ESKARLET,2,1,3
ESMAY,2,1,3
ESMERAI,2,1,3
ESMIE,2,1,3
ESNELIA,2,1,3
ESPINOZA,2,1,3
ESTENIO,2,1,3
ESTERMELINA,2,1,3
ETELMO,2,1,3
ETHELWOLDO,2,1,3
ETIFANIO,2,1,3
EUDARDO,2,1,3
EUDE,2,1,3
EUDENIA,2,1,3
EUDIS,2,1,3
EUDONIA,2,1,3
EULISIS,2,1,3
EUMELIO,2,1,3
EUNICIA,2,1,3
EUSTACE,2,1,3
EUSTREBERTA,2,1,3
EUTILIA,2,1,3
EVA ANGELINA,2,1,3
EVANELI,2,1,3
EVANY,2,1,3
EVELEO,2,1,3
EVELICIA,2,1,3
EVELIM,2,1,3
EVERCITA,2,1,3
EVERJISTO,2,1,3
EVICIA,2,1,3
EVID,2,1,3
EVIDAL,2,1,3
EVIT,2,1,3
EVITO,2,1,3
EVORA,2,1,3
EXAI,2,1,3
EXCELY,2,1,3
EXCI,2,1,3
EXDY,2,1,3
EXIDA,2,1,3
EXLI,2,1,3
EXPETACION,2,1,3
EXTANISLAO,2,1,3
FAMILICIA,2,1,3
FARIX,2,1,3
FARREL,2,1,3
FAUSI,2,1,3
FAUSTO DE JESUS,2,1,3
FAUXTO,2,1,3
FAUZI,2,1,3
FAYEZ,2,1,3
FEDENCIO,2,1,3
FEIDY,2,1,3
FELITO,2,1,3
FELIX DE JESUS,2,1,3
FELONILA,2,1,3
FIDONILA,2,1,3
FIGENIA,2,1,3
FIGURA,2,1,3
FILOMILA,2,1,3
FILOMILO,2,1,3
FILOMINA,2,1,3
FIODOLINDA,2,1,3
FLORALINA,2,1,3
FLORECILDA,2,1,3
FLORESMINA,2,1,3
FLORICENDA,2,1,3
FLORIDARMA,2,1,3
FLORIZELDA,2,1,3
FODIL,2,1,3
FOLENTINO,2,1,3
FRANC,2,1,3
FRANCEN,2,1,3
FRANCISCA MARIA,2,1,3
FRANCIZCO,2,1,3
FRANKYN,2,1,3
FRDY,2,1,3
FREDBINDO,2,1,3
FREDESLINDO,2,1,3
FREDESVINA,2,1,3
FREDEVINDA,2,1,3
FREDID,2,1,3
FREDIT,2,1,3
FREDMAN,2,1,3
FRELIS,2,1,3
FRENDA,2,1,3
FRENDY,2,1,3
FRESY,2,1,3
FULBIA,2,1,3
FUSTINO,2,1,3
GALENIA,2,1,3
GALVES,2,1,3
GARDIN,2,1,3
GASBY,2,1,3
GAYLE,2,1,3
GEDEON,2,1,3
GEDER,2,1,3
GEISSEL,2,1,3
GELBERTH,2,1,3
GELIO,2,1,3
GELTRUDIS,2,1,3
GENAR,2,1,3
GENNIA,2,1,3
GENOVEBO,2,1,3
GEOBERTO,2,1,3
GEORGES,2,1,3
GEOVANIS,2,1,3
GERACIO,2,1,3
GERCER,2,1,3
GERTRUD,2,1,3
GERTRUDE,2,1,3
GERUNDINA,2,1,3
GERVASIA,2,1,3
GESELINO,2,1,3
GESIL,2,1,3
GESUS,2,1,3
GETRUDEZ,2,1,3
GILVERTA,2,1,3
GIMELDA,2,1,3
GINALDO,2,1,3
GIOBANI,2,1,3
GLABER,2,1,3
GLADIE,2,1,3
GLADISEL,2,1,3
GLADSTONE,2,1,3
GLAVER,2,1,3
GLAYS,2,1,3
GLEM,2,1,3
GLENG,2,1,3
GLINES,2,1,3
GLORA,2,1,3
GLORI,2,1,3
GLORIO,2,1,3
GLOSENIO,2,1,3
GOBERTO,2,1,3
GODY,2,1,3
GOLDON,2,1,3
GOLFRAN,2,1,3
GORKY,2,1,3
GOYITA,2,1,3
GREGORI,2,1,3
GUALDO,2,1,3
GUANG,2,1,3
GUATAVO,2,1,3
GUELSOMINA,2,1,3
GUILIVALDO,2,1,3
GUNDEMARO,2,1,3
GUSTO,2,1,3
HADIE,2,1,3
HALCIE,2,1,3
HALLEN,2,1,3
HALLEY,2,1,3
HALSEY,2,1,3
HAMID,2,1,3
HAN,2,1,3
HANO,2,1,3
HANYEL,2,1,3
HANZ,2,1,3
HARAL,2,1,3
HARDIE,2,1,3
HARLENY,2,1,3
HARRIN,2,1,3
HARSON,2,1,3
HARUN,2,1,3
HAYDELINA,2,1,3
HAYNEE,2,1,3
HAZZEL,2,1,3
HECTODIA,2,1,3
HEDILTRUDIS,2,1,3
HELIBALDO,2,1,3
HELIGIO,2,1,3
HELMONT,2,1,3
HEMERITO,2,1,3
HENG,2,1,3
HERACLIDES,2,1,3
HERALDA,2,1,3
HERBACIO,2,1,3
HERCELY,2,1,3
HERESMINIA,2,1,3
HERICO,2,1,3
HERMELIN,2,1,3
HERMELINO,2,1,3
HERMENES,2,1,3
HERMINA,2,1,3
HERMIR,2,1,3
HERNALDA,2,1,3
HERODICA,2,1,3
HERVIS,2,1,3
HEWSON,2,1,3
HIBRAHAN,2,1,3
HIDELBRANDO,2,1,3
HIDIA,2,1,3
HILANE,2,1,3
HILDA DE JESUS,2,1,3
HIMILCE,2,1,3
HIRINALDO,2,1,3
HISAIAS,2,1,3
HISOLINA,2,1,3
HITAMAR,2,1,3
HIXEL,2,1,3
HODAIR,2,1,3
HOLDEN,2,1,3
HOLSON,2,1,3
HORACE,2,1,3
HORVELINA,2,1,3
HOSMEL,2,1,3
HOVER,2,1,3
HUBERTA,2,1,3
HUBO,2,1,3
HUILFREDO,2,1,3
HULICES,2,1,3
HUMBERO,2,1,3
HUMER,2,1,3
HUMILDA,2,1,3
HURY,2,1,3
IBRANDO,2,1,3
IBSEN,2,1,3
IBSY,2,1,3
ICDAEL,2,1,3
IDAI,2,1,3
IDALMIA,2,1,3
IDANA,2,1,3
IDELIO,2,1,3
IDULVINA,2,1,3
IDUVINIA,2,1,3
IGANACIO,2,1,3
ILIBERTA,2,1,3
ILIN,2,1,3
ILISH,2,1,3
ILON,2,1,3
IMAN,2,1,3
IMILSE,2,1,3
INDIA,2,1,3
INDINA,2,1,3
INGLOBERTO,2,1,3
INMELDA,2,1,3
INNACIO,2,1,3
IRBEN,2,1,3
IRLENIA,2,1,3
IRMELDA,2,1,3
IRMGARD,2,1,3
IRSAN,2,1,3
IRVENA,2,1,3
ISAYDA,2,1,3
ISBANIA,2,1,3
ISIFREDO,2,1,3
ISMARA,2,1,3
ISMILDA,2,1,3
ISNEY,2,1,3
ISODORO,2,1,3
ISSACHAR,2,1,3
ISSI,2,1,3
ISTMANIA,2,1,3
ISVENIA,2,1,3
ITAHI,2,1,3
ITSABEL,2,1,3
ITSMANIA,2,1,3
IVAN DE JESUS,2,1,3
IVE,2,1,3
IVER,2,1,3
IVETI,2,1,3
IVETY,2,1,3
JABES,2,1,3
JAHLEEL,2,1,3
JAIMES,2,1,3
JALED,2,1,3
JANDER,2,1,3
JANIX,2,1,3
JANIXIA,2,1,3
JANNIO,2,1,3
JAQUELLINE,2,1,3
JARBI,2,1,3
JARDI,2,1,3
JARQUIN,2,1,3
JASER,2,1,3
JASMINIA,2,1,3
JAYMY,2,1,3
JEANNINA,2,1,3
JECSABEL,2,1,3
JEFTE,2,1,3
JENDRI,2,1,3
JENDRY,2,1,3
JENIN,2,1,3
JERMINA,2,1,3
JERMY,2,1,3
JERRIN,2,1,3
JERVER,2,1,3
JERVIS,2,1,3
JESSYE,2,1,3
JETY,2,1,3
JEYNER,2,1,3
JEZMIN,2,1,3
JHAN,2,1,3
JHANY,2,1,3
JIANG,2,1,3
JIBSAM,2,1,3
JICELY,2,1,3
JIMER,2,1,3
JO,2,1,3
JOANNIE,2,1,3
JOCOBA,2,1,3
JOHNIS,2,1,3
JOHON,2,1,3
JOHSON,2,1,3
JONAY,2,1,3
JORJINA,2,1,3
JOSE AGAPITO,2,1,3
JOSE ESTEBAN,2,1,3
JOSE FERNANDO,2,1,3
JOSE JOAQUIN,2,1,3
JOSE LITO,2,1,3
JOSE MATIAS,2,1,3
JOSE SANTIAGO,2,1,3
JOSE TRANSITO,2,1,3
JOSEFAT,2,1,3
JOSIANGEL,2,1,3
JOSSLYN,2,1,3
JOSUS,2,1,3
JOVELIA,2,1,3
JUANA BLACINA,2,1,3
JUANIS,2,1,3
JUDIP,2,1,3
JUDITS,2,1,3
JULET,2,1,3
JULIANITA,2,1,3
JULLISA,2,1,3
JULYSSA,2,1,3
KADIE,2,1,3
KAIRA,2,1,3
KALEB,2,1,3
KARILYN,2,1,3
KARROL,2,1,3
KATIS,2,1,3
KATYNA,2,1,3
KELING,2,1,3
KEMBLY,2,1,3
KENNDY,2,1,3
KENNI,2,1,3
KENNIS,2,1,3
KEPLER,2,1,3
KETI,2,1,3
KEYDEE,2,1,3
KRESKIN,2,1,3
KRIMILDA,2,1,3
KRISTOFER,2,1,3
LAINES,2,1,3
LANDRY,2,1,3
LARINA,2,1,3
LARSEN,2,1,3
LATINIA,2,1,3
LAURENCIA,2,1,3
LAURIS,2,1,3
LEANY,2,1,3
LEATRICE,2,1,3
LEBID,2,1,3
LECIS,2,1,3
LEDYA,2,1,3
LEEN,2,1,3
LEIVA,2,1,3
LENDYS,2,1,3
LENNIE,2,1,3
LENNING,2,1,3
LEOLIN,2,1,3
LEONEDES,2,1,3
LEONELSA,2,1,3
LERIO,2,1,3
LESTTER,2,1,3
LETIZIA,2,1,3
LEUMIN,2,1,3
LEUTHRELL,2,1,3
LEXIA,2,1,3
LEYLE,2,1,3
LIANE,2,1,3
LIBRANDO,2,1,3
LICITA,2,1,3
LIDECE,2,1,3
LIDELBA,2,1,3
LIDIEC,2,1,3
LIDUBINO,2,1,3
LIGDENY,2,1,3
LIMBERTH,2,1,3
LINDELY,2,1,3
LINDOR,2,1,3
LIONIDES,2,1,3
LIRA,2,1,3
LISDANIA,2,1,3
LISMERCY,2,1,3
LISSIE,2,1,3
LIXABEL,2,1,3
LIZEIDA,2,1,3
LIZELDA,2,1,3
LLESICA,2,1,3
LLIMER,2,1,3
LOANNA,2,1,3
LOANNY,2,1,3
LONA,2,1,3
LONGOBARDO,2,1,3
LORENDA,2,1,3
LORLIN,2,1,3
LOTTIAN,2,1,3
LOVELEE,2,1,3
LOVINE,2,1,3
LOYDE,2,1,3
LUBERLINDA,2,1,3
LUBINIA,2,1,3
LUCIDELIA,2,1,3
LUCILLO,2,1,3
LUCIYA,2,1,3
LUDGARDO,2,1,3
LUDIVINE,2,1,3
LUELA,2,1,3
LUELLA,2,1,3
LUI,2,1,3
LULY,2,1,3
LURBEN,2,1,3
LURIAM,2,1,3
LURIO,2,1,3
LUSWIN,2,1,3
LUZ MARIA,2,1,3
MA DE LA CRUZ,2,1,3
MACERMO,2,1,3
MACKENLY,2,1,3
MACLOBIO,2,1,3
MADA,2,1,3
MADELEN,2,1,3
MAGDALICIA,2,1,3
MAGLI,2,1,3
MAGOG,2,1,3
MAHALY,2,1,3
MAILE,2,1,3
MAILEN,2,1,3
MAILENA,2,1,3
MAK,2,1,3
MALINA,2,1,3
MANASSES,2,1,3
MANECIO,2,1,3
MANIS,2,1,3
MANNOR,2,1,3
MAQUIAVELO,2,1,3
MARBET,2,1,3
MARCARIO,2,1,3
MARCIALITA,2,1,3
MARCIS,2,1,3
MARCOLFO,2,1,3
MARDOQUIN,2,1,3
MARGARTIA,2,1,3
MARGERI,2,1,3
MARGIL,2,1,3
MARIA ALEJANDRA,2,1,3
MARIA ALICIA,2,1,3
MARIA AMPARO,2,1,3
MARIA ASUNCION,2,1,3
MARIA CONSUELO,2,1,3
MARIA ELVIRA,2,1,3
MARIA ESTELA,2,1,3
MARIA MARGARITA,2,1,3
MARIA MARTHA,2,1,3
MARIA MELIDA,2,1,3
MARIA SOLEDAD,2,1,3
MARIANELY,2,1,3
MARIC,2,1,3
MARIDELA,2,1,3
MARIES,2,1,3
MARIESTELA,2,1,3
MARIGZA,2,1,3
MARILEZ,2,1,3
MARILLA,2,1,3
MARILSA,2,1,3
MARILSIA,2,1,3
MARIO DE JESUS,2,1,3
MARITSIA,2,1,3
MARIZELDA,2,1,3
MARON,2,1,3
MARS,2,1,3
MARTELA,2,1,3
MARTICA,2,1,3
MARUBENIS,2,1,3
MARVIM,2,1,3
MARYBELLE,2,1,3
MARYENY,2,1,3
MAU,2,1,3
MAUCIMINO,2,1,3
MAUDE,2,1,3
MAUDELINA,2,1,3
MAUDIN,2,1,3
MAUNA,2,1,3
MAURINA,2,1,3
MAYENA,2,1,3
MAYI,2,1,3
MAYK,2,1,3
MAYKOL,2,1,3
MAYLENG,2,1,3
MAYLO,2,1,3
MAYRE,2,1,3
MAYRIN,2,1,3
MEDALDA,2,1,3
MEDARI,2,1,3
MEDELIN,2,1,3
MEDILA,2,1,3
MEINARDO,2,1,3
MELCHI,2,1,3
MELDON,2,1,3
MELDRINA,2,1,3
MELEDIS,2,1,3
MELENY,2,1,3
MELISIA,2,1,3
MELITHZA,2,1,3
MELLIN,2,1,3
MELMI,2,1,3
MELQUESIDETH,2,1,3
MEMORACION,2,1,3
MEMORIA,2,1,3
MEN,2,1,3
MENAIN,2,1,3
MENANDRO,2,1,3
MENDEZ,2,1,3
MENJIBAR,2,1,3
MERALIS,2,1,3
MERCEDE,2,1,3
MERCIANA,2,1,3
MEREDIS,2,1,3
MEREDITA,2,1,3
MERELY,2,1,3
MERIA,2,1,3
MERIDIANA,2,1,3
MERRIL,2,1,3
MERVYN,2,1,3
MEVIN,2,1,3
MEXY,2,1,3
MIBZAR,2,1,3
MICHAL,2,1,3
MIGDALIS,2,1,3
MIGDIA,2,1,3
MIGDONI,2,1,3
MIGLAN,2,1,3
MIGNA,2,1,3
MIKTZA,2,1,3
MILANEO,2,1,3
MILCIADIS,2,1,3
MILEIVI,2,1,3
MILESKA,2,1,3
MILISSA,2,1,3
MILITA,2,1,3
MILIXIA,2,1,3
MILLI,2,1,3
MILMO,2,1,3
MILQUIADES,2,1,3
MILTOR,2,1,3
MIMY,2,1,3
MIRCIAN,2,1,3
MIRIAHAM,2,1,3
MIRLLAN,2,1,3
MIRLY,2,1,3
MIRRA,2,1,3
MIRTY,2,1,3
MIS,2,1,3
MISCELANIA,2,1,3
MISHELLE,2,1,3
MITALIA,2,1,3
MIXELINA,2,1,3
MODESTINO,2,1,3
MOHSEN,2,1,3
MOR,2,1,3
MORLAN,2,1,3
NAASON,2,1,3
NAHOMY,2,1,3
NALMY,2,1,3
NANY,2,1,3
NAPTALIA,2,1,3
NASAREA,2,1,3
NATTALY,2,1,3
NAUMAN,2,1,3
NAYA,2,1,3
NAYIN,2,1,3
NAZIRI,2,1,3
NAZRI,2,1,3
NECTALINO,2,1,3
NEEL,2,1,3
NELEY,2,1,3
NELHY,2,1,3
NELIM,2,1,3
NELYA,2,1,3
NEMIA,2,1,3
NENY,2,1,3
NERALDY,2,1,3
NERCIS,2,1,3
NEREIRA,2,1,3
NERISSA,2,1,3
NERITA,2,1,3
NEULIN,2,1,3
NEXA,2,1,3
NEXIMO,2,1,3
NICOLAY,2,1,3
NIDA,2,1,3
NIDIS,2,1,3
NIGDA,2,1,3
NINRROD,2,1,3
NOLBERT,2,1,3
NOLDY,2,1,3
NORA DEL CARMEN,2,1,3
NORATA,2,1,3
NORBERT,2,1,3
NORBETA,2,1,3
NORDIN,2,1,3
NORES,2,1,3
NORMALY,2,1,3
NORMANDY,2,1,3
NORRIE,2,1,3
NORVELISA,2,1,3
NOVIL,2,1,3
NOVIN,2,1,3
NOVY,2,1,3
NUEVA,2,1,3
NUFIA,2,1,3
NURYA,2,1,3
NUVIO,2,1,3
OASIS,2,1,3
OBEDINDA,2,1,3
OBENCE,2,1,3
OBENIL,2,1,3
OBIN,2,1,3
OBIS,2,1,3
OBITA,2,1,3
OCAR,2,1,3
OCTILIO,2,1,3
ODALIER,2,1,3
ODELLY,2,1,3
ODELMY,2,1,3
OFRECIANA,2,1,3
OFRECINIA,2,1,3
OLFILIA,2,1,3
OLGA  ESPERANZA,2,1,3
OLMEDES,2,1,3
OLY,2,1,3
OMARDO,2,1,3
OMELINA,2,1,3
OMNY,2,1,3
ONCIDA,2,1,3
ONDILIA,2,1,3
ONEIRA,2,1,3
ONELSY,2,1,3
ONELVIA,2,1,3
ONICA,2,1,3
ONOCINA,2,1,3
ONOEL,2,1,3
ORBELIANO,2,1,3
ORFELI,2,1,3
ORILIA,2,1,3
ORITZA,2,1,3
ORLIM,2,1,3
ORLINTON,2,1,3
ORNEL,2,1,3
ORTWIN,2,1,3
OSLANDA,2,1,3
OSLEY,2,1,3
OSMINIO,2,1,3
OSNEIDA,2,1,3
OSTEN,2,1,3
OSWALDINA,2,1,3
OTILA,2,1,3
OTMAN,2,1,3
OVEDA,2,1,3
OVERTON,2,1,3
OVINDA,2,1,3
OWENS,2,1,3
PARMENIDES,2,1,3
PAS,2,1,3
PATRIC,2,1,3
PATRIK,2,1,3
PATRISIO,2,1,3
PEDRINO,2,1,3
PENELOPE,2,1,3
PERBIS,2,1,3
PERCIE,2,1,3
PERCIS,2,1,3
PERPETO,2,1,3
PETTER,2,1,3
PHILLIPS,2,1,3
PIERALDO,2,1,3
PITTER,2,1,3
POLONIO,2,1,3
PRAXEDEZ,2,1,3
PRAXIDES,2,1,3
PRECEDE,2,1,3
PULIO,2,1,3
QUELY,2,1,3
QUINCY,2,1,3
RADAME,2,1,3
RAINA,2,1,3
RAMIN,2,1,3
RAMY,2,1,3
RAYMON,2,1,3
REBELINO,2,1,3
REDIL,2,1,3
REENE,2,1,3
REINHARD,2,1,3
RENARD,2,1,3
RENILDA,2,1,3
RENNERIO,2,1,3
RESTITUTO,2,1,3
REYNARIO,2,1,3
RIBELINA,2,1,3
RICHE,2,1,3
RIGOBETO,2,1,3
RINALDI,2,1,3
RINALDIS,2,1,3
RINSA,2,1,3
RISIBEL,2,1,3
RIUBERTO,2,1,3
ROBINSSON,2,1,3
ROBISON,2,1,3
ROCAMBOLE,2,1,3
ROCINDO,2,1,3
RODAN,2,1,3
RODELIA,2,1,3
RODILIA,2,1,3
RODINA,2,1,3
RODULIA,2,1,3
ROMELITA,2,1,3
RONIY,2,1,3
RONMER,2,1,3
ROOS,2,1,3
ROQUER,2,1,3
ROSAIVEL,2,1,3
ROSAVINDA,2,1,3
ROSEMBERG,2,1,3
ROSEMBERT,2,1,3
ROSEN,2,1,3
ROSIBET,2,1,3
ROSMELI,2,1,3
ROSNIERY,2,1,3
ROSVEL,2,1,3
ROXZANA,2,1,3
ROYLIN,2,1,3
RUBENCIA,2,1,3
RUBENILDA,2,1,3
RUDE,2,1,3
RUDIBERTO,2,1,3
RUDIO,2,1,3
RULI,2,1,3
RULVIA,2,1,3
RUPTILIO,2,1,3
RUTDILIO,2,1,3
RUTHILIA,2,1,3
RUVIS,2,1,3
SABELI,2,1,3
SADEE,2,1,3
SADIN,2,1,3
SAMBRANO,2,1,3
SAMMAI,2,1,3
SANTAANA,2,1,3
SANTINI,2,1,3
SANTIOS,2,1,3
SANTUARIO,2,1,3
SARALINA,2,1,3
SARINELA,2,1,3
SASAN,2,1,3
SATURNA,2,1,3
SAULA,2,1,3
SAVERIO,2,1,3
SAYANARA,2,1,3
SAYDEE,2,1,3
SAYLA,2,1,3
SAYLY,2,1,3
SEAN,2,1,3
SECARLOS,2,1,3
SEGNIA,2,1,3
SELAIDA,2,1,3
SELBIA,2,1,3
SELVINO,2,1,3
SENCIONA,2,1,3
SEREYDA,2,1,3
SERGENTINA,2,1,3
SEYDEL,2,1,3
SHANDA,2,1,3
SHARNA,2,1,3
SHELMA,2,1,3
SHELTON,2,1,3
SHEM,2,1,3
SHIBLI,2,1,3
SIBELES,2,1,3
SIDALY,2,1,3
SIDIO,2,1,3
SIGILFREDO,2,1,3
SIGISFREDO,2,1,3
SILAI,2,1,3
SILI,2,1,3
SILIO,2,1,3
SIMONE,2,1,3
SINA,2,1,3
SINDA,2,1,3
SINESIO,2,1,3
SINFOROZO,2,1,3
SINUE,2,1,3
SINY,2,1,3
SIODIRA,2,1,3
SISARA,2,1,3
SISMAY,2,1,3
SMERLIN,2,1,3
SOA,2,1,3
SOLIA,2,1,3
SOMNY,2,1,3
SORANIA,2,1,3
SOROASTRO,2,1,3
STEDY,2,1,3
STEFANIA,2,1,3
STOS,2,1,3
STUART,2,1,3
SUGELI,2,1,3
SUJAN,2,1,3
SULPICIO,2,1,3
SURAMA,2,1,3
SURI,2,1,3
SURIS,2,1,3
SUSA,2,1,3
SWAN,2,1,3
SYDNEY,2,1,3
TAMISHA,2,1,3
TEILOR,2,1,3
TELL,2,1,3
TELMI,2,1,3
TEODONILA,2,1,3
TEODOZO,2,1,3
THERY,2,1,3
TIMA,2,1,3
TIMMY,2,1,3
TINITA,2,1,3
TIODOCIA,2,1,3
TIODULO,2,1,3
TON,2,1,3
TRAVES,2,1,3
TRIFILA,2,1,3
TRUADIA,2,1,3
TRUDYS,2,1,3
TULES,2,1,3
UBERLINDO,2,1,3
UBESLINDA,2,1,3
UDITH,2,1,3
ULRIC,2,1,3
USBERTO,2,1,3
UVEN,2,1,3
UVENCIA,2,1,3
UVIN,2,1,3
VANGEL,2,1,3
VARGAS,2,1,3
VARINA,2,1,3
VECI,2,1,3
VEDIS,2,1,3
VELQUI,2,1,3
VELYN,2,1,3
VENEDICTA,2,1,3
VENEZUELA,2,1,3
VERACRUZ,2,1,3
VERLYN,2,1,3
VERNARDO,2,1,3
VERNELL,2,1,3
VERSELY,2,1,3
VERTI,2,1,3
VIBERTO,2,1,3
VIBILIA,2,1,3
VICENSINA,2,1,3
VIEMBENIDA,2,1,3
VILFRIDA,2,1,3
VILIBARDO,2,1,3
VINTON,2,1,3
VISITA,2,1,3
VITOLINA,2,1,3
VORNA,2,1,3
VUENAVENTURA,2,1,3
WALDEN,2,1,3
WALLIS,2,1,3
WALT,2,1,3
WATSON,2,1,3
WELLY,2,1,3
WELTER,2,1,3
WENCESLADA,2,1,3
WENDOLI,2,1,3
WIDALIS,2,1,3
WILBORT,2,1,3
WILES,2,1,3
WILGER,2,1,3
WILI,2,1,3
WILIBERTO,2,1,3
WILLE,2,1,3
WILLIAS,2,1,3
WILTOR,2,1,3
WINBERTO,2,1,3
WISMAR,2,1,3
WOLFAN,2,1,3
WOLFGANG,2,1,3
WOSBALDO,2,1,3
WUALMAN,2,1,3
WUENCE,2,1,3
WUILLIAM,2,1,3
WUILTHON,2,1,3
WYLMER,2,1,3
XAVIERA,2,1,3
YADERY,2,1,3
YADI,2,1,3
YADMIN,2,1,3
YADMIRA,2,1,3
YALELY,2,1,3
YALIXA,2,1,3
YANDER,2,1,3
YANEN,2,1,3
YANIRIAN,2,1,3
YANITA,2,1,3
YANIX,2,1,3
YANNINA,2,1,3
YANORE,2,1,3
YANUIRIAN,2,1,3
YARBI,2,1,3
YARICZA,2,1,3
YARLIS,2,1,3
YASIRIS,2,1,3
YAXENY,2,1,3
YECSI,2,1,3
YENISE,2,1,3
YENNSY,2,1,3
YENSEN,2,1,3
YENSIS,2,1,3
YERRI,2,1,3
YESSENI,2,1,3
YILBERT,2,1,3
YITZHAK,2,1,3
YLDEFONSO,2,1,3
YLSA,2,1,3
YOBANIY,2,1,3
YOHALMO,2,1,3
YOLLY,2,1,3
YONIL,2,1,3
YORLEMI,2,1,3
YOSIS,2,1,3
YOUNGER,2,1,3
YOVED,2,1,3
YUBA,2,1,3
YUBIXA,2,1,3
YUDICE,2,1,3
YUNIAR,2,1,3
YUSMARY,2,1,3
YUVANNY,2,1,3
YUVER,2,1,3
ZABDIEL,2,1,3
ZADIRA,2,1,3
ZAHARA,2,1,3
ZATURNINO,2,1,3
ZENITH,2,1,3
ZHANG,2,1,3
ZOANY,2,1,3
ZOHE,2,1,3
ZONA,2,1,3
ZOREIDA,2,1,3
ZUE,2,1,3
ZUNIGA,2,1,3
ABAHAN,3,0,3
ABDIA,3,0,3
ABIN,3,0,3
ADAILDA,3,0,3
ADANILIA,3,0,3
ADAVIA,3,0,3
ADDULIA,3,0,3
ADE,3,0,3
ADES,3,0,3
ADGAR,3,0,3
ADISSON,3,0,3
ADOLINDA,3,0,3
ADONEYDA,3,0,3
ADORITA,3,0,3
ADUIN,3,0,3
AFRA,3,0,3
AGNI,3,0,3
AHOLIBAMA,3,0,3
AHUNER,3,0,3
AIDELINA,3,0,3
AILA,3,0,3
AIRIN,3,0,3
ALBI,3,0,3
ALDREN,3,0,3
ALECIS,3,0,3
ALEJANRINA,3,0,3
ALENCIA,3,0,3
ALFRE,3,0,3
ALFREDIN,3,0,3
ALIC,3,0,3
ALINIA,3,0,3
ALIRIA,3,0,3
ALMARY,3,0,3
ALMIN,3,0,3
ALSA,3,0,3
ALSTAN,3,0,3
ALVYN,3,0,3
AMA,3,0,3
AMARIA,3,0,3
AMELINDA,3,0,3
AMNIE,3,0,3
ANA FRANCISCA,3,0,3
ANABESIS,3,0,3
ANAILA,3,0,3
ANALISA,3,0,3
ANCER,3,0,3
ANCIA,3,0,3
ANCY,3,0,3
ANDOLIA,3,0,3
ANDRA,3,0,3
ANDRIK,3,0,3
ANGELLO,3,0,3
ANGY,3,0,3
ANIELKA,3,0,3
ANMI,3,0,3
ANNDY,3,0,3
ANNIA,3,0,3
ANNYE,3,0,3
ARCELITA,3,0,3
ARCHIBALD,3,0,3
ARCIDA,3,0,3
ARCIRIA,3,0,3
ARDIS,3,0,3
ARENIA,3,0,3
ARGEN,3,0,3
ARGERY,3,0,3
ARIX,3,0,3
ARJANI,3,0,3
ARNARDO,3,0,3
ARTHEMIS,3,0,3
ASILA,3,0,3
ASTRIN,3,0,3
ASTRYD,3,0,3
ATAULFO,3,0,3
ATER,3,0,3
AUDE,3,0,3
AUDIA,3,0,3
AUDULFO,3,0,3
AUREANO,3,0,3
AURO,3,0,3
AUSTRABERTO,3,0,3
AUSTRIA,3,0,3
AVIDIA,3,0,3
AYBI,3,0,3
AYNA,3,0,3
AZIZA,3,0,3
BALDIVIO,3,0,3
BALKIS,3,0,3
BANYI,3,0,3
BASILICO,3,0,3
BEBERLYN,3,0,3
BEBLY,3,0,3
BEERI,3,0,3
BEHTI,3,0,3
BEHULA,3,0,3
BEIMAN,3,0,3
BELARDINO,3,0,3
BELINIA,3,0,3
BELKLIN,3,0,3
BELKYSS,3,0,3
BELTIS,3,0,3
BELYA,3,0,3
BENEDIN,3,0,3
BENERITA,3,0,3
BENERITO,3,0,3
BENKY,3,0,3
BERCILIA,3,0,3
BERDINA,3,0,3
BERINA,3,0,3
BERKIS,3,0,3
BERLEY,3,0,3
BERNAT,3,0,3
BERNIE,3,0,3
BERQUIS,3,0,3
BERZA,3,0,3
BESIY,3,0,3
BESLER,3,0,3
BESYS,3,0,3
BETYH,3,0,3
BETZY,3,0,3
BEXIN,3,0,3
BEXIS,3,0,3
BEYBI,3,0,3
BEYRA,3,0,3
BEYRON,3,0,3
BICELDA,3,0,3
BICTELIA,3,0,3
BIGBERTO,3,0,3
BING,3,0,3
BIVIA,3,0,3
BLENDY,3,0,3
BLIMA,3,0,3
BLONDY,3,0,3
BONIE,3,0,3
BONIFASIA,3,0,3
BORTY,3,0,3
BREDIN,3,0,3
BRENER,3,0,3
BRENES,3,0,3
BRENNIE,3,0,3
BRILFIDA,3,0,3
BRILIA,3,0,3
BRINA,3,0,3
BUENABENTURA,3,0,3
BURK,3,0,3
CALIMERIA,3,0,3
CALINA,3,0,3
CANUEL,3,0,3
CARDIE,3,0,3
CARIL,3,0,3
CARIM,3,0,3
CARMILA,3,0,3
CAROLD,3,0,3
CASTARINA,3,0,3
CATHIA,3,0,3
CATYA,3,0,3
CECYL,3,0,3
CEDIA,3,0,3
CEDIL,3,0,3
CEDRIC,3,0,3
CEDY,3,0,3
CELIDONIO,3,0,3
CELSOMINA,3,0,3
CENI,3,0,3
CENIN,3,0,3
CERVANDA,3,0,3
CERVIN,3,0,3
CESIR,3,0,3
CHABELA,3,0,3
CHANA,3,0,3
CHARLI,3,0,3
CHIRISTIAN,3,0,3
CHONG,3,0,3
CHRISTA,3,0,3
CHRISTY,3,0,3
CILO,3,0,3
CIMON,3,0,3
CINA,3,0,3
CINDI,3,0,3
CINDULFO,3,0,3
CIRLE,3,0,3
CLAIRY,3,0,3
CLEFORD,3,0,3
CLELI,3,0,3
CLEOFINA,3,0,3
CLERA,3,0,3
CLERIA,3,0,3
CLETAN,3,0,3
CLIBER,3,0,3
CLIBIA,3,0,3
CLIFORD,3,0,3
CLORA,3,0,3
CLORO,3,0,3
COLENS,3,0,3
COLLEN,3,0,3
CONCHO,3,0,3
CONNIEE,3,0,3
CONSME,3,0,3
COPANTL,3,0,3
CORAIDE,3,0,3
CORINE,3,0,3
CRACIELA,3,0,3
CRESENTE,3,0,3
CRESPO,3,0,3
CRISTILINA,3,0,3
CRISTOFFER,3,0,3
CRITZA,3,0,3
CRIXA,3,0,3
CROSVIN,3,0,3
CYNARA,3,0,3
CYNDI,3,0,3
CYNIA,3,0,3
CYNTYA,3,0,3
DACIO,3,0,3
DADIS,3,0,3
DAFME,3,0,3
DAFNI,3,0,3
DAFNY,3,0,3
DAILIN,3,0,3
DAILY,3,0,3
DAINE,3,0,3
DAIRIN,3,0,3
DALICIO,3,0,3
DALISE,3,0,3
DALVIS,3,0,3
DAMALIS,3,0,3
DAMIS,3,0,3
DAMNY,3,0,3
DANAHE,3,0,3
DANARIS,3,0,3
DANIELITO,3,0,3
DANIELS,3,0,3
DANIO,3,0,3
DANIZ,3,0,3
DANNYA,3,0,3
DANSY,3,0,3
DAPHNY,3,0,3
DARCEL,3,0,3
DARCIS,3,0,3
DARKIN,3,0,3
DARLEY,3,0,3
DARYL,3,0,3
DASME,3,0,3
DASNI,3,0,3
DAVIZON,3,0,3
DAYCY,3,0,3
DAYNA,3,0,3
DAYSSE,3,0,3
DAYVIN,3,0,3
DECI,3,0,3
DECIS,3,0,3
DECXIS,3,0,3
DEDSI,3,0,3
DEIBIN,3,0,3
DEINE,3,0,3
DEISES,3,0,3
DEISYS,3,0,3
DEIVI,3,0,3
DELCIDA,3,0,3
DELDA,3,0,3
DELDEE,3,0,3
DELEY,3,0,3
DELKI,3,0,3
DELMOR,3,0,3
DELWING,3,0,3
DEMNA,3,0,3
DEMNY,3,0,3
DEMSEY,3,0,3
DENVERD,3,0,3
DENZIL,3,0,3
DEO,3,0,3
DERBIN,3,0,3
DERVIS,3,0,3
DESLA,3,0,3
DESLIN,3,0,3
DESMI,3,0,3
DETZA,3,0,3
DEVID,3,0,3
DEVIN,3,0,3
DEYCE,3,0,3
DEYDY,3,0,3
DEYLY,3,0,3
DEYSINELA,3,0,3
DEYVIR,3,0,3
DEYXI,3,0,3
DHELMA,3,0,3
DIAMARYS,3,0,3
DIANDA,3,0,3
DIANNY,3,0,3
DICCI,3,0,3
DICCY,3,0,3
DICIA,3,0,3
DICKSON,3,0,3
DICXIA,3,0,3
DIDIO,3,0,3
DIENA,3,0,3
DIGBY,3,0,3
DIGENA,3,0,3
DIGNIA,3,0,3
DIKSY,3,0,3
DILBERTA,3,0,3
DILCYA,3,0,3
DILLARD,3,0,3
DILMAS,3,0,3
DILSIAN,3,0,3
DILSO,3,0,3
DILSY,3,0,3
DILTA,3,0,3
DIMIS,3,0,3
DINICIA,3,0,3
DINIE,3,0,3
DINISIO,3,0,3
DIOGRACIA,3,0,3
DIONNI,3,0,3
DIRIEN,3,0,3
DIRIS,3,0,3
DISAN,3,0,3
DISLA,3,0,3
DISSMAN,3,0,3
DIVIXS,3,0,3
DIXCI,3,0,3
DIXZA,3,0,3
DOLA,3,0,3
DOLFY,3,0,3
DOLMER,3,0,3
DOMILILA,3,0,3
DOMINICIA,3,0,3
DONISIO,3,0,3
DONIZ,3,0,3
DONLEY,3,0,3
DONNIS,3,0,3
DORES,3,0,3
DORIDALMA,3,0,3
DORLI,3,0,3
DOSINDA,3,0,3
DOTLY,3,0,3
DOUGLA,3,0,3
DUARTES,3,0,3
DUAY,3,0,3
DUBERLY,3,0,3
DUDIE,3,0,3
DUDIS,3,0,3
DUGAN,3,0,3
DUKE,3,0,3
DULCE MARIA,3,0,3
DULCI,3,0,3
DULIAN,3,0,3
DULVIS,3,0,3
DUNIOR,3,0,3
DURIAN,3,0,3
DURKI,3,0,3
DYRLA,3,0,3
EBI,3,0,3
EBLY,3,0,3
ECMAN,3,0,3
ECTA,3,0,3
EDAMS,3,0,3
EDELBIN,3,0,3
EDICIA,3,0,3
EDING,3,0,3
EDINS,3,0,3
EDISMUNDO,3,0,3
EDITS,3,0,3
EDMY,3,0,3
EDNER,3,0,3
EDNI,3,0,3
EDRILIA,3,0,3
EDRY,3,0,3
EDUAL,3,0,3
EDUARDITO,3,0,3
EDUEN,3,0,3
EDWEN,3,0,3
EDWUARD,3,0,3
EFER,3,0,3
EIRA,3,0,3
EIVIN,3,0,3
ELABIA,3,0,3
ELARDINA,3,0,3
ELDAR,3,0,3
ELDE,3,0,3
ELDINIA,3,0,3
ELDIR,3,0,3
ELDRAS,3,0,3
ELEUCADIA,3,0,3
ELEUSIS,3,0,3
ELEVARDO,3,0,3
ELGER,3,0,3
ELGUAR,3,0,3
ELIANI,3,0,3
ELICERIA,3,0,3
ELIMES,3,0,3
ELIMILEC,3,0,3
ELINGTON,3,0,3
ELIONZO,3,0,3
ELIOR,3,0,3
ELISANIAS,3,0,3
ELLYS,3,0,3
ELNOR,3,0,3
ELQUIS,3,0,3
ELSYN,3,0,3
ELVISS,3,0,3
EMERENCIA,3,0,3
EMIDDIA,3,0,3
EMIDONIO,3,0,3
EMMETT,3,0,3
EMMI,3,0,3
EMOS,3,0,3
ENDA,3,0,3
ENELVINA,3,0,3
ENES,3,0,3
ENESTOR,3,0,3
ENGUEL,3,0,3
ENIDE,3,0,3
ENIMER,3,0,3
ENNIA,3,0,3
ENRIN,3,0,3
ENRITA,3,0,3
ENYI,3,0,3
ENYL,3,0,3
ERA,3,0,3
ERCENIA,3,0,3
ERCITO,3,0,3
ERICT,3,0,3
ERINK,3,0,3
ERISH,3,0,3
ERITO,3,0,3
ERMENES,3,0,3
ERMENSON,3,0,3
ERMITANIO,3,0,3
ERMOCINDA,3,0,3
ERMYS,3,0,3
ERNELDO,3,0,3
ERNER,3,0,3
ERNESTORA,3,0,3
ERNITA,3,0,3
ERRAUL,3,0,3
ERSA,3,0,3
ERSINDA,3,0,3
ERTA,3,0,3
ERVEN,3,0,3
ERWIS,3,0,3
ERYCA,3,0,3
ERYK,3,0,3
ERZA,3,0,3
ESCARLY,3,0,3
ESEQUIAS,3,0,3
ESI,3,0,3
ESME,3,0,3
ESMELIO,3,0,3
ESNER,3,0,3
ESPIRIO,3,0,3
ESSIE,3,0,3
ESSY,3,0,3
ESTAFANIA,3,0,3
ESTERMINIA,3,0,3
ESVELIN,3,0,3
ESWUIN,3,0,3
ESWYN,3,0,3
ETMOR,3,0,3
ETTA,3,0,3
EUDALDA,3,0,3
EUDY,3,0,3
EURACIO,3,0,3
EVELINY,3,0,3
EVELYNG,3,0,3
EVERD,3,0,3
EVON,3,0,3
EVYS,3,0,3
EWER,3,0,3
EWIL,3,0,3
EWLIN,3,0,3
EXQUIN,3,0,3
EXSEQUIAS,3,0,3
EXSI,3,0,3
EXTREBERTO,3,0,3
EYDIE,3,0,3
EYLEN,3,0,3
EYLER,3,0,3
EYLI,3,0,3
EYLY,3,0,3
EYNI,3,0,3
EYVIN,3,0,3
EYVY,3,0,3
FADY,3,0,3
FALQUER,3,0,3
FAMMY,3,0,3
FANIX,3,0,3
FAREZ,3,0,3
FARIA,3,0,3
FARIDE,3,0,3
FARLEY,3,0,3
FATYMA,3,0,3
FELA,3,0,3
FELICITACION,3,0,3
FENDY,3,0,3
FENIS,3,0,3
FEREN,3,0,3
FERLY,3,0,3
FIGLODERVINA,3,0,3
FILECTO,3,0,3
FLAUDIA,3,0,3
FLORAINA,3,0,3
FLORANA,3,0,3
FLORANCE,3,0,3
FLORDELINA,3,0,3
FLORELINA,3,0,3
FLORENY,3,0,3
FLORESBINDA,3,0,3
FLORIAM,3,0,3
FLORIDALDA,3,0,3
FLORIDASMA,3,0,3
FLORILDA,3,0,3
FLORINELDA,3,0,3
FLORISMILA,3,0,3
FLORYDALMA,3,0,3
FLOTILDE,3,0,3
FRACIS,3,0,3
FRANCISC,3,0,3
FRANIA,3,0,3
FRANIS,3,0,3
FRANKLI,3,0,3
FRANQLIN,3,0,3
FREDAN,3,0,3
FREDER,3,0,3
FREDHY,3,0,3
FREDISVELDO,3,0,3
FRIMAN,3,0,3
FRISNEDO,3,0,3
FRITZ,3,0,3
FRUMENCIO,3,0,3
FUNG,3,0,3
GABBY,3,0,3
GARBIN,3,0,3
GARIS,3,0,3
GAVI,3,0,3
GEDIS,3,0,3
GEDMAN,3,0,3
GEDZEL,3,0,3
GEILY,3,0,3
GEISAL,3,0,3
GELACIA,3,0,3
GELASIO,3,0,3
GELBIS,3,0,3
GELMA,3,0,3
GELMO,3,0,3
GELVIZ,3,0,3
GEMMY,3,0,3
GEMNY,3,0,3
GENELY,3,0,3
GENEROSO,3,0,3
GENIL,3,0,3
GENOVA,3,0,3
GERA,3,0,3
GERALDA,3,0,3
GERBEL,3,0,3
GERCIA,3,0,3
GERDY,3,0,3
GERMINIANO,3,0,3
GERNAN,3,0,3
GERSIN,3,0,3
GERTIS,3,0,3
GERTZAN,3,0,3
GESEL,3,0,3
GESSI,3,0,3
GEYBY,3,0,3
GEYLA,3,0,3
GEYLAN,3,0,3
GEYVI,3,0,3
GIA,3,0,3
GIESY,3,0,3
GIMIRALDO,3,0,3
GIMY,3,0,3
GINNY,3,0,3
GIORGE,3,0,3
GITLER,3,0,3
GITZA,3,0,3
GLADEYS,3,0,3
GLADIX,3,0,3
GLANDY,3,0,3
GLANDYS,3,0,3
GLENDIA,3,0,3
GLENDON,3,0,3
GLENIX,3,0,3
GLENNYS,3,0,3
GLEYDY,3,0,3
GLEYMER,3,0,3
GLIDIAN,3,0,3
GLONDY,3,0,3
GLORITA,3,0,3
GOLDYN,3,0,3
GORJE,3,0,3
GRACILIANO,3,0,3
GRAYSI,3,0,3
GREBYL,3,0,3
GREDIZ,3,0,3
GREDYN,3,0,3
GREETEL,3,0,3
GRESLY,3,0,3
GREYDI,3,0,3
GREYSSY,3,0,3
GRISCA,3,0,3
GRISELDO,3,0,3
GRISELVA,3,0,3
GROSVYN,3,0,3
GROSWIN,3,0,3
GUAIRA,3,0,3
GUALTHER,3,0,3
GUANDA,3,0,3
GUEIBI,3,0,3
GUEIVY,3,0,3
GUENDIS,3,0,3
GUERI,3,0,3
GUERIN,3,0,3
GUERY,3,0,3
GUILBOR,3,0,3
GUILFIDO,3,0,3
GUILMEN,3,0,3
GUILZON,3,0,3
GUIYERMINA,3,0,3
GUZTAVO,3,0,3
GYPSY,3,0,3
HÉCTOR,3,0,3
HAGDA,3,0,3
HAMAN,3,0,3
HAMON,3,0,3
HANDFORD,3,0,3
HANIA,3,0,3
HANNY,3,0,3
HARLIE,3,0,3
HEBLYN,3,0,3
HEBY,3,0,3
HEDIL,3,0,3
HEDILBERTA,3,0,3
HEDORITA,3,0,3
HEIKE,3,0,3
HEIMY,3,0,3
HELDEN,3,0,3
HELIBRANDO,3,0,3
HELIOS,3,0,3
HELME,3,0,3
HELSA,3,0,3
HELSON,3,0,3
HEMI,3,0,3
HEMIS,3,0,3
HENIO,3,0,3
HENNER,3,0,3
HENRIN,3,0,3
HENRIY,3,0,3
HERALD,3,0,3
HERASMINIA,3,0,3
HERDER,3,0,3
HERMENCIO,3,0,3
HERMIL,3,0,3
HERMITA,3,0,3
HERMYS,3,0,3
HERRIN,3,0,3
HERTHA,3,0,3
HERTOR,3,0,3
HESLER,3,0,3
HESLIN,3,0,3
HESLY,3,0,3
HEYBEE,3,0,3
HEYLIN,3,0,3
HEYVI,3,0,3
HILBA,3,0,3
HILBER,3,0,3
HILBIA,3,0,3
HILDEBRANDA,3,0,3
HILDEN,3,0,3
HILDIFONSO,3,0,3
HILDY,3,0,3
HILMAN,3,0,3
HIMARA,3,0,3
HINA,3,0,3
HIRNALDO,3,0,3
HISIS,3,0,3
HISLIA,3,0,3
HITZA,3,0,3
HODMAN,3,0,3
HOLDA,3,0,3
HOLDING,3,0,3
HOLMAR,3,0,3
HOMOBONO,3,0,3
HONELDA,3,0,3
HONY,3,0,3
HORBIN,3,0,3
HORFILIA,3,0,3
HORIAN,3,0,3
HORLEN,3,0,3
HORLIS,3,0,3
HORVIN,3,0,3
HOSMER,3,0,3
HOSNI,3,0,3
HOYT,3,0,3
HUENDY,3,0,3
HUGER,3,0,3
HUMERCINDO,3,0,3
HUVER,3,0,3
ICIS,3,0,3
ICSY,3,0,3
IDELFONZA,3,0,3
IFRAEL,3,0,3
IGDALINA,3,0,3
ILDEBRAN,3,0,3
ILEAN,3,0,3
ILSIN,3,0,3
ILSON,3,0,3
IMERIA,3,0,3
IMGRID,3,0,3
INDRY,3,0,3
INGER,3,0,3
INGRIN,3,0,3
INGRISS,3,0,3
INTI,3,0,3
INTY,3,0,3
IONIAN,3,0,3
IRLY,3,0,3
IRMES,3,0,3
IRS,3,0,3
ISABELITA,3,0,3
ISABINA,3,0,3
ISADIAS,3,0,3
ISAIAZ,3,0,3
ISAULO,3,0,3
ISBAN,3,0,3
ISLENDA,3,0,3
ISMOILDO,3,0,3
ISOE,3,0,3
ISSY,3,0,3
ISYS,3,0,3
IVIA,3,0,3
IXELDA,3,0,3
IXY,3,0,3
IXZA,3,0,3
IZIDRO,3,0,3
J CONCEPCION,3,0,3
J. CONCEPCION,3,0,3
J.CARLOS,3,0,3
J.CARMEN,3,0,3
J.ENCARNACION,3,0,3
J.FRANCISCO,3,0,3
J.GABRIEL,3,0,3
J.MARCOS,3,0,3
J.MATIAS,3,0,3
JACLIN,3,0,3
JACOD,3,0,3
JACQUES,3,0,3
JADVIER,3,0,3
JAIDA,3,0,3
JAILSON,3,0,3
JAIMIE,3,0,3
JALIMA,3,0,3
JANDI,3,0,3
JANNIA,3,0,3
JANNIS,3,0,3
JARLES,3,0,3
JARLON,3,0,3
JARO,3,0,3
JARYN,3,0,3
JAYMI,3,0,3
JEEFRY,3,0,3
JEFRI,3,0,3
JEINI,3,0,3
JEINMY,3,0,3
JELLY,3,0,3
JELMIN,3,0,3
JENDY,3,0,3
JENICE,3,0,3
JENLY,3,0,3
JENNEY,3,0,3
JENNSY,3,0,3
JENNYFFER,3,0,3
JENYFER,3,0,3
JENYFFER,3,0,3
JERBER,3,0,3
JERCIN,3,0,3
JEREMIAZ,3,0,3
JERLYN,3,0,3
JEROMINO,3,0,3
JERSIN,3,0,3
JESNY,3,0,3
JESSENYA,3,0,3
JESSMY,3,0,3
JESUS DE LA,3,0,3
JESUSITO,3,0,3
JETRUDIZ,3,0,3
JEYNE,3,0,3
JHAROL,3,0,3
JHEIMY,3,0,3
JHESSICA,3,0,3
JHESSY,3,0,3
JHINMY,3,0,3
JHOLMAN,3,0,3
JHONE,3,0,3
JIHAD,3,0,3
JILBER,3,0,3
JILLIAM,3,0,3
JILSA,3,0,3
JINES,3,0,3
JINNA,3,0,3
JIPSI,3,0,3
JIPSY,3,0,3
JISELE,3,0,3
JOBI,3,0,3
JODIE,3,0,3
JODY,3,0,3
JOHMNY,3,0,3
JOHNNYS,3,0,3
JOHNS,3,0,3
JOLMER,3,0,3
JORGER,3,0,3
JORVIN,3,0,3
JOSE CONCEPCION,3,0,3
JOSE DE LA LUZ,3,0,3
JOSE FELIX,3,0,3
JOSE MERCEDES,3,0,3
JOSE OSCAR,3,0,3
JOSE REINALDO,3,0,3
JOSEO,3,0,3
JOSIANA,3,0,3
JOSMIN,3,0,3
JOVENCIO,3,0,3
JOVIER,3,0,3
JUALIANA,3,0,3
JUANATAN,3,0,3
JUBA,3,0,3
JUBENDILIA,3,0,3
JUDIE,3,0,3
JULIAM,3,0,3
JULIUS,3,0,3
JULLIE,3,0,3
JULO,3,0,3
JUNI,3,0,3
JUNIER,3,0,3
JUNISSA,3,0,3
JUNNE,3,0,3
JUVINALDA,3,0,3
JYMI,3,0,3
KAILA,3,0,3
KARLEM,3,0,3
KARMA,3,0,3
KATHEEN,3,0,3
KATHI,3,0,3
KATHLYN,3,0,3
KEBYN,3,0,3
KEDYN,3,0,3
KEILLY,3,0,3
KEISI,3,0,3
KELDA,3,0,3
KELLIE,3,0,3
KELSEN,3,0,3
KELSIE,3,0,3
KELSYN,3,0,3
KELVER,3,0,3
KEM,3,0,3
KEMUEL,3,0,3
KEMY,3,0,3
KENA,3,0,3
KENEY,3,0,3
KENIL,3,0,3
KENSLY,3,0,3
KERLI,3,0,3
KERLING,3,0,3
KEVIS,3,0,3
KEYBIN,3,0,3
KHADER,3,0,3
KILBERT,3,0,3
KILLIAN,3,0,3
KILVET,3,0,3
KIMY,3,0,3
KIRIAM,3,0,3
KISHA,3,0,3
KIXIA,3,0,3
KLELIA,3,0,3
KRYSTIAN,3,0,3
KUENIA,3,0,3
KUI,3,0,3
LAILA,3,0,3
LAINA,3,0,3
LAUDA,3,0,3
LAUREEN,3,0,3
LAURELIANO,3,0,3
LAURENDA,3,0,3
LAURENTH,3,0,3
LAURI,3,0,3
LAURITA,3,0,3
LAVIDIA,3,0,3
LAYLA,3,0,3
LEADY,3,0,3
LECCY,3,0,3
LEESLY,3,0,3
LEGINDA,3,0,3
LEGNA,3,0,3
LEIBIA,3,0,3
LEINER,3,0,3
LEISA,3,0,3
LEISI,3,0,3
LEISLI,3,0,3
LELAND,3,0,3
LELBI,3,0,3
LELBIA,3,0,3
LELBIN,3,0,3
LELBIS,3,0,3
LEMEN,3,0,3
LEMI,3,0,3
LENCHA,3,0,3
LENCI,3,0,3
LENDIZ,3,0,3
LENIGAN,3,0,3
LEONEYDA,3,0,3
LEONIRES,3,0,3
LEORGIA,3,0,3
LERIA,3,0,3
LERNY,3,0,3
LERVIN,3,0,3
LESBIS,3,0,3
LESDIA,3,0,3
LESDVIA,3,0,3
LESIE,3,0,3
LESLA,3,0,3
LESLEY,3,0,3
LESLIY,3,0,3
LESLLY,3,0,3
LESYS,3,0,3
LETBIA,3,0,3
LETTI,3,0,3
LEVIA,3,0,3
LEXA,3,0,3
LEXER,3,0,3
LEXLI,3,0,3
LEXSY,3,0,3
LEXTER,3,0,3
LEYMI,3,0,3
LEYNER,3,0,3
LEYRI,3,0,3
LEYSLA,3,0,3
LEYVIA,3,0,3
LEZLY,3,0,3
LIAN,3,0,3
LICCY,3,0,3
LICENDA,3,0,3
LICI,3,0,3
LICIEN,3,0,3
LIGGIA,3,0,3
LINDIN,3,0,3
LINDITA,3,0,3
LINDUVINA,3,0,3
LINLEY,3,0,3
LIONSIO,3,0,3
LIPZA,3,0,3
LISAURA,3,0,3
LISBED,3,0,3
LISIMACO,3,0,3
LIVER,3,0,3
LIVIN,3,0,3
LIVORIA,3,0,3
LIXIA,3,0,3
LLENI,3,0,3
LLIMI,3,0,3
LLIMY,3,0,3
LLINIS,3,0,3
LLONIS,3,0,3
LOBERTO,3,0,3
LOIRA,3,0,3
LOL,3,0,3
LONI,3,0,3
LORD,3,0,3
LORDIN,3,0,3
LORENTINA,3,0,3
LORREN,3,0,3
LOYRA,3,0,3
LUCINE,3,0,3
LUCRINDO,3,0,3
LUDER,3,0,3
LUDGUIN,3,0,3
LUFFI,3,0,3
LUIDIS,3,0,3
LUIGUI,3,0,3
LUPERIO,3,0,3
LURVING,3,0,3
LURWIN,3,0,3
LUSLY,3,0,3
LUXI,3,0,3
LUZNY,3,0,3
LUZVINA,3,0,3
LUZY,3,0,3
LYS,3,0,3
MA  SANTOS,3,0,3
MA BLANCA,3,0,3
MA GLORIA,3,0,3
MA ROSA,3,0,3
MA SANTOS,3,0,3
MA.ALBERTINA,3,0,3
MA.ANA,3,0,3
MA.ANDREA,3,0,3
MA.ANGELA,3,0,3
MA.ARGENTINA,3,0,3
MA.CRISTINA,3,0,3
MA.DORILA,3,0,3
MA.ENCARNACION,3,0,3
MA.EUSEBIA,3,0,3
MA.EVA,3,0,3
MA.FELIX,3,0,3
MA.GERARDA,3,0,3
MA.LEONOR,3,0,3
MA.MARGARITA,3,0,3
MA.MARINA,3,0,3
MA.MARTA,3,0,3
MA.MATILDE,3,0,3
MA.MODESTA,3,0,3
MA.NICOLASA,3,0,3
MA.NIEVES,3,0,3
MA.OLIVIA,3,0,3
MA.PEDRINA,3,0,3
MA.ROSARIO,3,0,3
MA.SANTIAGO,3,0,3
MA.SARA,3,0,3
MA.SOCORRO,3,0,3
MA.TOMASA,3,0,3
MABER,3,0,3
MABYS,3,0,3
MACO,3,0,3
MADIA,3,0,3
MAGALIS,3,0,3
MAGGI,3,0,3
MAGNI,3,0,3
MAIKEL,3,0,3
MAIKI,3,0,3
MAIKOL,3,0,3
MAIKY,3,0,3
MAINO,3,0,3
MAIRIA,3,0,3
MAKLIN,3,0,3
MALBIA,3,0,3
MALINDA,3,0,3
MAMNA,3,0,3
MANCY,3,0,3
MANFRI,3,0,3
MANIX,3,0,3
MANUELITA,3,0,3
MARBELA,3,0,3
MARBELIA,3,0,3
MARCUS,3,0,3
MARDOCHEO,3,0,3
MARDULINO,3,0,3
MARGGY,3,0,3
MARGIEN,3,0,3
MARIA  ANTONIA,3,0,3
MARIA  DEL,3,0,3
MARIA  SANTOS,3,0,3
MARIA ADRIANA,3,0,3
MARIA ANGELICA,3,0,3
MARIA CONCEPCIO,3,0,3
MARIA DEL DULCE,3,0,3
MARIA IGNACIA,3,0,3
MARIA ISIDORA,3,0,3
MARIA ISIDRA,3,0,3
MARIA PETRONA,3,0,3
MARIA SANDRA,3,0,3
MARIACONCEPCION,3,0,3
MARIALINA,3,0,3
MARIBLANCA,3,0,3
MARIDA,3,0,3
MARIELISA,3,0,3
MARILEE,3,0,3
MARLEX,3,0,3
MARMIL,3,0,3
MARQUIN,3,0,3
MARQUIS,3,0,3
MARQUITOS,3,0,3
MARSA,3,0,3
MARSHA,3,0,3
MARSIDELIA,3,0,3
MARTIRO,3,0,3
MARVIR,3,0,3
MASEDONIO,3,0,3
MATTHEW,3,0,3
MAUDI,3,0,3
MAUDIS,3,0,3
MAXIMIANO,3,0,3
MAXIS,3,0,3
MAXON,3,0,3
MAYBER,3,0,3
MAYCON,3,0,3
MAYFORN,3,0,3
MAYQUIN,3,0,3
MAYRAN,3,0,3
MAYTI,3,0,3
MAYURY,3,0,3
MEDA,3,0,3
MEDRINA,3,0,3
MELAËO,3,0,3
MELDI,3,0,3
MELDIN,3,0,3
MELONA,3,0,3
MELQUESIDEE,3,0,3
MELQUICIDES,3,0,3
MELSA,3,0,3
MELYI,3,0,3
MELYSSA,3,0,3
MENANDA,3,0,3
MENCY,3,0,3
MENDILIA,3,0,3
MENDIOLA,3,0,3
MENIS,3,0,3
MENNALIA,3,0,3
MENZA,3,0,3
MERCELINA,3,0,3
MERCIE,3,0,3
MERCILE,3,0,3
MERISIA,3,0,3
MERNA,3,0,3
MERNY,3,0,3
MEROLINDA,3,0,3
MERSON,3,0,3
MERWIN,3,0,3
MEVIL,3,0,3
MEXELEMIA,3,0,3
MEYBELL,3,0,3
MEYBORY,3,0,3
MEYNOR,3,0,3
MICKEL,3,0,3
MIDIO,3,0,3
MIGDO,3,0,3
MILBER,3,0,3
MILDRID,3,0,3
MILFRED,3,0,3
MILGUIAN,3,0,3
MILGYAN,3,0,3
MILJAN,3,0,3
MILSAN,3,0,3
MINI,3,0,3
MIRCILA,3,0,3
MIRIANN,3,0,3
MIRLAN,3,0,3
MIRNO,3,0,3
MIRTALY,3,0,3
MIRZAN,3,0,3
MISELY,3,0,3
MIXSA,3,0,3
MOLLY,3,0,3
MORFI,3,0,3
MORLI,3,0,3
MORVIN,3,0,3
MRA,3,0,3
NACEL,3,0,3
NADILIA,3,0,3
NAFIS,3,0,3
NAISY,3,0,3
NALBERTO,3,0,3
NARA,3,0,3
NARDY,3,0,3
NASIS,3,0,3
NASLE,3,0,3
NASLI,3,0,3
NASSRY,3,0,3
NAVARRO,3,0,3
NAVITA,3,0,3
NAYDIN,3,0,3
NAZIRY,3,0,3
NECI,3,0,3
NEESKENS,3,0,3
NEIDE,3,0,3
NEILYN,3,0,3
NELSEN,3,0,3
NELVER,3,0,3
NELXI,3,0,3
NELYIN,3,0,3
NEMENCIA,3,0,3
NENCIS,3,0,3
NENSI,3,0,3
NERIE,3,0,3
NERLING,3,0,3
NERMI,3,0,3
NERMIS,3,0,3
NEXSO,3,0,3
NEYI,3,0,3
NEYLY,3,0,3
NEYZA,3,0,3
NICXA,3,0,3
NIELS,3,0,3
NILGIA,3,0,3
NILGIAN,3,0,3
NILKA,3,0,3
NINRRO,3,0,3
NINZA,3,0,3
NIRIS,3,0,3
NIRNA,3,0,3
NITHZA,3,0,3
NITIA,3,0,3
NIVIDAD,3,0,3
NIXCIA,3,0,3
NIXI,3,0,3
NIXY,3,0,3
NOBLIA,3,0,3
NODI,3,0,3
NOELMY,3,0,3
NOILY,3,0,3
NOIMI,3,0,3
NOLDA,3,0,3
NOLDIN,3,0,3
NOLFIA,3,0,3
NOLMER,3,0,3
NOLMIX,3,0,3
NOLVEN,3,0,3
NOLVYN,3,0,3
NONDAS,3,0,3
NORBIS,3,0,3
NORDA,3,0,3
NORDIS,3,0,3
NORDY,3,0,3
NORIX,3,0,3
NORLAND,3,0,3
NORLEN,3,0,3
NORLINA,3,0,3
NORLON,3,0,3
NORMAND,3,0,3
NORMELA,3,0,3
NORRIS,3,0,3
NORVEL,3,0,3
NORVELITA,3,0,3
NORVELL,3,0,3
NORVY,3,0,3
NOSLAN,3,0,3
NOSLIN,3,0,3
NOVI,3,0,3
NOYDA,3,0,3
NUBI,3,0,3
NUBIAN,3,0,3
NUILSA,3,0,3
NULMAN,3,0,3
NUMA,3,0,3
NUMAR,3,0,3
NURINARDA,3,0,3
NUSLE,3,0,3
NUSLIN,3,0,3
ODALIX,3,0,3
ODRIS,3,0,3
OGLIS,3,0,3
OJEL,3,0,3
OLBA,3,0,3
OLBAR,3,0,3
OLBIA,3,0,3
OLEN,3,0,3
OLFRI,3,0,3
OLGIN,3,0,3
OLGUITA,3,0,3
OLIGARIO,3,0,3
OLIVENIA,3,0,3
OLLMAN,3,0,3
OLSIN,3,0,3
OLVEN,3,0,3
OLYN,3,0,3
OMRRI,3,0,3
OMRY,3,0,3
ONLY,3,0,3
ONMER,3,0,3
ONRRI,3,0,3
OPAL,3,0,3
ORANA,3,0,3
ORBI,3,0,3
ORBIS,3,0,3
ORCAR,3,0,3
ORENY,3,0,3
ORFILO,3,0,3
ORGINA,3,0,3
ORLEX,3,0,3
ORTADO,3,0,3
OSGARDO,3,0,3
OSLEN,3,0,3
OSTEL,3,0,3
OTHO,3,0,3
OTON,3,0,3
OTTIS,3,0,3
OVEDINDA,3,0,3
OVITO,3,0,3
OWEL,3,0,3
PADRO,3,0,3
PANCHITA,3,0,3
PANCHO,3,0,3
PAQUITO,3,0,3
PATROCINEA,3,0,3
PAYO,3,0,3
PERCIA,3,0,3
PERSIDA,3,0,3
PHYLLIS,3,0,3
PIERO,3,0,3
PORCIANO,3,0,3
PRADYS,3,0,3
PRAXERES,3,0,3
PREDESMINDA,3,0,3
PREDIS,3,0,3
PRICILIO,3,0,3
PRODENCIO,3,0,3
PROVELIO,3,0,3
QUELIS,3,0,3
QUENDY,3,0,3
QUENSY,3,0,3
QUEYDY,3,0,3
QUILBERT,3,0,3
QUIRIA,3,0,3
RAF,3,0,3
RAFAELINO,3,0,3
RAFAHEL,3,0,3
RALP,3,0,3
RAMZY,3,0,3
RAYDA,3,0,3
RAYLY,3,0,3
RAYMAN,3,0,3
RAYMIE,3,0,3
REBUSTIANO,3,0,3
REDYS,3,0,3
REGIN,3,0,3
REINITA,3,0,3
REIRAN,3,0,3
RENEGILDO,3,0,3
REUSTINA,3,0,3
REYDI,3,0,3
REYNELIA,3,0,3
REYNITA,3,0,3
REYRAN,3,0,3
RIBIN,3,0,3
RICLA,3,0,3
RICZA,3,0,3
RIGER,3,0,3
RIGUER,3,0,3
RIKI,3,0,3
RIME,3,0,3
RIMSKY,3,0,3
RITMA,3,0,3
RITTZA,3,0,3
ROALINDA,3,0,3
ROBBIN,3,0,3
ROBERH,3,0,3
ROBIER,3,0,3
RODIER,3,0,3
RODIZ,3,0,3
RODNIE,3,0,3
RODOLDO,3,0,3
ROGERT,3,0,3
ROGES,3,0,3
ROHANY,3,0,3
ROLI,3,0,3
ROLLIN,3,0,3
ROMULA,3,0,3
RON,3,0,3
RONIA,3,0,3
RONIMO,3,0,3
RONMELL,3,0,3
ROOSEL,3,0,3
ROQUI,3,0,3
RORIS,3,0,3
ROSALDO,3,0,3
ROSALIND,3,0,3
ROSALMIRA,3,0,3
ROSAMELIDA,3,0,3
ROSELLE,3,0,3
ROSIN,3,0,3
ROSMI,3,0,3
ROSSIN,3,0,3
ROSSNY,3,0,3
ROVIDIO,3,0,3
ROXANE,3,0,3
ROXNI,3,0,3
RUBIL,3,0,3
RUCILA,3,0,3
RUDIA,3,0,3
RUDVIN,3,0,3
RULBEL,3,0,3
RULBIO,3,0,3
RUMOALDO,3,0,3
RUNY,3,0,3
RUSBELIN,3,0,3
RUTHBEL,3,0,3
RUTHY,3,0,3
RUVERMAN,3,0,3
RYNA,3,0,3
SADYS,3,0,3
SAHILY,3,0,3
SAIRE,3,0,3
SALOMOM,3,0,3
SALUSTRIANA,3,0,3
SALVIN,3,0,3
SAMIN,3,0,3
SAMIS,3,0,3
SANDRY,3,0,3
SANTIN,3,0,3
SANYA,3,0,3
SARDIS,3,0,3
SARIDALMA,3,0,3
SARLI,3,0,3
SAVY,3,0,3
SCHERLY,3,0,3
SEINA,3,0,3
SEIRA,3,0,3
SELGIO,3,0,3
SELICA,3,0,3
SELMER,3,0,3
SELMIS,3,0,3
SELPEDA,3,0,3
SELVIDA,3,0,3
SENI,3,0,3
SEREN,3,0,3
SERVILIANO,3,0,3
SERVITA,3,0,3
SERWIN,3,0,3
SERY,3,0,3
SEVELINA,3,0,3
SEXTO,3,0,3
SEYRA,3,0,3
SHANE,3,0,3
SHARI,3,0,3
SHARIE,3,0,3
SHARY,3,0,3
SHEILYN,3,0,3
SHENA,3,0,3
SHENY,3,0,3
SHERIL,3,0,3
SHERLLY,3,0,3
SHERWOOD,3,0,3
SHERYLL,3,0,3
SHINTIA,3,0,3
SIDULFO,3,0,3
SIEGFRIED,3,0,3
SIHONY,3,0,3
SILIEN,3,0,3
SILMAR,3,0,3
SIMRI,3,0,3
SINDYS,3,0,3
SINTIHA,3,0,3
SIRENA,3,0,3
SIRYI,3,0,3
SISSI,3,0,3
SISTINA,3,0,3
SIVERIA,3,0,3
SOCHIL,3,0,3
SOLVER,3,0,3
SOMAY,3,0,3
STED,3,0,3
SUAMIN,3,0,3
SUELA,3,0,3
SUELLEN,3,0,3
SUHANY,3,0,3
SUJENY,3,0,3
SULAIDA,3,0,3
SULEIMA,3,0,3
SULMIA,3,0,3
SULMIN,3,0,3
SULMIS,3,0,3
SURIAN,3,0,3
SURYS,3,0,3
SUSANE,3,0,3
SUSANN,3,0,3
SUSIS,3,0,3
SUSMAN,3,0,3
SUSSIE,3,0,3
SYLA,3,0,3
SYNDY,3,0,3
TANEA,3,0,3
TANI,3,0,3
TEDDIE,3,0,3
TELIA,3,0,3
TELMAN,3,0,3
TELVIA,3,0,3
TELVIN,3,0,3
TELZA,3,0,3
TERENSIO,3,0,3
TERLYN,3,0,3
TESA,3,0,3
TESSIE,3,0,3
TEUBALDO,3,0,3
TEXI,3,0,3
TEYLA,3,0,3
THASLIA,3,0,3
THEMIS,3,0,3
TILZA,3,0,3
TIODULA,3,0,3
TIOLINDA,3,0,3
TIRSIA,3,0,3
TONIO,3,0,3
TONYS,3,0,3
TRAIPINA,3,0,3
TRIFENIA,3,0,3
TRIFILO,3,0,3
TRISTAN,3,0,3
TROADIO,3,0,3
UBILFIDO,3,0,3
UDALIS,3,0,3
UILMER,3,0,3
URCINDO,3,0,3
UVENCES,3,0,3
UVENCESLAO,3,0,3
VALDA,3,0,3
VANIS,3,0,3
VEIRA,3,0,3
VELVIN,3,0,3
VENER,3,0,3
VIA,3,0,3
VICELDA,3,0,3
VICENZO,3,0,3
VICENZZINA,3,0,3
VICKIE,3,0,3
VIDMAR,3,0,3
VIENBENIDO,3,0,3
VIGDONIO,3,0,3
VIGTOR,3,0,3
VILDER,3,0,3
VILFIDO,3,0,3
VILLY,3,0,3
VIRGINEA,3,0,3
VIRTILIA,3,0,3
VIVI,3,0,3
VRIGIDA,3,0,3
WALDON,3,0,3
WALEN,3,0,3
WATLER,3,0,3
WAYMAN,3,0,3
WELKY,3,0,3
WELSY,3,0,3
WENCESLINA,3,0,3
WENDEE,3,0,3
WENSELAO,3,0,3
WENSES,3,0,3
WESLIN,3,0,3
WIDO,3,0,3
WILAR,3,0,3
WILBERTA,3,0,3
WILDON,3,0,3
WILDREN,3,0,3
WILDY,3,0,3
WILNAN,3,0,3
WUILLFREDO,3,0,3
WUILVER,3,0,3
XUE,3,0,3
YACK,3,0,3
YAKIN,3,0,3
YANALITA,3,0,3
YANDY,3,0,3
YANEIDA,3,0,3
YANER,3,0,3
YANNY,3,0,3
YARBY,3,0,3
YASER,3,0,3
YASKIN,3,0,3
YASLIN,3,0,3
YECSICA,3,0,3
YEFREY,3,0,3
YEINE,3,0,3
YEISON,3,0,3
YELI,3,0,3
YELSIS,3,0,3
YELVI,3,0,3
YEMNY,3,0,3
YENIE,3,0,3
YENNIFFER,3,0,3
YENNYS,3,0,3
YENS,3,0,3
YESBIN,3,0,3
YESIN,3,0,3
YESKA,3,0,3
YESMA,3,0,3
YESMAN,3,0,3
YESSECA,3,0,3
YESSIS,3,0,3
YETY,3,0,3
YEUDI,3,0,3
YEXICA,3,0,3
YEXON,3,0,3
YEYBIN,3,0,3
YEYNY,3,0,3
YHEIZZI,3,0,3
YILDY,3,0,3
YILIAMS,3,0,3
YIMIZ,3,0,3
YINES,3,0,3
YINNY,3,0,3
YIRI,3,0,3
YIRIES,3,0,3
YODY,3,0,3
YOLANDI,3,0,3
YOLMY,3,0,3
YOLVA,3,0,3
YOLVIN,3,0,3
YONDER,3,0,3
YONELSY,3,0,3
YONIR,3,0,3
YONIRA,3,0,3
YONNIS,3,0,3
YONSY,3,0,3
YORAN,3,0,3
YORLYN,3,0,3
YORWIN,3,0,3
YOSMAN,3,0,3
YSIDORO,3,0,3
YSIS,3,0,3
YUDAILA,3,0,3
YUDIZ,3,0,3
YUIN,3,0,3
YUL,3,0,3
YULMA,3,0,3
YUMINA,3,0,3
YUNIER,3,0,3
YURAINA,3,0,3
YURIAN,3,0,3
YURIN,3,0,3
ZABDY,3,0,3
ZAHYRA,3,0,3
ZALMA,3,0,3
ZALOMON,3,0,3
ZANDRO,3,0,3
ZELEMIA,3,0,3
ZELIA,3,0,3
ZEYNA,3,0,3
ZINDY,3,0,3
ZINTHIA,3,0,3
ZOHA,3,0,3
ZOIDA,3,0,3
ZU,3,0,3
ZUITA,3,0,3
ZULEIMA,3,0,3
AAGE,0,2,2
ABAAD,0,2,2
ABADINA,0,2,2
ABADIS,0,2,2
ABADITH,0,2,2
ABANEL,0,2,2
ABBAD,0,2,2
ABDALAH,0,2,2
ABDRUBAL,0,2,2
ABDULLAH,0,2,2
ABEDIS,0,2,2
ABEDUL,0,2,2
ABELAR,0,2,2
ABENE,0,2,2
ABET,0,2,2
ABEYALIN,0,2,2
ABGUSTO,0,2,2
ABIAN,0,2,2
ABIGAYL,0,2,2
ABILES,0,2,2
ABIMAHEL,0,2,2
ABIR,0,2,2
ABIRAM,0,2,2
ABISUR,0,2,2
ABITH,0,2,2
ABRAHM,0,2,2
ABU,0,2,2
ACDELY,0,2,2
ACELY,0,2,2
ACENET,0,2,2
ACENIO,0,2,2
ACSENIA,0,2,2
ACTALI,0,2,2
ADA ARGENTINA,0,2,2
ADA LINDA,0,2,2
ADABERTO,0,2,2
ADAID,0,2,2
ADALAY,0,2,2
ADALBETO,0,2,2
ADALCISA,0,2,2
ADALEX,0,2,2
ADALEXIS,0,2,2
ADALGECIA,0,2,2
ADALGIXA,0,2,2
ADALIDAD,0,2,2
ADALIT,0,2,2
ADALITH,0,2,2
ADALIY,0,2,2
ADALVO,0,2,2
ADALYTH,0,2,2
ADAMAN,0,2,2
ADAMIS,0,2,2
ADAMY,0,2,2
ADANI,0,2,2
ADANUBIA,0,2,2
ADAUL,0,2,2
ADELIC,0,2,2
ADELIT,0,2,2
ADELYN,0,2,2
ADEMID,0,2,2
ADENIR,0,2,2
ADHEMAR,0,2,2
ADICCIA,0,2,2
ADILET,0,2,2
ADILETH,0,2,2
ADILINA,0,2,2
ADIMAEL,0,2,2
ADIMAR,0,2,2
ADIVAN,0,2,2
ADOLID,0,2,2
ADONALDA,0,2,2
ADONALDY,0,2,2
ADRIANE,0,2,2
ADRION,0,2,2
ADRUVAL,0,2,2
ADUBAL,0,2,2
ADUL,0,2,2
ADUVIGES,0,2,2
ADVIENTO,0,2,2
AECIO,0,2,2
AEREO,0,2,2
AEROPAQUITA,0,2,2
AFLORICIA,0,2,2
AGDULIO,0,2,2
AGENTINA,0,2,2
AGLAE,0,2,2
AGNEDA,0,2,2
AGOSTO,0,2,2
AGRACELI,0,2,2
AGRUELIO,0,2,2
AGUICELA,0,2,2
AHAMED,0,2,2
AHIDEE,0,2,2
AHIEZER,0,2,2
AIDA ISABEL,0,2,2
AIDELY,0,2,2
AISQUEL,0,2,2
AJID,0,2,2
AKIRA,0,2,2
ALA,0,2,2
ALADIER,0,2,2
ALAEXANDER,0,2,2
ALAHIN,0,2,2
ALAIM,0,2,2
ALANID,0,2,2
ALBA  LUZ,0,2,2
ALBA ANTONIA,0,2,2
ALBA LIDIA,0,2,2
ALBA ROSA,0,2,2
ALBALILA,0,2,2
ALBELIS,0,2,2
ALBERDIS,0,2,2
ALBERO,0,2,2
ALBERONI,0,2,2
ALBERTO AGUSTIN,0,2,2
ALBERTO ANTONIO,0,2,2
ALBERTO RAMON,0,2,2
ALBERTOSY,0,2,2
ALBETINA,0,2,2
ALBETO,0,2,2
ALBEY,0,2,2
ALBIDES,0,2,2
ALBIDIO,0,2,2
ALBINTA,0,2,2
ALBIRES,0,2,2
ALBORN,0,2,2
ALBURT,0,2,2
ALCESTE,0,2,2
ALCIRES,0,2,2
ALDAIR,0,2,2
ALDANA,0,2,2
ALDELI,0,2,2
ALDENOY,0,2,2
ALDIER,0,2,2
ALDINO,0,2,2
ALDOMAR,0,2,2
ALDONIS,0,2,2
ALDORO,0,2,2
ALECCY,0,2,2
ALEEN,0,2,2
ALEIMI,0,2,2
ALEJANDER,0,2,2
ALEJANDROO,0,2,2
ALENIA,0,2,2
ALENS,0,2,2
ALEPSI,0,2,2
ALESKA,0,2,2
ALESSIO,0,2,2
ALESXANDER,0,2,2
ALESY,0,2,2
ALETZI,0,2,2
ALEXALIA,0,2,2
ALEXANDREE,0,2,2
ALEXANDRIA,0,2,2
ALEXANDRINA,0,2,2
ALEXENDER,0,2,2
ALEXHANDER,0,2,2
ALEXSANDRES,0,2,2
ALEXSE,0,2,2
ALEXSER,0,2,2
ALEYSY,0,2,2
ALEZANDRA,0,2,2
ALFANIA,0,2,2
ALFIDES,0,2,2
ALFINA,0,2,2
ALHAMAR,0,2,2
ALICEC,0,2,2
ALIGIO,0,2,2
ALIMA,0,2,2
ALINER,0,2,2
ALISANDRE,0,2,2
ALITH,0,2,2
ALIVIS,0,2,2
ALIXABEL,0,2,2
ALIZETT,0,2,2
ALIZETTE,0,2,2
ALLANA,0,2,2
ALLEY,0,2,2
ALMENDARES,0,2,2
ALMENDAREZ,0,2,2
ALMICAR,0,2,2
ALMIRIO,0,2,2
ALOMSO,0,2,2
ALQUIMEDES,0,2,2
ALSIDER,0,2,2
ALSIDIA,0,2,2
ALTIRIA,0,2,2
ALUBINA,0,2,2
ALUCELA,0,2,2
ALUCEMA,0,2,2
ALUCENA,0,2,2
ALUZ,0,2,2
ALVA DINA,0,2,2
ALVA LIDIA,0,2,2
ALVANSA,0,2,2
ALVARES,0,2,2
ALVERDY,0,2,2
ALVERNON,0,2,2
ALVILIO,0,2,2
ALVINDA,0,2,2
ALVIR,0,2,2
ALXIS,0,2,2
ALYERI,0,2,2
ALZIELEE,0,2,2
AMADO ORLINTE,0,2,2
AMALDY,0,2,2
AMALIA ROSA,0,2,2
AMALIC,0,2,2
AMAR,0,2,2
AMARANTE,0,2,2
AMARGOT,0,2,2
AMARILLIS,0,2,2
AMARY,0,2,2
AMAURO,0,2,2
AMAVEL,0,2,2
AMAYA,0,2,2
AMEDRA,0,2,2
AMEDT,0,2,2
AMELIA DE JESUS,0,2,2
AMERI,0,2,2
AMERLYN,0,2,2
AMERY,0,2,2
AMEYDA,0,2,2
AMGELICA,0,2,2
AMILCAR YOVANNY,0,2,2
AMILEX,0,2,2
AMISADAY,0,2,2
AMITA,0,2,2
AMPARO DE DIOS,0,2,2
AMRANDO,0,2,2
AMURABI,0,2,2
ANA  BELLA,0,2,2
ANA AIDA,0,2,2
ANA ALICIA,0,2,2
ANA BERTA,0,2,2
ANA BESSI,0,2,2
ANA DOLORES,0,2,2
ANA ELSY,0,2,2
ANA ESPERANZA,0,2,2
ANA ISEL,0,2,2
ANA LOURDES,0,2,2
ANA MIRIAN,0,2,2
ANA OLIMPIA,0,2,2
ANA PATRICIA,0,2,2
ANABELIN,0,2,2
ANADED,0,2,2
ANADET,0,2,2
ANADIL,0,2,2
ANADORIS,0,2,2
ANAE,0,2,2
ANAELCA,0,2,2
ANAELI,0,2,2
ANAEN,0,2,2
ANAHUAT,0,2,2
ANAIL,0,2,2
ANAIZ,0,2,2
ANALIC,0,2,2
ANAMI,0,2,2
ANANDI,0,2,2
ANASIAS,0,2,2
ANATALI,0,2,2
ANAU,0,2,2
ANAVELIA,0,2,2
ANAVELIZ,0,2,2
ANAVESIS,0,2,2
ANAYTE,0,2,2
ANBEL,0,2,2
ANDANI,0,2,2
ANDATO,0,2,2
ANDEL,0,2,2
ANDELSON,0,2,2
ANDIEL,0,2,2
ANDONYE,0,2,2
ANDRAS,0,2,2
ANDRELLA,0,2,2
ANDRES ABELINO,0,2,2
ANDRES AVELINO,0,2,2
ANDRONI,0,2,2
ANDURIÑA,0,2,2
ANEBRIN,0,2,2
ANED,0,2,2
ANELL,0,2,2
ANELUZCO,0,2,2
ANELZANDER,0,2,2
ANEMA,0,2,2
ANERI,0,2,2
ANGEL ARMANDO,0,2,2
ANGEL ARNULFO,0,2,2
ANGEL AUGUSTO,0,2,2
ANGEL CRUZ,0,2,2
ANGEL ENRIQUE,0,2,2
ANGEL ORFILIO,0,2,2
ANGEL OVIDIO,0,2,2
ANGEL RIGOBERTO,0,2,2
ANGEL ROSA,0,2,2
ANGEL SALVADOR,0,2,2
ANGEL SANTOS,0,2,2
ANGELA DE JESUS,0,2,2
ANGELA ROSA,0,2,2
ANGELLE,0,2,2
ANGELUS,0,2,2
ANGULO,0,2,2
ANICACIO,0,2,2
ANICETH,0,2,2
ANILA,0,2,2
ANILES,0,2,2
ANISABEL,0,2,2
ANISET,0,2,2
ANIVET,0,2,2
ANIZETH,0,2,2
ANMERLI,0,2,2
ANNABELLA,0,2,2
ANNABELLE,0,2,2
ANNELIESE,0,2,2
ANONIAS,0,2,2
ANSBERTO,0,2,2
ANTEPORTANO,0,2,2
ANTEPOSTAN,0,2,2
ANTERA,0,2,2
ANTIONIO,0,2,2
ANTIPASITA,0,2,2
ANTIPATRO,0,2,2
ANTNIO,0,2,2
ANTONELA,0,2,2
ANTONELLI,0,2,2
ANTONELY,0,2,2
ANTONIIO,0,2,2
ANTONIN,0,2,2
ANTONIO CESAR,0,2,2
ANTONIO FRANCIS,0,2,2
ANTONIO JUNIOR,0,2,2
ANTONIO MARTIN,0,2,2
ANTONIO OMAR,0,2,2
ANTONIO SANTOS,0,2,2
ANUARD,0,2,2
ANULFO,0,2,2
ANYOLETH,0,2,2
ANZELMA,0,2,2
AQUELIN,0,2,2
AQUILEX,0,2,2
ARABELLE,0,2,2
ARACELLI,0,2,2
ARACEMY,0,2,2
ARACEY,0,2,2
ARACIN,0,2,2
ARACLY,0,2,2
ARACY,0,2,2
ARAFAT,0,2,2
ARAIN,0,2,2
ARAMELY,0,2,2
ARAMEO,0,2,2
ARAMILENY,0,2,2
ARAMIN,0,2,2
ARANAY,0,2,2
ARANDA,0,2,2
ARASELIZ,0,2,2
ARASENIA,0,2,2
ARASTELY,0,2,2
ARAVELY,0,2,2
ARBELI,0,2,2
ARBELIO,0,2,2
ARBERTINA,0,2,2
ARCALO,0,2,2
ARCANGUEL,0,2,2
ARCEDES,0,2,2
ARCELIS,0,2,2
ARCELIX,0,2,2
ARCHIELUS,0,2,2
ARCID,0,2,2
ARCIDIO,0,2,2
ARCIERY,0,2,2
ARCULANO,0,2,2
ARD,0,2,2
ARDENY,0,2,2
ARDITH,0,2,2
ARDU,0,2,2
ARDUBI,0,2,2
ARDUVI,0,2,2
ARDUVIN,0,2,2
AREBALO,0,2,2
ARECI,0,2,2
AREDI,0,2,2
ARELISA,0,2,2
ARELL,0,2,2
AREY,0,2,2
ARGANY,0,2,2
ARGENES,0,2,2
ARGENOR,0,2,2
ARGENOY,0,2,2
ARGIERY,0,2,2
ARID,0,2,2
ARIETA,0,2,2
ARILDO,0,2,2
ARILY,0,2,2
ARIMATEA,0,2,2
ARISA,0,2,2
ARISENIA,0,2,2
ARISOL,0,2,2
ARISON,0,2,2
ARISTERO,0,2,2
ARISTES,0,2,2
ARITZALIA,0,2,2
ARIZAI,0,2,2
ARLESY,0,2,2
ARLETHY,0,2,2
ARMAN,0,2,2
ARMELO,0,2,2
ARMNADO,0,2,2
ARMONIO,0,2,2
ARMUNDO,0,2,2
ARNODO,0,2,2
ARNOHL,0,2,2
AROCH,0,2,2
AROM,0,2,2
ARONI,0,2,2
ARQUIMIS,0,2,2
ARSELIO,0,2,2
ARSENI,0,2,2
ARTEMIZA,0,2,2
ARTIN,0,2,2
ARYS,0,2,2
ARZELI,0,2,2
ARZOBI,0,2,2
ARZOBISPO,0,2,2
ASABEL,0,2,2
ASAREL,0,2,2
ASBELY,0,2,2
ASENET,0,2,2
ASUCELINA,0,2,2
ASUCELY,0,2,2
ASUNCIO,0,2,2
ASUNCIONM,0,2,2
ASUSELINDA,0,2,2
ASWALDO,0,2,2
ASWARD,0,2,2
ATAGRACIA,0,2,2
ATELVINA,0,2,2
ATHONIEL,0,2,2
ATIEL,0,2,2
ATONIA,0,2,2
ATRIZ,0,2,2
AUBRELIO,0,2,2
AUDGUSTO,0,2,2
AUDOLFO,0,2,2
AUGERIO,0,2,2
AUGRORA,0,2,2
AURELIS,0,2,2
AURISTHELA,0,2,2
AURITA,0,2,2
AUSILIADORA,0,2,2
AUSLIN,0,2,2
AUSTOLIA,0,2,2
AUTRY,0,2,2
AUXILIANDORA,0,2,2
AVADIS,0,2,2
AVEGAIL,0,2,2
AVENOR,0,2,2
AVERY,0,2,2
AVICELY,0,2,2
AVIDAL,0,2,2
AVIDAM,0,2,2
AVIMILEC,0,2,2
AVITH,0,2,2
AXELI,0,2,2
AYALEX,0,2,2
AYALIT,0,2,2
AYANET,0,2,2
AYANEX,0,2,2
AYARIS,0,2,2
AYASENY,0,2,2
AYDALINA,0,2,2
AYDEL,0,2,2
AYDIE,0,2,2
AYED,0,2,2
AYIDA,0,2,2
AYMEE,0,2,2
AYURAMI,0,2,2
AZALI,0,2,2
AZENAIDA,0,2,2
AZMAVET,0,2,2
AZMAVETH,0,2,2
AZUCETH,0,2,2
AZUNCENA,0,2,2
AZUSALINDA,0,2,2
AZUSELINDA,0,2,2
BABINTON,0,2,2
BAGDIEL,0,2,2
BAIDE,0,2,2
BALBANI,0,2,2
BALDO,0,2,2
BALDUIN,0,2,2
BALLINGTON,0,2,2
BALQUIRIA,0,2,2
BANEXA,0,2,2
BANIGARDO,0,2,2
BANORA,0,2,2
BARAI,0,2,2
BARROMEO,0,2,2
BARTEM,0,2,2
BARTLETT,0,2,2
BARUCH,0,2,2
BARYMORE,0,2,2
BARZABAS,0,2,2
BAUCTISTA,0,2,2
BAUTIZTA,0,2,2
BAZAN,0,2,2
BEANETH,0,2,2
BEANNEY,0,2,2
BECZABETH,0,2,2
BEDAMIN,0,2,2
BEDELI,0,2,2
BEDELINDA,0,2,2
BEDERLY,0,2,2
BEDI,0,2,2
BEDUNIA,0,2,2
BEETHOVEN,0,2,2
BEIBE,0,2,2
BELDEN,0,2,2
BELDO,0,2,2
BELDREMINA,0,2,2
BELEM,0,2,2
BELIBETH,0,2,2
BELIDO,0,2,2
BELINE,0,2,2
BELITZA,0,2,2
BELLANY,0,2,2
BELSAIDES,0,2,2
BELTH,0,2,2
BELYNDA,0,2,2
BEMELDA,0,2,2
BENABEL,0,2,2
BENAVID,0,2,2
BENAVIDEZ,0,2,2
BENEDETTA,0,2,2
BENEDICT,0,2,2
BENIGDA,0,2,2
BENIMNO,0,2,2
BENINCIO,0,2,2
BENINGO,0,2,2
BENITH,0,2,2
BENJUR,0,2,2
BENNET,0,2,2
BERALIS,0,2,2
BERANGER,0,2,2
BERARMINA,0,2,2
BERCELIZ,0,2,2
BERENI,0,2,2
BERENICI,0,2,2
BERGELIA,0,2,2
BERKELI,0,2,2
BERLENI,0,2,2
BERLENY,0,2,2
BERNANDETH,0,2,2
BERNANRDINA,0,2,2
BERNARDETT,0,2,2
BERSABEL,0,2,2
BERSALI,0,2,2
BERSALIA,0,2,2
BERSELLY,0,2,2
BERTA LILIAN,0,2,2
BERTILI,0,2,2
BERTULFO,0,2,2
BESELIN,0,2,2
BETANEA,0,2,2
BETELVINA,0,2,2
BETHULIA,0,2,2
BETHYNA,0,2,2
BETT,0,2,2
BETUHEL,0,2,2
BEXAHIDA,0,2,2
BEXARA,0,2,2
BEXZABE,0,2,2
BIAIL,0,2,2
BIAMNEY,0,2,2
BIANEX,0,2,2
BICDELIA,0,2,2
BICENCIO,0,2,2
BIDILIA,0,2,2
BIENNEY,0,2,2
BIESNEY,0,2,2
BILL ONEY,0,2,2
BIMAR,0,2,2
BIN,0,2,2
BINDEL,0,2,2
BINELY,0,2,2
BINGLEY,0,2,2
BINIFACIO,0,2,2
BISAI,0,2,2
BISHOP,0,2,2
BLADINA,0,2,2
BLANCA DORA,0,2,2
BLANCA ISABEL,0,2,2
BLANKELY,0,2,2
BLANQUIZEL,0,2,2
BLAS DE LOS SAN,0,2,2
BLAS EFRAIN,0,2,2
BOENERGES,0,2,2
BOHENERGES,0,2,2
BOHONERGES,0,2,2
BOLNEY,0,2,2
BONIET,0,2,2
BONWEL,0,2,2
BORJA,0,2,2
BRADIMIR,0,2,2
BRADT,0,2,2
BRETT,0,2,2
BRIANEL,0,2,2
BRICEL,0,2,2
BRIDY,0,2,2
BRIGIT,0,2,2
BRISEL,0,2,2
BRISELA,0,2,2
BRISSEYDA,0,2,2
BRIYITH,0,2,2
BRIZEYDA,0,2,2
BTA,0,2,2
BUCARDO,0,2,2
BURNETT,0,2,2
BURRIS,0,2,2
BURT,0,2,2
CABRERA,0,2,2
CAEL,0,2,2
CALALINA,0,2,2
CALASANZ,0,2,2
CALAZAR,0,2,2
CALAZAS,0,2,2
CAMEL,0,2,2
CAMERON,0,2,2
CAMILE,0,2,2
CANDIDO ROSA,0,2,2
CANSIO,0,2,2
CANSUELO,0,2,2
CANTALINO,0,2,2
CANTARERO,0,2,2
CAPITALINO,0,2,2
CAPRISTAN,0,2,2
CARACIOLE,0,2,2
CARELINA,0,2,2
CARETINA,0,2,2
CARIDA,0,2,2
CARISA,0,2,2
CARIXA,0,2,2
CARLADO,0,2,2
CARLAN,0,2,2
CARLETH,0,2,2
CARLINI,0,2,2
CARLOS ALFREDO,0,2,2
CARLOS ARMANDO,0,2,2
CARLOS EDGARDO,0,2,2
CARLOS FERNANDO,0,2,2
CARLOS GABRIEL,0,2,2
CARLOS JOSE,0,2,2
CARLOS MAURICIO,0,2,2
CARMEN CRUZ,0,2,2
CARMINELA,0,2,2
CARMINSA,0,2,2
CARYNA,0,2,2
CASTITA,0,2,2
CATANIA,0,2,2
CATEDRAL,0,2,2
CATREDA,0,2,2
CECELIO,0,2,2
CEDEK,0,2,2
CEDEMA,0,2,2
CEL CARMEN,0,2,2
CELEDONI,0,2,2
CELENIS,0,2,2
CELEYDA,0,2,2
CELISA,0,2,2
CELSA MARINA,0,2,2
CEMIR,0,2,2
CENEY,0,2,2
CERLYN,0,2,2
CESAR ALBERTO,0,2,2
CESAR FRANCISCO,0,2,2
CESAR HUMBERTO,0,2,2
CESR,0,2,2
CHAMIR,0,2,2
CHANCY,0,2,2
CHANTELL,0,2,2
CHARLOTH,0,2,2
CHAVELY,0,2,2
CHEN,0,2,2
CHICAS,0,2,2
CHOY,0,2,2
CHRISTEBELLA,0,2,2
CIDALID,0,2,2
CILOE,0,2,2
CIMACO,0,2,2
CIMIONA,0,2,2
CIRIANA,0,2,2
CISERON,0,2,2
CLARIBELL,0,2,2
CLARISELA,0,2,2
CLARISOL,0,2,2
CLAUDIN,0,2,2
CLAVIS,0,2,2
CLEE,0,2,2
CLEODOVILDO,0,2,2
CLEOPATRIA,0,2,2
CLEOPHAS,0,2,2
CLIMACA,0,2,2
CLORET,0,2,2
CLYBER,0,2,2
COINA,0,2,2
COM,0,2,2
CONCEPCION DEL,0,2,2
CONCEPCION MARI,0,2,2
CONSESAR,0,2,2
CONSORCE,0,2,2
CONSULO,0,2,2
CORDULO,0,2,2
CORICZA,0,2,2
CORIPSA,0,2,2
CORITHZA,0,2,2
CORLISS,0,2,2
CRARY,0,2,2
CRESSENCIA,0,2,2
CRIS,0,2,2
CRISABEL,0,2,2
CRISOSTA,0,2,2
CRISOSTAMO,0,2,2
CRISOSTIMA,0,2,2
CRISTIANE,0,2,2
CRISTIBELA,0,2,2
CRISTINA DEL CA,0,2,2
CRISTOVINA,0,2,2
CRITINA,0,2,2
CROMWELL,0,2,2
CROTINA,0,2,2
CRSTINA,0,2,2
CRUZ DE JESUS,0,2,2
CRUZ MAGDALENA,0,2,2
CUNDA,0,2,2
CURVIN,0,2,2
DA LA CRUZ,0,2,2
DABEIDA,0,2,2
DABY,0,2,2
DAER,0,2,2
DAFFNE,0,2,2
DAGUBIN,0,2,2
DAHI,0,2,2
DAHLGREN,0,2,2
DAHONEY,0,2,2
DAKAR,0,2,2
DALENE,0,2,2
DALEX,0,2,2
DALEXI,0,2,2
DALIL,0,2,2
DAMARE,0,2,2
DAMIANO,0,2,2
DAMICILA,0,2,2
DAMILIO,0,2,2
DAMOND,0,2,2
DANARA,0,2,2
DANECIA,0,2,2
DANERIE,0,2,2
DANERIN,0,2,2
DANERIX,0,2,2
DANESIA,0,2,2
DANESIS,0,2,2
DANESKY,0,2,2
DANET,0,2,2
DANIERE,0,2,2
DANIERIS,0,2,2
DANILEN,0,2,2
DANIRO,0,2,2
DANISSELA,0,2,2
DANOLI,0,2,2
DANORI,0,2,2
DANORY,0,2,2
DANOY,0,2,2
DANUARY,0,2,2
DARIELY,0,2,2
DARIEN,0,2,2
DARILENE,0,2,2
DARIXI,0,2,2
DARLANE,0,2,2
DASARY,0,2,2
DASILVA,0,2,2
DATIVA,0,2,2
DAVADIT,0,2,2
DAVID ALBERTO,0,2,2
DAVIL,0,2,2
DAVILEX,0,2,2
DAYAM,0,2,2
DE       JESUS,0,2,2
DE   MARIA,0,2,2
DE  DIOS,0,2,2
DE  LA  CRUZ,0,2,2
DE  LOS  SANTOS,0,2,2
DE  LOS ANGELES,0,2,2
DE ACIS,0,2,2
DE APARICIO,0,2,2
DE ARCOS,0,2,2
DE AZALIA,0,2,2
DE CALAZAN,0,2,2
DE CARIDAD,0,2,2
DE CECILIA,0,2,2
DE DALIA,0,2,2
DE DAVID,0,2,2
DE JESU,0,2,2
DE JESUS AMELIA,0,2,2
DE JESUZ,0,2,2
DE LA   CRUZ,0,2,2
DE LA ASUNCION,0,2,2
DE LA C RUZ,0,2,2
DE LA NIEVES,0,2,2
DE LA URDEN,0,2,2
DE LA URDES,0,2,2
DE LA VIRGEN,0,2,2
DE LAS CRUZ,0,2,2
DE LIZ,0,2,2
DE LO SANTOS,0,2,2
DE LOS   SANTOS,0,2,2
DE LOS AGELES,0,2,2
DE LOS ANGELEZ,0,2,2
DE LOS SANTO,0,2,2
DE LOS SANTOS A,0,2,2
DE LOURDEZ,0,2,2
DE LURDES,0,2,2
DE MONSERRATH,0,2,2
DE PAUDA,0,2,2
DE PORTUGAL,0,2,2
DE RAMOS,0,2,2
DE ROSA,0,2,2
DE SANTOS,0,2,2
DE TOLENTINO,0,2,2
DE TRINIDAD,0,2,2
DE VALOIS,0,2,2
DE VALOY,0,2,2
DE VICTOR,0,2,2
DE ZARAGOZA,0,2,2
DEBRAY,0,2,2
DECIRETH,0,2,2
DEELAND,0,2,2
DEESIRE,0,2,2
DEJANIRA,0,2,2
DEL ACRMEN,0,2,2
DEL AMOR,0,2,2
DEL ANGEL,0,2,2
DEL CAMPO,0,2,2
DEL CAREMEN,0,2,2
DEL CARMEM,0,2,2
DEL CASTILLO,0,2,2
DEL CERMEN,0,2,2
DEL LURDES,0,2,2
DEL MONTE,0,2,2
DEL ROSRIO,0,2,2
DELAND,0,2,2
DELANOY,0,2,2
DELAY,0,2,2
DELELIS,0,2,2
DELENE,0,2,2
DELEYDA,0,2,2
DELIA DE JESUS,0,2,2
DELIA ROSA,0,2,2
DELID,0,2,2
DELIGHT,0,2,2
DELISABEL,0,2,2
DELMARY,0,2,2
DELONEY,0,2,2
DELOS SANTOS,0,2,2
DELPILAR,0,2,2
DELSOCORRO,0,2,2
DELURDES,0,2,2
DEMAR,0,2,2
DEMETRY,0,2,2
DEMIAN,0,2,2
DEMORACION,0,2,2
DENAY,0,2,2
DENED,0,2,2
DENISES,0,2,2
DENIZE,0,2,2
DENNICE,0,2,2
DEPOSORIO,0,2,2
DERMENEL,0,2,2
DERMIRA,0,2,2
DESALES,0,2,2
DESIO,0,2,2
DESNEY,0,2,2
DESYREE,0,2,2
DEUL,0,2,2
DEVALOIS,0,2,2
DEVARIS,0,2,2
DEXELY,0,2,2
DEXIBEL,0,2,2
DIAMILETH,0,2,2
DIAMOND,0,2,2
DIANEC,0,2,2
DIANEHT,0,2,2
DIANERIS,0,2,2
DIANIBETH,0,2,2
DIANORA,0,2,2
DIBAN,0,2,2
DICET,0,2,2
DICTER,0,2,2
DICUMEDES,0,2,2
DIDYASU,0,2,2
DIESSELINA,0,2,2
DIGNA ROSA,0,2,2
DILCIA ISABEL,0,2,2
DILEMIA,0,2,2
DILENEA,0,2,2
DILENER,0,2,2
DILFA,0,2,2
DILIA DE JESUS,0,2,2
DILIETH,0,2,2
DILNORA,0,2,2
DIMELIA,0,2,2
DIMITROV,0,2,2
DINA DEL CARMEN,0,2,2
DINA ESPERANZA,0,2,2
DINABETH,0,2,2
DINAI,0,2,2
DINARDA,0,2,2
DINEIDA,0,2,2
DINESA,0,2,2
DIOBANI,0,2,2
DIOLANDO,0,2,2
DIOLANY,0,2,2
DIONAY,0,2,2
DIONELCIS,0,2,2
DIONELIS,0,2,2
DIONESLI,0,2,2
DIONEYSI,0,2,2
DIONID,0,2,2
DIONILIA,0,2,2
DIOSANY,0,2,2
DIOVANY,0,2,2
DIOVELIS,0,2,2
DIPS,0,2,2
DIR,0,2,2
DIRLENY,0,2,2
DISLENIA,0,2,2
DISMEY,0,2,2
DIXABETH,0,2,2
DIXNARDO,0,2,2
DOBEYDA,0,2,2
DOHANY,0,2,2
DOLORES ANTONIO,0,2,2
DOLYNE,0,2,2
DOMARY,0,2,2
DOMILETH,0,2,2
DOMINED,0,2,2
DOMINGO GUZMAN,0,2,2
DONAHUE,0,2,2
DONAHY,0,2,2
DONALDSON,0,2,2
DONE,0,2,2
DONELIO,0,2,2
DONESLY,0,2,2
DONNAY,0,2,2
DORACION,0,2,2
DORALDO,0,2,2
DORALYN,0,2,2
DORDELI,0,2,2
DOREL,0,2,2
DORELA,0,2,2
DORIANO,0,2,2
DORIBETH,0,2,2
DORIGONY,0,2,2
DORILET,0,2,2
DORILIA,0,2,2
DORISSA,0,2,2
DORISTELIA,0,2,2
DORIZA,0,2,2
DORREL,0,2,2
DOTSON,0,2,2
DOXANA,0,2,2
DRICELDA,0,2,2
DUBALIER,0,2,2
DULANIS,0,2,2
DULCIBELA,0,2,2
DULENIA,0,2,2
DUMANY,0,2,2
DUNIA ESPERANZA,0,2,2
DUREL,0,2,2
DURIEL,0,2,2
DURLIENE,0,2,2
DUSMEY,0,2,2
DUVADIER,0,2,2
DUVIEL,0,2,2
EBALDO,0,2,2
EBENELIO,0,2,2
EBERILDO,0,2,2
EBIDENIA,0,2,2
EBILIA,0,2,2
EBLANDINA,0,2,2
ECIONE,0,2,2
ECSALON,0,2,2
ECSOLINA,0,2,2
ECTALINA,0,2,2
ECTELIA,0,2,2
EDBERT,0,2,2
EDEBEL,0,2,2
EDEC,0,2,2
EDEEN,0,2,2
EDELBER,0,2,2
EDELFI,0,2,2
EDELFIN,0,2,2
EDELID,0,2,2
EDELSO,0,2,2
EDELTRUDIS,0,2,2
EDELVAY,0,2,2
EDERMINA,0,2,2
EDERMIR,0,2,2
EDESMAN,0,2,2
EDESMIRA,0,2,2
EDEXY,0,2,2
EDGARGO,0,2,2
EDIB,0,2,2
EDIBELIA,0,2,2
EDICET,0,2,2
EDIED,0,2,2
EDIH,0,2,2
EDILBALDO,0,2,2
EDILMAR,0,2,2
EDILSO,0,2,2
EDILTON,0,2,2
EDILY,0,2,2
EDILZON,0,2,2
EDIMER,0,2,2
EDINHO,0,2,2
EDIS DEL CARMEN,0,2,2
EDIVENIA,0,2,2
EDIVERTA,0,2,2
EDNARDO,0,2,2
EDORITO,0,2,2
EDUBEN,0,2,2
EDUBI,0,2,2
EDUBIGE,0,2,2
EDUDES,0,2,2
EDURNE,0,2,2
EDUVIC,0,2,2
EDVINDA,0,2,2
EDYH,0,2,2
EELI,0,2,2
EFIDENCIO,0,2,2
EFRAIN ANTONIO,0,2,2
EFRAYN,0,2,2
EFREDI,0,2,2
EFRENY,0,2,2
EGDORO,0,2,2
EGENIO,0,2,2
EGLAS,0,2,2
EGLOFIA,0,2,2
EGRISELDA,0,2,2
EIBAN,0,2,2
EL CARMEN,0,2,2
ELAIDINA,0,2,2
ELAQUIN,0,2,2
ELBETIA,0,2,2
ELEAKIN,0,2,2
ELEBERCIA,0,2,2
ELEDONIO,0,2,2
ELEHAZAR,0,2,2
ELEISY,0,2,2
ELEJANDRA,0,2,2
ELEMA,0,2,2
ELENA DE JESUS,0,2,2
ELENA ROSA,0,2,2
ELENE,0,2,2
ELENIZ,0,2,2
ELENOY,0,2,2
ELENYN,0,2,2
ELEOMAR,0,2,2
ELEONISIA,0,2,2
ELER,0,2,2
ELESBAN,0,2,2
ELESENIA,0,2,2
ELESTICIA,0,2,2
ELETECIA,0,2,2
ELEUTH,0,2,2
ELEVINA,0,2,2
ELEXON,0,2,2
ELEXSIS,0,2,2
ELGARDO,0,2,2
ELIACIB,0,2,2
ELIAIN,0,2,2
ELIBERIO,0,2,2
ELICEC,0,2,2
ELICEL,0,2,2
ELICEMA,0,2,2
ELICES,0,2,2
ELIDA DE JESUS,0,2,2
ELIDENI,0,2,2
ELIDET,0,2,2
ELIDORA,0,2,2
ELIETTE,0,2,2
ELIEZANDER,0,2,2
ELIMER,0,2,2
ELINO,0,2,2
ELIOLDINA,0,2,2
ELIOVANY,0,2,2
ELISABEHTT,0,2,2
ELISABELT,0,2,2
ELISABETE,0,2,2
ELISABEX,0,2,2
ELISABT,0,2,2
ELISARDA,0,2,2
ELISETTE,0,2,2
ELISEX,0,2,2
ELISMAIDA,0,2,2
ELISOL,0,2,2
ELITSA,0,2,2
ELIVARDO,0,2,2
ELIVED,0,2,2
ELIVER,0,2,2
ELIVERIA,0,2,2
ELIVIRA,0,2,2
ELIXANOVER,0,2,2
ELIXED,0,2,2
ELIXET,0,2,2
ELIXSANDER,0,2,2
ELIXZABET,0,2,2
ELIZABEHET,0,2,2
ELIZANA,0,2,2
ELIZAR,0,2,2
ELIZAT,0,2,2
ELIZED,0,2,2
ELIZETHE,0,2,2
ELIZZABET,0,2,2
ELIZZEHT,0,2,2
ELKENA,0,2,2
ELOYN,0,2,2
ELSA ISABEL,0,2,2
ELSBERT,0,2,2
ELSBERTH,0,2,2
ELSIMANDA,0,2,2
ELSOMINIA,0,2,2
ELUD,0,2,2
ELUDINIA,0,2,2
ELUDIO,0,2,2
ELUTH,0,2,2
ELVA ROSA,0,2,2
ELVIA ANTONIA,0,2,2
ELVIA LIDIA,0,2,2
ELVICELA,0,2,2
ELVITH,0,2,2
ELYT,0,2,2
ELZETH,0,2,2
EMANUELLE,0,2,2
EMELBINA,0,2,2
EMELEE,0,2,2
EMELIDIA,0,2,2
EMELINE,0,2,2
EMELSON,0,2,2
EMERALD,0,2,2
EMERTO,0,2,2
EMERZO,0,2,2
EMIGDONIO,0,2,2
EMIRCE,0,2,2
EMIRES,0,2,2
EMIRIA,0,2,2
EMISEL,0,2,2
EMPERADOR,0,2,2
EMRIQUE,0,2,2
EMUEL,0,2,2
ENABEL,0,2,2
ENADY,0,2,2
ENAEL,0,2,2
ENAHI,0,2,2
ENAHIN,0,2,2
ENAU,0,2,2
ENDE,0,2,2
ENECASIA,0,2,2
ENEDIA,0,2,2
ENEDINO,0,2,2
ENEDITH,0,2,2
ENELSA,0,2,2
ENELVER,0,2,2
ENELYS,0,2,2
ENEMY,0,2,2
ENENIAS,0,2,2
ENERIN,0,2,2
ENEYES,0,2,2
ENICE,0,2,2
ENIDALIA,0,2,2
ENIDH,0,2,2
ENIDT,0,2,2
ENMA DE JESUS,0,2,2
ENMA ROSA,0,2,2
ENNELY,0,2,2
ENNERI,0,2,2
ENNRIQUE,0,2,2
ENOCT,0,2,2
ENODIA,0,2,2
ENOG,0,2,2
ENOHES,0,2,2
ENOTT,0,2,2
ENRIKE,0,2,2
EPERANZA,0,2,2
EPHRAIM,0,2,2
EQUIS,0,2,2
ERACELI,0,2,2
ERAIN,0,2,2
ERAKLIN,0,2,2
ERBERTO,0,2,2
ERDULIA,0,2,2
ERECELA,0,2,2
EREDIT,0,2,2
EREMINTA,0,2,2
ERILBERTO,0,2,2
ERILDA,0,2,2
ERINALDO,0,2,2
ERIQUETA,0,2,2
ERISSON,0,2,2
ERLANGER,0,2,2
ERLINDER,0,2,2
ERMETIS,0,2,2
ERMICEL,0,2,2
ERMINFRED,0,2,2
ERMINOLDA,0,2,2
ERNESTOS,0,2,2
ERNILDO,0,2,2
ERODINDA,0,2,2
ERODITH,0,2,2
ERRIQUE,0,2,2
ERUBEN,0,2,2
ERUDIS,0,2,2
ERVACIA,0,2,2
ESAUT,0,2,2
ESBEL,0,2,2
ESBELINA,0,2,2
ESCARLOS,0,2,2
ESCLAUDINA,0,2,2
ESDRUBAL,0,2,2
ESEFALIA,0,2,2
ESEPRANZA,0,2,2
ESMERA,0,2,2
ESMERALADA,0,2,2
ESMERINA,0,2,2
ESMERLDA,0,2,2
ESMEYDA,0,2,2
ESMIL,0,2,2
ESMILCINIA,0,2,2
ESNIERLY,0,2,2
ESNOY,0,2,2
ESOLINA,0,2,2
ESPERANZA DE JE,0,2,2
ESPERENZA,0,2,2
ESPETACION,0,2,2
ESPOSIO,0,2,2
ESQUIVEL,0,2,2
ESTAEL,0,2,2
ESTAFANA,0,2,2
ESTANISLA,0,2,2
ESTANLIS,0,2,2
ESTAR,0,2,2
ESTARLING,0,2,2
ESTARLY,0,2,2
ESTAYLEN,0,2,2
ESTEFANIE,0,2,2
ESTELA LILI,0,2,2
ESTELA SUYAPA,0,2,2
ESTELDINA,0,2,2
ESTELIDA,0,2,2
ESTELIE,0,2,2
ESTER DE JESUS,0,2,2
ESTERLING,0,2,2
ESTERVINA,0,2,2
ESTEVE,0,2,2
ESTEVEN,0,2,2
ESTEVENS,0,2,2
ESTEVES,0,2,2
ESTHER LIDIA,0,2,2
ESTIB,0,2,2
ESTIBALI,0,2,2
ESTIVENS,0,2,2
ESTIX,0,2,2
ESTREA,0,2,2
ESTRELITA,0,2,2
ESTTELA,0,2,2
ESTTER,0,2,2
ETELBERTO,0,2,2
ETELGIBE,0,2,2
ETHELIA,0,2,2
ETHLEE,0,2,2
ETSABI,0,2,2
EUDELY,0,2,2
EUDOR,0,2,2
EUGENIE,0,2,2
EULIO,0,2,2
EUNIZA,0,2,2
EUQUERIA,0,2,2
EUQUERIO,0,2,2
EURELIA,0,2,2
EURENIA,0,2,2
EURIEL,0,2,2
EUSEDA,0,2,2
EVA ARGENTINA,0,2,2
EVA DEL SOCORRO,0,2,2
EVALICIA,0,2,2
EVANGELINE,0,2,2
EVANINA,0,2,2
EVANOR,0,2,2
EVEDITH,0,2,2
EVELDY,0,2,2
EVELIG,0,2,2
EVENCIO,0,2,2
EVERI,0,2,2
EVERTINA,0,2,2
EWENS,0,2,2
EXABIER,0,2,2
EXAMANDA,0,2,2
EXCELSA,0,2,2
EXCIRIA,0,2,2
EXDALINA,0,2,2
EXDILIO,0,2,2
EXEGUIEL,0,2,2
EXEQUEIL,0,2,2
EXHIBIA,0,2,2
EXIBIO,0,2,2
EYECENIA,0,2,2
EYME,0,2,2
EZPERANZA,0,2,2
FABBIANY,0,2,2
FABIAS,0,2,2
FABRIZZIA,0,2,2
FACTOR,0,2,2
FAEL,0,2,2
FALLINGTON,0,2,2
FAMUEL,0,2,2
FANG,0,2,2
FARIDD,0,2,2
FARIDES,0,2,2
FARITT,0,2,2
FARIZA,0,2,2
FARRUT,0,2,2
FARUH,0,2,2
FAVIANY,0,2,2
FCA,0,2,2
FE ESPERANZA,0,2,2
FEDERIK,0,2,2
FEDORA,0,2,2
FELIPE NERI,0,2,2
FELISIA,0,2,2
FERMELINA,0,2,2
FERNANDO JOSE,0,2,2
FILANDIA,0,2,2
FILEMA,0,2,2
FILIANA,0,2,2
FILITEO,0,2,2
FIRLANDER,0,2,2
FLAUBERT,0,2,2
FLOR MARINA,0,2,2
FLORILUZ,0,2,2
FLORISBELL,0,2,2
FLORISCELA,0,2,2
FLORISENDA,0,2,2
FLORIZEL,0,2,2
FRACTINE,0,2,2
FRANCELYA,0,2,2
FRANCIDEL,0,2,2
FRANCISCO JOSE,0,2,2
FRANCISCO RAMON,0,2,2
FRANCIZCA,0,2,2
FRANCOY,0,2,2
FRANSSUA,0,2,2
FRANZINETH,0,2,2
FREDINDA,0,2,2
FREDINDO,0,2,2
FREDISBINDO,0,2,2
FRENDER,0,2,2
FRENEDY,0,2,2
FRESMAN,0,2,2
FRIGIDIA,0,2,2
GABAEL,0,2,2
GABRIELLE,0,2,2
GAITAN,0,2,2
GALEB,0,2,2
GALED,0,2,2
GALENI,0,2,2
GALVANI,0,2,2
GAMALDO,0,2,2
GAMALIET,0,2,2
GAMARIEL,0,2,2
GAMILET,0,2,2
GANEX,0,2,2
GARCELA,0,2,2
GARIBALDY,0,2,2
GARIELA,0,2,2
GARLENDY,0,2,2
GARVEY,0,2,2
GAURIEL,0,2,2
GEANETHE,0,2,2
GEANINA,0,2,2
GEANY,0,2,2
GECENIA,0,2,2
GECTRUDIS,0,2,2
GEFRY,0,2,2
GELIA,0,2,2
GELXOMINA,0,2,2
GENARDO,0,2,2
GENIVA,0,2,2
GENOBEL,0,2,2
GENOR,0,2,2
GEOLIBETH,0,2,2
GEOMARY,0,2,2
GEORFREDY,0,2,2
GEORG,0,2,2
GERARDINY,0,2,2
GERARDO DAVID,0,2,2
GERASMINA,0,2,2
GERMAN ANTONIO,0,2,2
GERMANY,0,2,2
GEROMIN,0,2,2
GERTUDIS,0,2,2
GESELLE,0,2,2
GESELY,0,2,2
GESIEL,0,2,2
GESOLMINA,0,2,2
GESSNOR,0,2,2
GETRUDYS,0,2,2
GETSEMANI,0,2,2
GETSIBA,0,2,2
GEXSABEL,0,2,2
GIACOMO,0,2,2
GIGDEL,0,2,2
GING,0,2,2
GIOVANDO,0,2,2
GIRCELDA,0,2,2
GISCARD,0,2,2
GISEEL,0,2,2
GISSELLI,0,2,2
GISSELLY,0,2,2
GITZELA,0,2,2
GIZEL,0,2,2
GIZELLE,0,2,2
GIZZELLA,0,2,2
GLACIANO,0,2,2
GLACILINDA,0,2,2
GLADI,0,2,2
GLADIEL,0,2,2
GLADIOLA,0,2,2
GLADIS SUYAPA,0,2,2
GLADIS YOLANDA,0,2,2
GLADYMIR,0,2,2
GLADYS SUYAPA,0,2,2
GLAVIS,0,2,2
GLISEL,0,2,2
GLISELA,0,2,2
GLISENIA,0,2,2
GLISSEL,0,2,2
GLOBANDY,0,2,2
GLODOALDO,0,2,2
GLOODEL,0,2,2
GLORIA AYDEE,0,2,2
GLORIA ESPERANZ,0,2,2
GLORIA ESTELA,0,2,2
GLORISMEL,0,2,2
GLOVANDY,0,2,2
GLOVER,0,2,2
GOLDINE,0,2,2
GOLFREDO,0,2,2
GONZALEZ,0,2,2
GORDIANA,0,2,2
GORECTI,0,2,2
GORGINA,0,2,2
GRACCIBEL,0,2,2
GRACELIS,0,2,2
GRACENA,0,2,2
GRACIEBEL,0,2,2
GRACYBEL,0,2,2
GRAMICEL,0,2,2
GRAMISEL,0,2,2
GRANDE,0,2,2
GRASIDEL,0,2,2
GRATIBEL,0,2,2
GRAVES,0,2,2
GRAVIER,0,2,2
GRICELD,0,2,2
GRICELI,0,2,2
GRIMAN,0,2,2
GRISBEL,0,2,2
GRISCEL,0,2,2
GRISDEL,0,2,2
GRISELD,0,2,2
GROSIBEL,0,2,2
GUADI,0,2,2
GUALTINA,0,2,2
GUANERJE,0,2,2
GUDBERTO,0,2,2
GUDERIAN,0,2,2
GUDIT,0,2,2
GUDITH,0,2,2
GUIDON,0,2,2
GUILIANI,0,2,2
GUILIMACO,0,2,2
GUILLERMIMA,0,2,2
GUILMIN,0,2,2
GUIOVANNY,0,2,2
GULISA,0,2,2
GUSSELA,0,2,2
GUSTINA,0,2,2
GUSTODIO,0,2,2
GYSELA,0,2,2
HABRAAN,0,2,2
HAFFIT,0,2,2
HALDANE,0,2,2
HALIMA,0,2,2
HALISH,0,2,2
HALSTEAD,0,2,2
HALY,0,2,2
HAM,0,2,2
HANDERSON,0,2,2
HANEL,0,2,2
HANINA,0,2,2
HARACELY,0,2,2
HARELY,0,2,2
HARETH,0,2,2
HARMANSKI,0,2,2
HEAVERT,0,2,2
HEBERTI,0,2,2
HEDILIO,0,2,2
HELDAI,0,2,2
HELDAY,0,2,2
HELIU,0,2,2
HELIZABET,0,2,2
HELIZABETH,0,2,2
HELLPHYK,0,2,2
HELPIDIO,0,2,2
HEMELI,0,2,2
HENDERSON,0,2,2
HENGELBERT,0,2,2
HENSEN,0,2,2
HEOVANY,0,2,2
HERACLEO,0,2,2
HERCULEANA,0,2,2
HEREDIN,0,2,2
HERMANDINA,0,2,2
HERMELY,0,2,2
HERMENGOL,0,2,2
HERMINOLDA,0,2,2
HERMOSA,0,2,2
HERNAN RAFAEL,0,2,2
HESMAN,0,2,2
HETEL,0,2,2
HEVERTO,0,2,2
HEYBIS,0,2,2
HIBEL,0,2,2
HIBRAHAM,0,2,2
HIDAN,0,2,2
HIDELIA,0,2,2
HIDIANA,0,2,2
HIGENIO,0,2,2
HIGUINIO,0,2,2
HILDA ISABEL,0,2,2
HILDEFRANDO,0,2,2
HINDALECIO,0,2,2
HINDOLFO,0,2,2
HIOVANY,0,2,2
HIPATIA,0,2,2
HIRALDA,0,2,2
HIRINA,0,2,2
HISSELL,0,2,2
HOCIEL,0,2,2
HODILIA,0,2,2
HOHEMY,0,2,2
HOLDERLIN,0,2,2
HOLSTON,0,2,2
HOLTON,0,2,2
HONEL,0,2,2
HONORI,0,2,2
HONORINDA,0,2,2
HORANTES,0,2,2
HOREB,0,2,2
HORLENCY,0,2,2
HORLINDA,0,2,2
HOVIDIO,0,2,2
HOYTE,0,2,2
HURBANO,0,2,2
HURBELINDA,0,2,2
HUSTESS,0,2,2
IBALDO,0,2,2
IBELINA,0,2,2
IBERA,0,2,2
IBETY,0,2,2
IBONNE,0,2,2
IBRANET,0,2,2
IBRENETT,0,2,2
IBRHAM,0,2,2
ICELI,0,2,2
IDAD,0,2,2
IDAHNIA,0,2,2
IDALENIS,0,2,2
IDALVIN,0,2,2
IDANIS,0,2,2
IDEC,0,2,2
IDELBERTO,0,2,2
IDELCIS,0,2,2
IDELEY,0,2,2
IDEMIA,0,2,2
IDERIS,0,2,2
IDET,0,2,2
IDEXI,0,2,2
IDIAMIN,0,2,2
IDIGORAS,0,2,2
IDIMAR,0,2,2
IDINIA,0,2,2
IDITH,0,2,2
IDONEA,0,2,2
IDONIS,0,2,2
IDUAN,0,2,2
IFRAIL,0,2,2
IFRAIM,0,2,2
IFRAN,0,2,2
IGONE,0,2,2
ILA,0,2,2
ILANOY,0,2,2
ILDA ESPERANZA,0,2,2
ILDA ROSA,0,2,2
ILDABERTO,0,2,2
ILDEBRANDA,0,2,2
ILDERINA,0,2,2
ILEA,0,2,2
ILEM,0,2,2
ILIZABETH,0,2,2
ILLIANA,0,2,2
ILUBINIA,0,2,2
ILUMINA,0,2,2
ILUSION,0,2,2
ILVELIA,0,2,2
IMEL,0,2,2
IMERI,0,2,2
IMIDILIA,0,2,2
IMPLISITA,0,2,2
INAHEL,0,2,2
INAIN,0,2,2
INDALI,0,2,2
INDALY,0,2,2
INDIRIA,0,2,2
INDOFILIA,0,2,2
INELIA,0,2,2
INES ALTAGRACIA,0,2,2
INES ANTONIO,0,2,2
INGERMINA,0,2,2
INODELIA,0,2,2
INORIS,0,2,2
INOSENTA,0,2,2
INSFRAN,0,2,2
IOVAN,0,2,2
IRAD,0,2,2
IRAI,0,2,2
IRERY,0,2,2
IRIS ESPERANZA,0,2,2
IRISCELDA,0,2,2
IRMA ANTONIA,0,2,2
IRNELI,0,2,2
IRRAI,0,2,2
ISABE,0,2,2
ISABEL LOURDES,0,2,2
ISABEL MARIA,0,2,2
ISABELIA,0,2,2
ISACAR,0,2,2
ISADRO,0,2,2
ISAIR,0,2,2
ISALINA,0,2,2
ISAMAEL,0,2,2
ISAT,0,2,2
ISAUD,0,2,2
ISBET,0,2,2
ISHAN,0,2,2
ISIDORITA,0,2,2
ISINIA,0,2,2
ISISFREDO,0,2,2
ISLAIN,0,2,2
ISMENEA,0,2,2
ISMENIO,0,2,2
ISMERALDA,0,2,2
ISNEL,0,2,2
ISRRAFIL,0,2,2
ISSAEL,0,2,2
ISSAY,0,2,2
ISTNAM,0,2,2
ISUI,0,2,2
ISVANIA,0,2,2
ISVELY,0,2,2
ITHAMAR,0,2,2
ITURVIDE,0,2,2
IVAM,0,2,2
IVANNA,0,2,2
IVANNE,0,2,2
IVANNI,0,2,2
IVANOA,0,2,2
IVANOBICH,0,2,2
IVANOE,0,2,2
IVANOV,0,2,2
IVEETE,0,2,2
IVELA,0,2,2
IVELISE,0,2,2
IVENY,0,2,2
IVERIA,0,2,2
IVETEE,0,2,2
IVONEE,0,2,2
IVONET,0,2,2
IVONETH,0,2,2
IXABETH,0,2,2
IXRRAEL,0,2,2
IXSOLINA,0,2,2
IXTCHEL,0,2,2
IZABET,0,2,2
IZZAT,0,2,2
JAAZIEL,0,2,2
JACELY,0,2,2
JACENIA,0,2,2
JACEQUELINE,0,2,2
JACHELINE,0,2,2
JACIBE,0,2,2
JACKELI,0,2,2
JACKELINEE,0,2,2
JACKELINES,0,2,2
JACKLEEN,0,2,2
JACKUELINE,0,2,2
JACO,0,2,2
JACOBITA,0,2,2
JACQUELI,0,2,2
JACQUELLINE,0,2,2
JADITZA,0,2,2
JAELA,0,2,2
JAFFET,0,2,2
JAFFETH,0,2,2
JAHANETH,0,2,2
JAHELY,0,2,2
JAIMINI,0,2,2
JAKELINEE,0,2,2
JALILE,0,2,2
JAMARIS,0,2,2
JAMILTH,0,2,2
JAMINETH,0,2,2
JANAL,0,2,2
JANEET,0,2,2
JANEETE,0,2,2
JANESY,0,2,2
JANETHEE,0,2,2
JANEX,0,2,2
JANEYH,0,2,2
JANIRE,0,2,2
JANIVID,0,2,2
JANNIN,0,2,2
JANNIRA,0,2,2
JANORIS,0,2,2
JANYNE,0,2,2
JAQUELENNE,0,2,2
JAQUELING,0,2,2
JARDINES,0,2,2
JARINO,0,2,2
JARLINTO,0,2,2
JARVIS,0,2,2
JASABEL,0,2,2
JASAFAT,0,2,2
JASELL,0,2,2
JASIVE,0,2,2
JASMENIA,0,2,2
JASQUELINE,0,2,2
JASSENY,0,2,2
JASSET,0,2,2
JASSETH,0,2,2
JASSIVE,0,2,2
JASSMIN,0,2,2
JAVIER ANTONIO,0,2,2
JAZEL,0,2,2
JAZETH,0,2,2
JAZMINE,0,2,2
JEAM,0,2,2
JEAN CARLO,0,2,2
JEAN PIERRE,0,2,2
JEANETTH,0,2,2
JEANNHETE,0,2,2
JEANNTTE,0,2,2
JEASNETTE,0,2,2
JEHANETH,0,2,2
JEIMNI,0,2,2
JELINA,0,2,2
JELISSA,0,2,2
JEMILETH,0,2,2
JEMINIA,0,2,2
JENETH,0,2,2
JENNELY,0,2,2
JENNETH,0,2,2
JENNETT,0,2,2
JEOCONDA,0,2,2
JEORGETTE,0,2,2
JEOVAN,0,2,2
JEOVANE,0,2,2
JEREMIAH,0,2,2
JERMIN,0,2,2
JERNIGAN,0,2,2
JESANA,0,2,2
JESENYA,0,2,2
JESIBEL,0,2,2
JESIEL,0,2,2
JESSENY,0,2,2
JESSON,0,2,2
JESTINA,0,2,2
JESUS ANIBAL,0,2,2
JESUS AUGUSTO,0,2,2
JEXAEL,0,2,2
JEY,0,2,2
JHAMILET,0,2,2
JHANETT,0,2,2
JHANNETH,0,2,2
JHASMIN,0,2,2
JHAZMIN,0,2,2
JHINEZHKA,0,2,2
JHOHANNA,0,2,2
JHOSELIN,0,2,2
JIAQUELINE,0,2,2
JICELDA,0,2,2
JILIBERTO,0,2,2
JIOMARA,0,2,2
JIOVER,0,2,2
JISSETH,0,2,2
JIXELA,0,2,2
JOANATAN,0,2,2
JOANIE,0,2,2
JOEC,0,2,2
JOELIA,0,2,2
JOEVANNY,0,2,2
JOHAANA,0,2,2
JOHANES,0,2,2
JOHANIE,0,2,2
JOKZAN,0,2,2
JOLANDA,0,2,2
JOLIDEY,0,2,2
JOLINA,0,2,2
JOLYBETH,0,2,2
JOMARY,0,2,2
JOMIL,0,2,2
JONAI,0,2,2
JONANY,0,2,2
JONARI,0,2,2
JONELLE,0,2,2
JONINA,0,2,2
JORAI,0,2,2
JORGE ADALBERTO,0,2,2
JORGE LUIS,0,2,2
JORNAR,0,2,2
JOSE ANA,0,2,2
JOSE ARTURO,0,2,2
JOSE DAVID,0,2,2
JOSE DOLORES,0,2,2
JOSE HERNAN,0,2,2
JOSE LEMPIRA,0,2,2
JOSE LINDA,0,2,2
JOSE MARTIN,0,2,2
JOSEA,0,2,2
JOSEANA,0,2,2
JOSEELIN,0,2,2
JOSEFATH,0,2,2
JOSEFH,0,2,2
JOSEHP,0,2,2
JOSELL,0,2,2
JOSELLY,0,2,2
JOSENIA,0,2,2
JOSEPTH,0,2,2
JOSIBETH,0,2,2
JOSIP,0,2,2
JOSSANY,0,2,2
JOSSIRA,0,2,2
JOSUET,0,2,2
JOSUNE,0,2,2
JOTA,0,2,2
JOUL,0,2,2
JOVANYS,0,2,2
JOVE,0,2,2
JOYSE,0,2,2
JOZABETH,0,2,2
JUANA AMINTA,0,2,2
JUANA CRUZ,0,2,2
JUANA DOLORES,0,2,2
JUANA ISABEL,0,2,2
JUANA LIDIA,0,2,2
JUBENSE,0,2,2
JUBINAL,0,2,2
JUBINE,0,2,2
JUDET,0,2,2
JUDITTH,0,2,2
JUENER,0,2,2
JULAY,0,2,2
JULIA DE JESUS,0,2,2
JULIA ISABEL,0,2,2
JULIA RUBENIA,0,2,2
JULIETHE,0,2,2
JULISSE,0,2,2
JULLIETTE,0,2,2
JUNIORS,0,2,2
JUNIVETH,0,2,2
JUNOT,0,2,2
JURISSA,0,2,2
JURITZA,0,2,2
JUSELL,0,2,2
JUSSETH,0,2,2
JUVID,0,2,2
JUVINNY,0,2,2
JUWINY,0,2,2
KAMALICH,0,2,2
KARELA,0,2,2
KARELIN,0,2,2
KARIBEL,0,2,2
KARITINA,0,2,2
KARLETH,0,2,2
KARMELO,0,2,2
KAROLETH,0,2,2
KAROSLA,0,2,2
KATHYNA,0,2,2
KATRINE,0,2,2
KATTINA,0,2,2
KAVIN,0,2,2
KELLOG,0,2,2
KEMIL,0,2,2
KENIDY,0,2,2
KENSOR,0,2,2
KERALIA,0,2,2
KESTER,0,2,2
KINER,0,2,2
KINSU,0,2,2
KINY,0,2,2
KLEIN,0,2,2
KOWASKY,0,2,2
KRISTINA,0,2,2
KUN,0,2,2
KYRENIA,0,2,2
LABEL,0,2,2
LADINO,0,2,2
LAFORN,0,2,2
LAGOS,0,2,2
LAHOMA,0,2,2
LAISABEL,0,2,2
LAMARR,0,2,2
LAMEX,0,2,2
LANETH,0,2,2
LARGIO,0,2,2
LARRAINE,0,2,2
LASHANN,0,2,2
LATIFE,0,2,2
LAU,0,2,2
LAURIVEL,0,2,2
LAUSTENIA,0,2,2
LAVETTE,0,2,2
LAVINEA,0,2,2
LAVON,0,2,2
LAXENIA,0,2,2
LAYANY,0,2,2
LECENY,0,2,2
LECETH,0,2,2
LEDIBETH,0,2,2
LEE RUTH,0,2,2
LEED,0,2,2
LEEMAN,0,2,2
LEEROY,0,2,2
LEHABIM,0,2,2
LEHODAN,0,2,2
LEIGH,0,2,2
LEIN,0,2,2
LEJOURN,0,2,2
LENE,0,2,2
LENEN,0,2,2
LENG,0,2,2
LENIVIA,0,2,2
LENNETT,0,2,2
LEODAM,0,2,2
LEODEL,0,2,2
LEODILVER,0,2,2
LEODIS,0,2,2
LEOLDINA,0,2,2
LEOLYN,0,2,2
LEONELSI,0,2,2
LEONIBETH,0,2,2
LEONS,0,2,2
LEORINDA,0,2,2
LEQUITA,0,2,2
LESANDER,0,2,2
LESETH,0,2,2
LESSENY,0,2,2
LESSETTE,0,2,2
LETECIA,0,2,2
LETICYA,0,2,2
LETTICIA,0,2,2
LEUCONOE,0,2,2
LEUCTERIA,0,2,2
LEXSANDER,0,2,2
LEYTON,0,2,2
LEZANDER,0,2,2
LIBRADO,0,2,2
LICCETT,0,2,2
LICDARY,0,2,2
LICDENIA,0,2,2
LICDENIS,0,2,2
LICENY,0,2,2
LICETS,0,2,2
LICETY,0,2,2
LICIANA,0,2,2
LICTH,0,2,2
LIDABET,0,2,2
LIDBANIA,0,2,2
LIDBET,0,2,2
LIDIA ARGENTINA,0,2,2
LIDIA ESTELA,0,2,2
LIDIA MARTINA,0,2,2
LIDIA MERCEDES,0,2,2
LIDICIA,0,2,2
LILET,0,2,2
LILETT,0,2,2
LILETTE,0,2,2
LILIBERTH,0,2,2
LILLYBETH,0,2,2
LIMARY,0,2,2
LIMBERT,0,2,2
LIMBURG,0,2,2
LINASY,0,2,2
LINDA LEE,0,2,2
LINDA SUYAPA,0,2,2
LINDAISY,0,2,2
LINDERMAN,0,2,2
LINDIBETH,0,2,2
LINDULFA,0,2,2
LINELBA,0,2,2
LINIETTE,0,2,2
LINIVETH,0,2,2
LINNIE,0,2,2
LINSIU,0,2,2
LIODAN,0,2,2
LIONISA,0,2,2
LISANDRES,0,2,2
LISARDA,0,2,2
LISBEH,0,2,2
LISCET,0,2,2
LISEIDA,0,2,2
LISETS,0,2,2
LISMERY,0,2,2
LISNABETH,0,2,2
LISSETL,0,2,2
LISSETTH,0,2,2
LISZET,0,2,2
LITICIA,0,2,2
LIVARDO,0,2,2
LIVINGSTON,0,2,2
LIVITINA,0,2,2
LIZANDY,0,2,2
LIZARDINA,0,2,2
LIZBEHT,0,2,2
LIZEDTH,0,2,2
LIZEET,0,2,2
LIZETEE,0,2,2
LIZETEH,0,2,2
LIZETL,0,2,2
LIZEYDA,0,2,2
LIZEYRA,0,2,2
LIZTH,0,2,2
LIZZANY,0,2,2
LIZZELH,0,2,2
LLAMILE,0,2,2
LLANEL,0,2,2
LLASENIA,0,2,2
LLASMIN,0,2,2
LLEWELYN,0,2,2
LLISEL,0,2,2
LLOBANA,0,2,2
LLOBANI,0,2,2
LLOLANI,0,2,2
LLORENTE,0,2,2
LLOVANIS,0,2,2
LLULISA,0,2,2
LOAMMY,0,2,2
LOANIA,0,2,2
LOANMI,0,2,2
LOELY,0,2,2
LOEVER,0,2,2
LOGANS,0,2,2
LOHAMY,0,2,2
LOLANY,0,2,2
LONDIS,0,2,2
LONEL,0,2,2
LONOR,0,2,2
LORANCE,0,2,2
LOREDANA,0,2,2
LOREIDA,0,2,2
LORELEI,0,2,2
LORELL,0,2,2
LORETHA,0,2,2
LORETT,0,2,2
LOREYDA,0,2,2
LORILEY,0,2,2
LORIMER,0,2,2
LOS   ANGELES,0,2,2
LOS REYES,0,2,2
LOURDES MARIBEL,0,2,2
LOVE,0,2,2
LOVELIA,0,2,2
LOVENIA,0,2,2
LOVETT,0,2,2
LOWIS,0,2,2
LSSETH,0,2,2
LUATANI,0,2,2
LUCARIA,0,2,2
LUCIA OTILIA,0,2,2
LUDIVETH,0,2,2
LUGOMIR,0,2,2
LUIS ALFREDO,0,2,2
LUIS FRANCISCO,0,2,2
LUIS HUMBERTO,0,2,2
LUIS ORLANDO,0,2,2
LUIS RAFAEL,0,2,2
LUJA,0,2,2
LULI,0,2,2
LUNIELA,0,2,2
LUNSFORD,0,2,2
LUSTACIO,0,2,2
LUVANI,0,2,2
LUVEY,0,2,2
LUZ ESPERANZA,0,2,2
LUZ ESTER,0,2,2
LUZ ISABEL,0,2,2
LUZ MARGARITA,0,2,2
LUZ MARY,0,2,2
LUZETH,0,2,2
LUZETTE,0,2,2
LYCCETH,0,2,2
LYDDIETT,0,2,2
LYLE,0,2,2
LYZZETH,0,2,2
MABED,0,2,2
MABELLI,0,2,2
MABELYN,0,2,2
MABEY,0,2,2
MABIELA,0,2,2
MABRICIO,0,2,2
MACDALENA,0,2,2
MACKLEY,0,2,2
MADAHY,0,2,2
MADALID,0,2,2
MADALIS,0,2,2
MADELEIDE,0,2,2
MADELIA,0,2,2
MADGALENA,0,2,2
MADHEL,0,2,2
MADOLIN,0,2,2
MADOLINA,0,2,2
MADOLY,0,2,2
MADRIGAL,0,2,2
MADRIX,0,2,2
MAELIN,0,2,2
MAFELA,0,2,2
MAGALID,0,2,2
MAGALIE,0,2,2
MAGALIN,0,2,2
MAGDAGENY,0,2,2
MAGDALENE,0,2,2
MAGDELI,0,2,2
MAGDIELY,0,2,2
MAGDILIA,0,2,2
MAGGALI,0,2,2
MAGGALY,0,2,2
MAGLENY,0,2,2
MAGNO ANTONIO,0,2,2
MAGRUICIO,0,2,2
MAHESI,0,2,2
MAINA,0,2,2
MAIREL,0,2,2
MAIRICIO,0,2,2
MAIRIM,0,2,2
MAIRLENA,0,2,2
MAITEE,0,2,2
MAKENY,0,2,2
MAKLEN,0,2,2
MALBINA,0,2,2
MALDONY,0,2,2
MALELU,0,2,2
MALETH,0,2,2
MALEX,0,2,2
MALEXIS,0,2,2
MALEXY,0,2,2
MALINSY,0,2,2
MALINTON,0,2,2
MALISA,0,2,2
MALLANIN,0,2,2
MALLELA,0,2,2
MALLESKY,0,2,2
MAMERIO,0,2,2
MANAEL,0,2,2
MANASIS,0,2,2
MANOLA,0,2,2
MANRRIQUEZ,0,2,2
MANUEL HUMBERTO,0,2,2
MAPDIEL,0,2,2
MAQUEN,0,2,2
MARALEXI,0,2,2
MARAVILLA,0,2,2
MARBENI,0,2,2
MARBENIA,0,2,2
MARBENY,0,2,2
MARBILLA,0,2,2
MARCENIS,0,2,2
MARCIBEL,0,2,2
MARCILLA,0,2,2
MARCOS ANTONIA,0,2,2
MARCOS AURELIA,0,2,2
MARDALINA,0,2,2
MARDELL,0,2,2
MARDENY,0,2,2
MARDOBE,0,2,2
MARDU,0,2,2
MARECELY,0,2,2
MAREILLY,0,2,2
MARELIC,0,2,2
MARELLY,0,2,2
MARESSI,0,2,2
MARFIZA,0,2,2
MARGENA,0,2,2
MARGOC,0,2,2
MARGORTH,0,2,2
MARIA ADOMITA,0,2,2
MARIA CRUZ,0,2,2
MARIA DEL SOCOR,0,2,2
MARIA EVA,0,2,2
MARIA ORFILIA,0,2,2
MARIA PIA,0,2,2
MARIA TOBIAS,0,2,2
MARIBE,0,2,2
MARIBELH,0,2,2
MARIBELY,0,2,2
MARIBETT,0,2,2
MARIBONE,0,2,2
MARICCIA,0,2,2
MARICELLY,0,2,2
MARICI,0,2,2
MARICRIZ,0,2,2
MARICRUS,0,2,2
MARICSIA,0,2,2
MARIDIA,0,2,2
MARIE GHISLAIN,0,2,2
MARIELE,0,2,2
MARIELH,0,2,2
MARIENY,0,2,2
MARIFE,0,2,2
MARILEC,0,2,2
MARILEK,0,2,2
MARILETT,0,2,2
MARILEXA,0,2,2
MARILOLI,0,2,2
MARILOTH,0,2,2
MARINA GUNDENA,0,2,2
MARINA JESUS,0,2,2
MARINETTE,0,2,2
MARINEY,0,2,2
MARINI,0,2,2
MARINIS,0,2,2
MARINNE,0,2,2
MARINOR,0,2,2
MARIO ADALBERTO,0,2,2
MARIO ANTONIO,0,2,2
MARIO ORLANDO,0,2,2
MARIOTT,0,2,2
MARISET,0,2,2
MARISTA,0,2,2
MARITHEL,0,2,2
MARITZEL,0,2,2
MARITZO,0,2,2
MARLEIN,0,2,2
MARLEIVY,0,2,2
MARLEMIA,0,2,2
MARLENEN,0,2,2
MARLENG,0,2,2
MARLENIY,0,2,2
MARLETY,0,2,2
MARLLERY,0,2,2
MARLOIN,0,2,2
MARRIE,0,2,2
MART,0,2,2
MARTA ALICIA,0,2,2
MARTA BEATRIZ,0,2,2
MARTA ELENA,0,2,2
MARTA ISABEL,0,2,2
MARTA ROSA,0,2,2
MARTA YOLANDA,0,2,2
MARTELI,0,2,2
MARTHA ELENA,0,2,2
MARTHA IRENE,0,2,2
MARTIEL,0,2,2
MARTINELY,0,2,2
MARUCELY,0,2,2
MARVEY,0,2,2
MARY ISABEL,0,2,2
MARY LOU,0,2,2
MARYDELIA,0,2,2
MARYELI,0,2,2
MARYINI,0,2,2
MARYLEE,0,2,2
MARYLOU,0,2,2
MARYLUX,0,2,2
MARYLY,0,2,2
MARYTZA,0,2,2
MARYZET,0,2,2
MATAMOROS,0,2,2
MATHEW,0,2,2
MATIR,0,2,2
MATTI,0,2,2
MATUSALEM,0,2,2
MAUDALICIA,0,2,2
MAUDEL,0,2,2
MAUGDALENA,0,2,2
MAURICO,0,2,2
MAURIO,0,2,2
MAURO ANTONIO,0,2,2
MAVELIN,0,2,2
MAVEY,0,2,2
MAVILA,0,2,2
MAXIEL,0,2,2
MAY LEE,0,2,2
MAYAMIN,0,2,2
MAYANI,0,2,2
MAYDELY,0,2,2
MAYESSY,0,2,2
MAYLENA,0,2,2
MAYLING,0,2,2
MAYN,0,2,2
MAYONY,0,2,2
MAYREL,0,2,2
MAYRELL,0,2,2
MAYROBI,0,2,2
MAYTTE,0,2,2
MAYVELI,0,2,2
MC CORDY,0,2,2
MC COY,0,2,2
MC DONALD,0,2,2
MEDALIS,0,2,2
MEDANI,0,2,2
MEDARIZ,0,2,2
MEGUELINA,0,2,2
MELICZA,0,2,2
MELIDA ROSA,0,2,2
MELISSANDY,0,2,2
MELISSE,0,2,2
MELYSA,0,2,2
MENAHEM,0,2,2
MENELI,0,2,2
MENELY,0,2,2
MENERVA,0,2,2
MENIO,0,2,2
MERADIZ,0,2,2
MERALIA,0,2,2
MERANI,0,2,2
MERARIO,0,2,2
MERBIS,0,2,2
MERCE,0,2,2
MERCEDES ONDINA,0,2,2
MERCELENIA,0,2,2
MERELIS,0,2,2
MERERY,0,2,2
MERESI,0,2,2
MERGINA,0,2,2
MERIELYN,0,2,2
MERIY,0,2,2
MERLANY,0,2,2
MERLEDI,0,2,2
MERLIMS,0,2,2
MERODAC,0,2,2
MERORI,0,2,2
MERY LUZ,0,2,2
MERYLYN,0,2,2
MEXAI,0,2,2
MGDALENA,0,2,2
MICELIN,0,2,2
MICHELEN,0,2,2
MICHELETY,0,2,2
MICHELT,0,2,2
MICHELY,0,2,2
MICHEY,0,2,2
MIDELY,0,2,2
MIDEYDA,0,2,2
MIDEYVI,0,2,2
MIGDALIZ,0,2,2
MIGDEL,0,2,2
MIGNAEL,0,2,2
MIGUEL  ANGEL,0,2,2
MIGUELIN,0,2,2
MILADDY,0,2,2
MILADEZ,0,2,2
MILANDA,0,2,2
MILANDY,0,2,2
MILCEADES,0,2,2
MILDED,0,2,2
MILDREDI,0,2,2
MILES,0,2,2
MILESSA,0,2,2
MILISY,0,2,2
MILLETH,0,2,2
MILQUIADIS,0,2,2
MINET,0,2,2
MIRAIN,0,2,2
MIRENIA,0,2,2
MIREYDI,0,2,2
MIRICI,0,2,2
MIRNA ARACELY,0,2,2
MIROLINDO,0,2,2
MISGELI,0,2,2
MISHEL,0,2,2
MISILENIA,0,2,2
MISLENIA,0,2,2
MISSAHEL,0,2,2
MISSELEN,0,2,2
MITCHELLE,0,2,2
MITILA,0,2,2
MIXABEL,0,2,2
MIXZAEL,0,2,2
MOABITA,0,2,2
MODAI,0,2,2
MOHAMMED,0,2,2
MOHEMI,0,2,2
MONICA ANTONIA,0,2,2
MONTALVO,0,2,2
MONTERROSO,0,2,2
MONZERAT,0,2,2
MONZERATH,0,2,2
MONZERRAT,0,2,2
MOREIRA,0,2,2
MOREY,0,2,2
MOUREEN,0,2,2
MUNIQUE,0,2,2
MYLDONIO,0,2,2
NABELL,0,2,2
NABEY,0,2,2
NACELY,0,2,2
NACIANCENA,0,2,2
NACID,0,2,2
NACIFE,0,2,2
NACTALIA,0,2,2
NADALI,0,2,2
NADEIDA,0,2,2
NADELI,0,2,2
NADESDA,0,2,2
NAGIB,0,2,2
NAGOBERTO,0,2,2
NAHI,0,2,2
NAHIEN,0,2,2
NAHIL,0,2,2
NAHIR,0,2,2
NAHOMAN,0,2,2
NAHUL,0,2,2
NAID,0,2,2
NAIR,0,2,2
NAIROVI,0,2,2
NAIVY,0,2,2
NAJUL,0,2,2
NALINLE,0,2,2
NALLELY,0,2,2
NALLIVE,0,2,2
NAMIVIA,0,2,2
NANETH,0,2,2
NANYO,0,2,2
NAPALEON,0,2,2
NAPTALI,0,2,2
NAREY,0,2,2
NARGIS,0,2,2
NARIDALIA,0,2,2
NASARENO,0,2,2
NASIR,0,2,2
NASIRY,0,2,2
NATALE,0,2,2
NATAREN,0,2,2
NATHAEL,0,2,2
NATHALI,0,2,2
NATHAM,0,2,2
NATO,0,2,2
NATONIO,0,2,2
NAVARINO,0,2,2
NAVER,0,2,2
NAVIC,0,2,2
NAVIDET,0,2,2
NAVIDETH,0,2,2
NAVIN,0,2,2
NAXABEL,0,2,2
NAYADE,0,2,2
NAYIPH,0,2,2
NAZARE,0,2,2
NAZARETT,0,2,2
NAZARIN,0,2,2
NEBAI,0,2,2
NECSALINA,0,2,2
NECTULIO,0,2,2
NEDELY,0,2,2
NEE,0,2,2
NEED,0,2,2
NEEVE,0,2,2
NEFERTITI,0,2,2
NEFRETIRY,0,2,2
NEGO,0,2,2
NEHEMI,0,2,2
NEHEMY,0,2,2
NEHOMAR,0,2,2
NEHTALY,0,2,2
NELDALINA,0,2,2
NELI ESPERANZA,0,2,2
NELY SUYAPA,0,2,2
NEPOMUCEMO,0,2,2
NEPOMUSENO,0,2,2
NEPTALIO,0,2,2
NESSA,0,2,2
NESTALI,0,2,2
NETALI,0,2,2
NETALIA,0,2,2
NEXAI,0,2,2
NEYID,0,2,2
NIËO,0,2,2
NICET,0,2,2
NICOLAS ANTONIO,0,2,2
NICOLI,0,2,2
NICUDEMUS,0,2,2
NIETY,0,2,2
NIKOL,0,2,2
NIKOLAI,0,2,2
NILDIBET,0,2,2
NINEL,0,2,2
NINEX,0,2,2
NINFA ROSA,0,2,2
NINIBETH,0,2,2
NINOSCKA,0,2,2
NINROTH,0,2,2
NIRY,0,2,2
NIVAR,0,2,2
NIXOLINA,0,2,2
NIZET,0,2,2
NOAMAN,0,2,2
NOBALDO,0,2,2
NOBELLA,0,2,2
NOBELY,0,2,2
NOBER,0,2,2
NOE ELIAZAR,0,2,2
NOED,0,2,2
NOELL,0,2,2
NOET,0,2,2
NOHAMAN,0,2,2
NOHAN,0,2,2
NOHARA,0,2,2
NOHELIS,0,2,2
NOHERY,0,2,2
NOILA,0,2,2
NOLBELIS,0,2,2
NOLBEY,0,2,2
NOMBRE MARIA,0,2,2
NONATA,0,2,2
NOQUEIRA,0,2,2
NORAL,0,2,2
NORAY,0,2,2
NORBELLA,0,2,2
NORELLA,0,2,2
NOREMI,0,2,2
NORENY,0,2,2
NORISEL,0,2,2
NORMA ELIZABETH,0,2,2
NORMA ISABEL,0,2,2
NORMA ONDINA,0,2,2
NORVELINDA,0,2,2
NOXAEL,0,2,2
NOXOLY,0,2,2
NUEL,0,2,2
NUELI,0,2,2
NUEMIY,0,2,2
OBAD,0,2,2
OBANI,0,2,2
OBDUBER,0,2,2
OBDULY,0,2,2
OBERLIN,0,2,2
OBEX,0,2,2
OBISPA,0,2,2
OBITO,0,2,2
OBTILIA,0,2,2
OCACIO,0,2,2
OCALIN,0,2,2
OCARIS,0,2,2
OCEAS,0,2,2
OCLIDE,0,2,2
OCTABIA,0,2,2
OCTALIA,0,2,2
OCTONIEL,0,2,2
ODALBA,0,2,2
ODALMO,0,2,2
ODANIA,0,2,2
ODAS,0,2,2
ODELIT,0,2,2
ODELMAR,0,2,2
ODELSY,0,2,2
ODEMI,0,2,2
ODEYNA,0,2,2
ODICES,0,2,2
ODILET,0,2,2
ODILIT,0,2,2
ODILSIA,0,2,2
ODILSIO,0,2,2
ODISES,0,2,2
ODIVI,0,2,2
OFREDY,0,2,2
OGDULIO,0,2,2
OGILVIE,0,2,2
OHMAR,0,2,2
OJILVIE,0,2,2
OKELLY,0,2,2
OLANI,0,2,2
OLANIA,0,2,2
OLAVO,0,2,2
OLBINDA,0,2,2
OLEAN,0,2,2
OLEDITH,0,2,2
OLEMAR,0,2,2
OLEYDA,0,2,2
OLGA ARGENTINA,0,2,2
OLGA DORIS,0,2,2
OLGAR,0,2,2
OLIBA,0,2,2
OLIBANY,0,2,2
OLIBER,0,2,2
OLIBEROS,0,2,2
OLIVANA,0,2,2
OLIVENE,0,2,2
OLIVIA DE JESUS,0,2,2
OLMANDINA,0,2,2
OLMEDIS,0,2,2
OLMENA,0,2,2
OLRANDO,0,2,2
OLVIL,0,2,2
OMANDO,0,2,2
OMARBIN,0,2,2
OMARES,0,2,2
OMERA,0,2,2
OMERLINDA,0,2,2
OMERY,0,2,2
OMEY,0,2,2
ONACIO,0,2,2
ONALIA,0,2,2
ONARIS,0,2,2
ONDINA DEL CARM,0,2,2
ONDUNIA,0,2,2
ONED,0,2,2
ONEDIA,0,2,2
ONEEL,0,2,2
ONEHIDA,0,2,2
ONELYS,0,2,2
ONEXIS,0,2,2
ONIBAR,0,2,2
ONIER,0,2,2
ONILIO,0,2,2
ONILO,0,2,2
ONNASIS,0,2,2
ONOFIO,0,2,2
ONORY,0,2,2
ONOYDA,0,2,2
ONUEL,0,2,2
OPALDO,0,2,2
OPDULIO,0,2,2
OQUELINA,0,2,2
ORACELIA,0,2,2
ORALEA,0,2,2
ORBELISA,0,2,2
ORBERTO,0,2,2
ORBICELA,0,2,2
ORDAN,0,2,2
ORDENER,0,2,2
ORELINA,0,2,2
ORENE,0,2,2
ORENTINA,0,2,2
ORESTELY,0,2,2
ORESTY,0,2,2
OREYDA,0,2,2
ORFALY,0,2,2
ORFILES,0,2,2
ORFIRIA,0,2,2
ORFIRIO,0,2,2
ORGELINDA,0,2,2
ORISTINA,0,2,2
ORIVEL,0,2,2
ORLINTIN,0,2,2
ORMANDY,0,2,2
ORPELIA,0,2,2
ORSULINA,0,2,2
ORTIN,0,2,2
OSALIA,0,2,2
OSBELY,0,2,2
OSCAR DANIEL,0,2,2
OSCARY,0,2,2
OSELINDA,0,2,2
OSIRE,0,2,2
OSMANIA,0,2,2
OSMANIN,0,2,2
OSMID,0,2,2
OSVANIA,0,2,2
OSVANY,0,2,2
OTHANIEL,0,2,2
OTONIA,0,2,2
OVEED,0,2,2
OVELY,0,2,2
OVENIER,0,2,2
OVENY,0,2,2
OVETTE,0,2,2
OVI,0,2,2
OVID,0,2,2
OVILA,0,2,2
OVILFIDO,0,2,2
OVILSOL,0,2,2
OVINA,0,2,2
OWILSO,0,2,2
PABELL,0,2,2
PABO,0,2,2
PALOSKY,0,2,2
PAPA,0,2,2
PAREDES,0,2,2
PARICIA,0,2,2
PARICLES,0,2,2
PARTON,0,2,2
PASIVA,0,2,2
PAULA DE JESUS,0,2,2
PAULEEN,0,2,2
PEËAFLOR,0,2,2
PERFILIA,0,2,2
PERICLES,0,2,2
PERSEVERANCIA,0,2,2
PESCOTT,0,2,2
PETRICIA,0,2,2
PIETRO,0,2,2
PLENARIA,0,2,2
PLITIS,0,2,2
POMPEYA,0,2,2
PORTUGAL,0,2,2
POTANO,0,2,2
PRACSEDES,0,2,2
PRACXEDES,0,2,2
PRADDY,0,2,2
PRASEDES,0,2,2
PRESBITERA,0,2,2
PRINCE,0,2,2
PRISCILLA,0,2,2
PRISILIO,0,2,2
PRONIO,0,2,2
PROVIDENCIA,0,2,2
Q,0,2,2
QUENI,0,2,2
QUEREN,0,2,2
RABILIO,0,2,2
RADHAMES,0,2,2
RAHMAN,0,2,2
RAMADAN,0,2,2
RAMANA,0,2,2
RAMAYETH,0,2,2
RAMCES,0,2,2
RAMDOLFO,0,2,2
RAMIRO DE JESUS,0,2,2
RAMON ALBERTO,0,2,2
RAMON BENJAMIN,0,2,2
RAMON DONATO,0,2,2
RAMON FERNANDO,0,2,2
RAMON FRANCISCO,0,2,2
RAMON REINALDO,0,2,2
RAMONA AMPARO,0,2,2
RAMONA ISABEL,0,2,2
RAMUALDO,0,2,2
RANALDO,0,2,2
RAQUEL NOEMI,0,2,2
RAQUELI,0,2,2
RAQUELL,0,2,2
RASHFORD,0,2,2
RASIEL,0,2,2
RAUL ANTONIO,0,2,2
RAYNIERY,0,2,2
REDENTINA,0,2,2
REGALADA,0,2,2
REIERY,0,2,2
REINA GLADIS,0,2,2
REINA IZABEL,0,2,2
REINA LETICIA,0,2,2
REINA VICTORIA,0,2,2
REINEIRY,0,2,2
REINELI,0,2,2
REINERE,0,2,2
REINHOLD,0,2,2
REINIRY,0,2,2
REMBEL,0,2,2
REMIDIO,0,2,2
RENAY,0,2,2
RENDECTA,0,2,2
RENE ANTONIO,0,2,2
RENEIRY,0,2,2
RENELDO,0,2,2
RENERIT,0,2,2
RENEY,0,2,2
RENIELL,0,2,2
RENOLD,0,2,2
RENYERE,0,2,2
RENYERI,0,2,2
REUMALDO,0,2,2
REUPAQUITA,0,2,2
REYNA AMPARO,0,2,2
REYNA ESPERANZA,0,2,2
REYNEIRIO,0,2,2
REYNOR,0,2,2
RICARDEL,0,2,2
RICARDO JOSE,0,2,2
RIGINA,0,2,2
RIGUBERTO,0,2,2
RILY,0,2,2
RIOBERTO,0,2,2
RIQUELMI,0,2,2
RIVERSIDES,0,2,2
ROBELI,0,2,2
ROBENA,0,2,2
ROBENSON,0,2,2
ROBERTO CARLOS,0,2,2
ROBERY,0,2,2
ROBILIA,0,2,2
ROBOAM,0,2,2
ROBUSTINIANO,0,2,2
ROCENY,0,2,2
ROCERVINDO,0,2,2
ROCHELLE,0,2,2
RODANIM,0,2,2
RODEGUNDA,0,2,2
RODERI,0,2,2
RODERIK,0,2,2
RODIBELL,0,2,2
RODIE,0,2,2
RODILVERTO,0,2,2
RODITA,0,2,2
RODIVIL,0,2,2
RODIX,0,2,2
RODOLFO MARTIN,0,2,2
ROGEIRO,0,2,2
ROHEL,0,2,2
ROHELY,0,2,2
ROIG,0,2,2
ROLENDIO,0,2,2
ROLIS,0,2,2
RONELLY,0,2,2
RONOEL,0,2,2
ROODOLFO,0,2,2
ROQUE DE JESUS,0,2,2
ROQUE JACINTO,0,2,2
ROSA ANGELICA,0,2,2
ROSA ARGENTINA,0,2,2
ROSA CANDIDA,0,2,2
ROSA CONCEPCION,0,2,2
ROSA CONSUELO,0,2,2
ROSA DALIA,0,2,2
ROSA DIMAS,0,2,2
ROSA DINA,0,2,2
ROSA ELBA,0,2,2
ROSA ELIZABETH,0,2,2
ROSA ESTELA,0,2,2
ROSA EVA,0,2,2
ROSA EVELIA,0,2,2
ROSA ILDA,0,2,2
ROSA IRENE,0,2,2
ROSA LUCIA,0,2,2
ROSA MIRIAM,0,2,2
ROSA MIRIAN,0,2,2
ROSA VILMA,0,2,2
ROSADO,0,2,2
ROSAIRO,0,2,2
ROSALDY,0,2,2
ROSALEA,0,2,2
ROSALYNN,0,2,2
ROSAMNA,0,2,2
ROSAN,0,2,2
ROSANDA,0,2,2
ROSARIO SUYAPA,0,2,2
ROSAURA ELENA,0,2,2
ROSAURO,0,2,2
ROSDANY,0,2,2
ROSELEE,0,2,2
ROSEMARI,0,2,2
ROSEMBELT,0,2,2
ROSERI,0,2,2
ROSETH,0,2,2
ROSEWELL,0,2,2
ROSIBLE,0,2,2
ROSIDALBA,0,2,2
ROSIDETH,0,2,2
ROSILEY,0,2,2
ROSILLO,0,2,2
ROSIVELY,0,2,2
ROSMERIY,0,2,2
ROSSBINDA,0,2,2
ROSSEMBEL,0,2,2
ROSSEMBELL,0,2,2
ROSSIBETH,0,2,2
ROUSE,0,2,2
ROUSSETH,0,2,2
ROVIGNO,0,2,2
ROXENY,0,2,2
ROXIBEL,0,2,2
ROYDAN,0,2,2
RUBENCIO,0,2,2
RUBERCIO,0,2,2
RUBICO,0,2,2
RUBIE,0,2,2
RUBVINDA,0,2,2
RUDEY,0,2,2
RUDULIO,0,2,2
RUDYARD,0,2,2
RUFI,0,2,2
RUIT,0,2,2
RUMARDA,0,2,2
RUMENI,0,2,2
RUNDI,0,2,2
RUPERTINA,0,2,2
RUSBELT,0,2,2
RUSTILIO,0,2,2
RUTELIO,0,2,2
RUTH ARGENTINA,0,2,2
RUTHBELINA,0,2,2
RUVIDIO,0,2,2
SAAID,0,2,2
SABELIO,0,2,2
SABET,0,2,2
SABID,0,2,2
SABINOS,0,2,2
SABUL,0,2,2
SACHARIEL,0,2,2
SADAHI,0,2,2
SADDAI,0,2,2
SADICT,0,2,2
SADRINA,0,2,2
SAGASTUME,0,2,2
SAGEY,0,2,2
SAGRADO,0,2,2
SAGUN,0,2,2
SAHEN,0,2,2
SAIC,0,2,2
SAINA,0,2,2
SALAN,0,2,2
SALANGEL,0,2,2
SALATIER,0,2,2
SALENA,0,2,2
SALEX,0,2,2
SALGADO,0,2,2
SALINAS,0,2,2
SAMAIRA,0,2,2
SAMALIA,0,2,2
SAMBOLITO,0,2,2
SAMIRI,0,2,2
SANAEL,0,2,2
SANAHI,0,2,2
SANDINA,0,2,2
SANDRINI,0,2,2
SANELI,0,2,2
SANOA,0,2,2
SANTA  MARIA,0,2,2
SANTASITA,0,2,2
SANTI,0,2,2
SANTIGO,0,2,2
SANTILLO,0,2,2
SANTOS  REYES,0,2,2
SANTOS ADELAIDA,0,2,2
SANTOS ADELMO,0,2,2
SANTOS ALBA,0,2,2
SANTOS ALEJO,0,2,2
SANTOS ALEXIS,0,2,2
SANTOS AMALIA,0,2,2
SANTOS ARMANDO,0,2,2
SANTOS AURORA,0,2,2
SANTOS BAUDILIO,0,2,2
SANTOS BENIGNA,0,2,2
SANTOS BERNARDA,0,2,2
SANTOS CAYETANO,0,2,2
SANTOS CLETO,0,2,2
SANTOS CRISTINO,0,2,2
SANTOS DIGNA,0,2,2
SANTOS DIONICIA,0,2,2
SANTOS EFRAIN,0,2,2
SANTOS ELADIO,0,2,2
SANTOS ERCILIA,0,2,2
SANTOS ESTEBAN,0,2,2
SANTOS EVARISTO,0,2,2
SANTOS EVELIO,0,2,2
SANTOS FAUSTO,0,2,2
SANTOS FIDELIA,0,2,2
SANTOS FRANCISC,0,2,2
SANTOS FROYLAN,0,2,2
SANTOS GENARO,0,2,2
SANTOS GIL,0,2,2
SANTOS HIPOLITO,0,2,2
SANTOS HUMBERTO,0,2,2
SANTOS ISAC,0,2,2
SANTOS ISRAEL,0,2,2
SANTOS ISRRAEL,0,2,2
SANTOS JESUS,0,2,2
SANTOS JUANA,0,2,2
SANTOS JULIO,0,2,2
SANTOS LEON,0,2,2
SANTOS LEONARDA,0,2,2
SANTOS LEONARDO,0,2,2
SANTOS LEONEL,0,2,2
SANTOS LIDIO,0,2,2
SANTOS LINA,0,2,2
SANTOS MARCIAL,0,2,2
SANTOS MARTIR,0,2,2
SANTOS MAURICIO,0,2,2
SANTOS MELANIO,0,2,2
SANTOS MIGUEL,0,2,2
SANTOS OBDULIO,0,2,2
SANTOS OLAYO,0,2,2
SANTOS OMAR,0,2,2
SANTOS ONDINA,0,2,2
SANTOS PABLO,0,2,2
SANTOS PASTOR,0,2,2
SANTOS PASTORA,0,2,2
SANTOS PAULINA,0,2,2
SANTOS PAULINO,0,2,2
SANTOS PIO,0,2,2
SANTOS REINA,0,2,2
SANTOS ROQUE,0,2,2
SANTOS SALOME,0,2,2
SANTOS SIMONA,0,2,2
SANTOS SIXTO,0,2,2
SANTOS SUYAPA,0,2,2
SANTOS TEODORO,0,2,2
SANTOS TORIBIO,0,2,2
SANTOS TRINIDAD,0,2,2
SANTOS VICENTE,0,2,2
SARACELY,0,2,2
SARAIC,0,2,2
SARAIY,0,2,2
SAREY,0,2,2
SARIC,0,2,2
SAUVIN,0,2,2
SAVIEL,0,2,2
SAYAPA,0,2,2
SE LA PAZ,0,2,2
SEBASTIN,0,2,2
SEDEK,0,2,2
SEDILA,0,2,2
SEGOVIA,0,2,2
SELANDIA,0,2,2
SELASSIE,0,2,2
SELAY,0,2,2
SELBORNE,0,2,2
SENCIA,0,2,2
SENCION,0,2,2
SENDIR,0,2,2
SENITH,0,2,2
SENSUNA,0,2,2
SERVIO TULIO,0,2,2
SEVERIO,0,2,2
SHAMIR,0,2,2
SHANELL,0,2,2
SHANTAL,0,2,2
SHANTELL,0,2,2
SHERMON,0,2,2
SHING,0,2,2
SIBELY,0,2,2
SICELI,0,2,2
SICERON,0,2,2
SICINIO,0,2,2
SIDALID,0,2,2
SIDENIA,0,2,2
SIDONY,0,2,2
SILENI,0,2,2
SILEY,0,2,2
SIOMARE,0,2,2
SIONEL,0,2,2
SIRINEO,0,2,2
SIRLENE,0,2,2
SISELI,0,2,2
SITELIA,0,2,2
SITLALY,0,2,2
SIVONEY,0,2,2
SMILEY,0,2,2
SMIT,0,2,2
SOCORO,0,2,2
SOCRATEZ,0,2,2
SOELMA,0,2,2
SOET,0,2,2
SOETH,0,2,2
SOFIAS,0,2,2
SOFINA,0,2,2
SOGEILY,0,2,2
SOGEIRA,0,2,2
SOGERIN,0,2,2
SOHATH,0,2,2
SOJEY,0,2,2
SOLAN,0,2,2
SOLANIA,0,2,2
SOLEMY,0,2,2
SOLETH,0,2,2
SOMAR,0,2,2
SONERY,0,2,2
SONIA MARIBEL,0,2,2
SONIA SUYAPA,0,2,2
SOREGINA,0,2,2
SOTO,0,2,2
STALEY,0,2,2
STALING,0,2,2
STALY,0,2,2
STANDFORD,0,2,2
STANDLY,0,2,2
STANLIE,0,2,2
STANLING,0,2,2
STARLI,0,2,2
STEAVEN,0,2,2
STEBARLY,0,2,2
STEBE,0,2,2
STEEVEN,0,2,2
STEPHAN,0,2,2
STEVES,0,2,2
STEWAR,0,2,2
STID,0,2,2
STIVEEN,0,2,2
STIWARD,0,2,2
SUBIRU,0,2,2
SUCET,0,2,2
SUDAY,0,2,2
SUDILAY,0,2,2
SUDITH,0,2,2
SUELY,0,2,2
SUGEIN,0,2,2
SUGEIRY,0,2,2
SUGEYLY,0,2,2
SUGLEY,0,2,2
SUGY,0,2,2
SUHEILL,0,2,2
SUHEIRY,0,2,2
SUIYEN,0,2,2
SUJEYMI,0,2,2
SULANY,0,2,2
SULEE,0,2,2
SULEM,0,2,2
SULINIA,0,2,2
SUMAR,0,2,2
SUNILSE,0,2,2
SUPAYA,0,2,2
SURAY,0,2,2
SUREIDA,0,2,2
SURELLA,0,2,2
SUSELLY,0,2,2
SUSETT,0,2,2
SUSUE,0,2,2
SUYEEN,0,2,2
SUYETH,0,2,2
SUZETT,0,2,2
SUZMAN,0,2,2
SUZZETH,0,2,2
SUZZETTE,0,2,2
SYLVAIN,0,2,2
SYLVIANNE,0,2,2
SYVONNIE,0,2,2
TABER,0,2,2
TALMAI,0,2,2
TARCISIO,0,2,2
TARED,0,2,2
TASIANO,0,2,2
TELA,0,2,2
TELFORD,0,2,2
TERCERO,0,2,2
TERLEY,0,2,2
THERESE,0,2,2
THIMPLE,0,2,2
THOBOURNE,0,2,2
TIENA,0,2,2
TILIO,0,2,2
TOLINA,0,2,2
TORRES,0,2,2
TRADIO,0,2,2
TRECE,0,2,2
TRIGONING,0,2,2
TULIA SANTOS,0,2,2
TULIO DE JESUS,0,2,2
UBENIA,0,2,2
UBERY,0,2,2
UBET,0,2,2
UBILFREDO,0,2,2
UBILIA,0,2,2
UDETH,0,2,2
UDITA,0,2,2
UDUALDO,0,2,2
UFANIA,0,2,2
UGANDA,0,2,2
ULDO,0,2,2
ULFANIA,0,2,2
ULIZER,0,2,2
ULOFIA,0,2,2
UMENIO,0,2,2
UNBELINA,0,2,2
UNELLA,0,2,2
UNIEL,0,2,2
URELIA,0,2,2
URIA,0,2,2
URIAH,0,2,2
URIAN,0,2,2
USBELINA,0,2,2
UVALDINO,0,2,2
UVAN,0,2,2
UVEL,0,2,2
UWENCE,0,2,2
VALDEZ,0,2,2
VALDIVIA,0,2,2
VALDIVIO,0,2,2
VALERI,0,2,2
VALESSKA,0,2,2
VALET,0,2,2
VALINOSKA,0,2,2
VALSAMINA,0,2,2
VALTASAR,0,2,2
VANELLY,0,2,2
VANELY,0,2,2
VARON,0,2,2
VEDARDO,0,2,2
VEDELLA,0,2,2
VEDELY,0,2,2
VEDES,0,2,2
VEDREDIN,0,2,2
VELEZ,0,2,2
VELICIA,0,2,2
VELIMIR,0,2,2
VELIO,0,2,2
VELISA,0,2,2
VENEDIT,0,2,2
VENISIO,0,2,2
VENISSA,0,2,2
VENNEY,0,2,2
VERALIS,0,2,2
VERANGER,0,2,2
VERAYEN,0,2,2
VERENISA,0,2,2
VERIE,0,2,2
VERLEENE,0,2,2
VERNE,0,2,2
VERONE,0,2,2
VERTALINA,0,2,2
VETILIO,0,2,2
VIACELLY,0,2,2
VIADIL,0,2,2
VIANE,0,2,2
VIANES,0,2,2
VICTORIA DE LA,0,2,2
VICTORINE,0,2,2
VIDETH,0,2,2
VIDEY,0,2,2
VIENNEY,0,2,2
VIERGINIA,0,2,2
VIGDELIA,0,2,2
VILDONIO,0,2,2
VILLANET,0,2,2
VILLONEY,0,2,2
VILMA SUYAPA,0,2,2
VILUBINA,0,2,2
VINELI,0,2,2
VINISIO,0,2,2
VINIZIO,0,2,2
VIONEY,0,2,2
VIR,0,2,2
VIRGENIA,0,2,2
VIRGILA,0,2,2
VITELY,0,2,2
VITERIO,0,2,2
VITINA,0,2,2
VITORINO,0,2,2
VIVIENNE,0,2,2
VULMARO,0,2,2
W,0,2,2
WA,0,2,2
WAIMIN,0,2,2
WALDEMARO,0,2,2
WALDERINA,0,2,2
WALDERY,0,2,2
WALDINO,0,2,2
WALESA,0,2,2
WALESCKA,0,2,2
WALESI,0,2,2
WALESKY,0,2,2
WALESSCA,0,2,2
WALESSKA,0,2,2
WALEWSKA,0,2,2
WALKINIA,0,2,2
WALKYRIA,0,2,2
WALQUINIA,0,2,2
WANDALY,0,2,2
WANERGE,0,2,2
WAVENEY,0,2,2
WELDA,0,2,2
WENDINA,0,2,2
WESTPHAL,0,2,2
WHITTAKER,0,2,2
WIL ALFREDO,0,2,2
WILANDER,0,2,2
WILGEMINA,0,2,2
WILIBALDO,0,2,2
WILLER,0,2,2
WILLIA,0,2,2
WILMARA,0,2,2
WITICIA,0,2,2
WLICER,0,2,2
WOSWALDO,0,2,2
WUENSE,0,2,2
WVALDO,0,2,2
WVENSE,0,2,2
XAMIRA,0,2,2
XILOE,0,2,2
XIN,0,2,2
XIONARA,0,2,2
Y DALMA,0,2,2
YABANY,0,2,2
YACARINA,0,2,2
YACCENIA,0,2,2
YACET,0,2,2
YACINY,0,2,2
YACOMINA,0,2,2
YACUB,0,2,2
YADALI,0,2,2
YADANARA,0,2,2
YADARI,0,2,2
YADARIS,0,2,2
YADBANA,0,2,2
YADELIS,0,2,2
YADELY,0,2,2
YADENI,0,2,2
YADIRI,0,2,2
YADIT,0,2,2
YADIX,0,2,2
YADMINA,0,2,2
YADYR,0,2,2
YAELI,0,2,2
YAELY,0,2,2
YAIN,0,2,2
YAIRSINIO,0,2,2
YAKAIRA,0,2,2
YAKELIM,0,2,2
YAKELING,0,2,2
YAKELINY,0,2,2
YAKELYNE,0,2,2
YAKIR,0,2,2
YALANY,0,2,2
YALECK,0,2,2
YALENDIS,0,2,2
YALEY,0,2,2
YALILI,0,2,2
YALINE,0,2,2
YALISA,0,2,2
YALIT,0,2,2
YALIVET,0,2,2
YALMIN,0,2,2
YALYL,0,2,2
YAMALAK,0,2,2
YAMALETH,0,2,2
YAMALIEL,0,2,2
YAMELITH,0,2,2
YAMET,0,2,2
YAMIBELL,0,2,2
YAMIBET,0,2,2
YAMILEL,0,2,2
YAMILETHA,0,2,2
YAMILETTH,0,2,2
YAMILEXY,0,2,2
YAMILEY,0,2,2
YAMILEZ,0,2,2
YAMILHT,0,2,2
YAMILLE,0,2,2
YAMILY,0,2,2
YAMINI,0,2,2
YAMIRETH,0,2,2
YAMITILH,0,2,2
YAMLIETH,0,2,2
YANADIRA,0,2,2
YANAEL,0,2,2
YANANY,0,2,2
YANESIS,0,2,2
YANESSY,0,2,2
YANESY,0,2,2
YANETET,0,2,2
YANETL,0,2,2
YANETS,0,2,2
YANETSI,0,2,2
YANEXY,0,2,2
YANIBELL,0,2,2
YANIC,0,2,2
YANIDES,0,2,2
YANIDET,0,2,2
YANIDIA,0,2,2
YANIGSA,0,2,2
YANILEC,0,2,2
YANILEHT,0,2,2
YANILI,0,2,2
YANINIS,0,2,2
YANINNA,0,2,2
YANISA,0,2,2
YANISELA,0,2,2
YANIT,0,2,2
YANITSA,0,2,2
YANITZIA,0,2,2
YANIVETH,0,2,2
YANIXIA,0,2,2
YANNIN,0,2,2
YANOARY,0,2,2
YANOLI,0,2,2
YANORIZ,0,2,2
YANTH,0,2,2
YANUIRIA,0,2,2
YANURI,0,2,2
YANYRET,0,2,2
YAQUEL,0,2,2
YAQUELINDA,0,2,2
YAQUELING,0,2,2
YARCENIA,0,2,2
YARET,0,2,2
YARICELA,0,2,2
YARILA,0,2,2
YARILU,0,2,2
YARISELA,0,2,2
YARITHZA,0,2,2
YARLETH,0,2,2
YAROSLAV,0,2,2
YARSINIO,0,2,2
YASAMARY,0,2,2
YASELIA,0,2,2
YASETH,0,2,2
YASHINE,0,2,2
YASHIRA,0,2,2
YASIL,0,2,2
YASINY,0,2,2
YASIRY,0,2,2
YASMARI,0,2,2
YASNETH,0,2,2
YASOARA,0,2,2
YASOHARA,0,2,2
YASSIER,0,2,2
YASUARA,0,2,2
YATEN,0,2,2
YAUDETH,0,2,2
YAVETH,0,2,2
YAVILES,0,2,2
YAVILET,0,2,2
YAVIRA,0,2,2
YEANETT,0,2,2
YECELY,0,2,2
YECIL,0,2,2
YEDETH,0,2,2
YELIXZA,0,2,2
YEMILET,0,2,2
YENECIA,0,2,2
YENED,0,2,2
YENEL,0,2,2
YENIXA,0,2,2
YEOBANI,0,2,2
YEOVANNI,0,2,2
YERARDINA,0,2,2
YEREMI,0,2,2
YERENIA,0,2,2
YERITZA,0,2,2
YERMINIA,0,2,2
YESELDY,0,2,2
YESELINA,0,2,2
YESELL,0,2,2
YESETH,0,2,2
YESINA,0,2,2
YESIRE,0,2,2
YESIRIA,0,2,2
YESIT,0,2,2
YESITH,0,2,2
YESMINIA,0,2,2
YESSELLE,0,2,2
YESSENIE,0,2,2
YESSIBEL,0,2,2
YESSILL,0,2,2
YEUDIEL,0,2,2
YEXENY,0,2,2
YEXSENIA,0,2,2
YEYLOR,0,2,2
YHAQUELIN,0,2,2
YIMINZON,0,2,2
YIRLEY,0,2,2
YISELLA,0,2,2
YISELY,0,2,2
YISSELE,0,2,2
YISSELY,0,2,2
YIZETH,0,2,2
YLEANA,0,2,2
YLENIA,0,2,2
YLIANA,0,2,2
YMILETH,0,2,2
YNEZ,0,2,2
YOANES,0,2,2
YOBAHANY,0,2,2
YOBANIT,0,2,2
YOBANIZ,0,2,2
YOBHANY,0,2,2
YOCENIA,0,2,2
YODANI,0,2,2
YODESSA,0,2,2
YODETH,0,2,2
YODIBETH,0,2,2
YODILETH,0,2,2
YODIR,0,2,2
YOFUEN,0,2,2
YOGEL,0,2,2
YOHENY,0,2,2
YOHVANY,0,2,2
YOJAIRO,0,2,2
YOJANDY,0,2,2
YOJARIS,0,2,2
YOJAYRA,0,2,2
YOJELI,0,2,2
YOJENY,0,2,2
YOKONDA,0,2,2
YOLAINE,0,2,2
YOLANADA,0,2,2
YOLANDA MARIA,0,2,2
YOLARY,0,2,2
YOLEDIS,0,2,2
YOLENA,0,2,2
YOLENIZ,0,2,2
YOLEYDA,0,2,2
YOLIBE,0,2,2
YOLIBED,0,2,2
YOLIBERTH,0,2,2
YOLIVEHT,0,2,2
YOLIVEX,0,2,2
YOLONI,0,2,2
YOMEDES,0,2,2
YONAMI,0,2,2
YONANNI,0,2,2
YONARE,0,2,2
YONELIA,0,2,2
YONERI,0,2,2
YONEX,0,2,2
YOQUELI,0,2,2
YORCELIN,0,2,2
YORDANI,0,2,2
YORDANKA,0,2,2
YORELHY,0,2,2
YORELI,0,2,2
YORGENI,0,2,2
YORIBEL,0,2,2
YORIBETH,0,2,2
YORLENYS,0,2,2
YORMARY,0,2,2
YORSIS,0,2,2
YORYANI,0,2,2
YOSAFAT,0,2,2
YOSED,0,2,2
YOSELINE,0,2,2
YOSELL,0,2,2
YOSEVA,0,2,2
YOSIBETH,0,2,2
YOSMARA,0,2,2
YOSSELI,0,2,2
YOSSELINE,0,2,2
YOSUA,0,2,2
YOUSET,0,2,2
YOVALIER,0,2,2
YOVAMNY,0,2,2
YOVANKA,0,2,2
YOVANNIE,0,2,2
YOVANO,0,2,2
YOVARY,0,2,2
YOVIETH,0,2,2
YOWANIS,0,2,2
YOZELIN,0,2,2
YSELA,0,2,2
YSMELDA,0,2,2
YUBANIE,0,2,2
YUDALETH,0,2,2
YUDED,0,2,2
YUDELMY,0,2,2
YUDIE,0,2,2
YUDIETH,0,2,2
YUDIRIS,0,2,2
YUDISA,0,2,2
YUDIVET,0,2,2
YUDIZA,0,2,2
YUJANNA,0,2,2
YULE,0,2,2
YULIBE,0,2,2
YULICSA,0,2,2
YULIED,0,2,2
YULIETA,0,2,2
YULISSE,0,2,2
YULIT,0,2,2
YUMILDA,0,2,2
YUNETH,0,2,2
YURIETH,0,2,2
YURILIA,0,2,2
YUSEL,0,2,2
YUSENIA,0,2,2
YUSIMIN,0,2,2
YUSMINA,0,2,2
YUSSEL,0,2,2
YUVINEZ,0,2,2
YUVINNI,0,2,2
YUVIT,0,2,2
YUYIN,0,2,2
YVANIA,0,2,2
YVETH,0,2,2
YVON,0,2,2
ZABEL,0,2,2
ZACARIA,0,2,2
ZADIC,0,2,2
ZADIEL,0,2,2
ZADIT,0,2,2
ZAHIT,0,2,2
ZALATHIEL,0,2,2
ZAMARI,0,2,2
ZANOA,0,2,2
ZARAIDA,0,2,2
ZARONY,0,2,2
ZEDILETH,0,2,2
ZELANIA,0,2,2
ZELEMA,0,2,2
ZELENY,0,2,2
ZEMIR,0,2,2
ZENALDA,0,2,2
ZENEY,0,2,2
ZIDALIA,0,2,2
ZINAYDA,0,2,2
ZIOMAR,0,2,2
ZOAN,0,2,2
ZOHET,0,2,2
ZOILA ARGENTINA,0,2,2
ZOILA ESTELA,0,2,2
ZOILA ROSA,0,2,2
ZOLANGEL,0,2,2
ZONIA ESPERANZA,0,2,2
ZONIA MARILU,0,2,2
ZULENIA,0,2,2
ZULETH,0,2,2
ABALBERTO,1,1,2
ABAR,1,1,2
ABDEN,1,1,2
ABDERRAMAN,1,1,2
ABDONY,1,1,2
ABDUVIN,1,1,2
ABEDA,1,1,2
ABEDARDO,1,1,2
ABEL DE JESUS,1,1,2
ABELICA,1,1,2
ABELIZ,1,1,2
ABENCIA,1,1,2
ABENEL,1,1,2
ABENOR,1,1,2
ABERCIA,1,1,2
ABIA,1,1,2
ABICELY,1,1,2
ABIDAM,1,1,2
ABIGADI,1,1,2
ABIGADIL,1,1,2
ABILA,1,1,2
ABILENIA,1,1,2
ABILSO,1,1,2
ABIMELET,1,1,2
ABIMILEX,1,1,2
ABISAID,1,1,2
ABRAHA,1,1,2
ABRAHIN,1,1,2
ABRIEL,1,1,2
ABUD,1,1,2
ABUNDO,1,1,2
ACCIDES,1,1,2
ACDALI,1,1,2
ACDULIO,1,1,2
ACELAIDA,1,1,2
ACELMO,1,1,2
ACENCIO,1,1,2
ACSALON,1,1,2
ACTAVIO,1,1,2
ADA ESPERANZA,1,1,2
ADABELLA,1,1,2
ADABERTA,1,1,2
ADACELY,1,1,2
ADACENIA,1,1,2
ADALBERO,1,1,2
ADALDICIA,1,1,2
ADALEYCI,1,1,2
ADALIDES,1,1,2
ADALILIA,1,1,2
ADALILIAN,1,1,2
ADALILO,1,1,2
ADALISA,1,1,2
ADALMY,1,1,2
ADAMIRIAN,1,1,2
ADAMIRNA,1,1,2
ADANA,1,1,2
ADANCITO,1,1,2
ADANS,1,1,2
ADANUVIA,1,1,2
ADDALA,1,1,2
ADELARDO,1,1,2
ADELDINA,1,1,2
ADELIGNA,1,1,2
ADELIY,1,1,2
ADELIZA,1,1,2
ADELLE,1,1,2
ADELMER,1,1,2
ADELMIA,1,1,2
ADELVI,1,1,2
ADEMIN,1,1,2
ADENCIO,1,1,2
ADERIA,1,1,2
ADEXIS,1,1,2
ADEXSI,1,1,2
ADEYDA,1,1,2
ADHONAY,1,1,2
ADICE,1,1,2
ADILFONSA,1,1,2
ADILIAN,1,1,2
ADILIANA,1,1,2
ADILON,1,1,2
ADILVERTO,1,1,2
ADILZA,1,1,2
ADILZON,1,1,2
ADIMAS,1,1,2
ADINALDO,1,1,2
ADIXA,1,1,2
ADIXIA,1,1,2
ADLY,1,1,2
ADOLMIN,1,1,2
ADONALIS,1,1,2
ADONIES,1,1,2
ADORIS,1,1,2
ADRAIN,1,1,2
ADREA,1,1,2
ADRIAM,1,1,2
ADRIHAN,1,1,2
ADRIN,1,1,2
ADULFINA,1,1,2
ADYL,1,1,2
AELICIA,1,1,2
AERIOPAGITO,1,1,2
AEROPAGITO,1,1,2
AEXA,1,1,2
AFFI,1,1,2
AFRICO,1,1,2
AFRODISIO,1,1,2
AGALINDO,1,1,2
AGLIS,1,1,2
AGLORIA,1,1,2
AGNERIS,1,1,2
AGNESS,1,1,2
AGRACELY,1,1,2
AGRACIO,1,1,2
AGUIDA,1,1,2
AGUILARDO,1,1,2
AHARON,1,1,2
AHELER,1,1,2
AHELI,1,1,2
AHIESER,1,1,2
AHIMELECH,1,1,2
AHISAMAC,1,1,2
AHYDE,1,1,2
AHYDEE,1,1,2
AIDALIA,1,1,2
AIDALY,1,1,2
AIDEL,1,1,2
AIDEN,1,1,2
AIDI,1,1,2
AIDINA,1,1,2
AIDO,1,1,2
AILEN,1,1,2
AISAI,1,1,2
AISELA,1,1,2
AISLADO,1,1,2
AISLY,1,1,2
AKHNATON,1,1,2
ALADIA,1,1,2
ALAYDA,1,1,2
ALAYNE,1,1,2
ALBAT,1,1,2
ALBE,1,1,2
ALBELINA,1,1,2
ALBEO,1,1,2
ALBERTILA,1,1,2
ALBERTONY,1,1,2
ALBERVIS,1,1,2
ALBRTO,1,1,2
ALCEGRIS,1,1,2
ALCELMO,1,1,2
ALCERRO,1,1,2
ALCIDIO,1,1,2
ALCIONE,1,1,2
ALCYDES,1,1,2
ALDAN,1,1,2
ALDARA,1,1,2
ALDE,1,1,2
ALDECIA,1,1,2
ALDOMIRO,1,1,2
ALDONAY,1,1,2
ALDRICK,1,1,2
ALDUBA,1,1,2
ALDUIN,1,1,2
ALE,1,1,2
ALEAN,1,1,2
ALEDA,1,1,2
ALEGARIA,1,1,2
ALEILA,1,1,2
ALEIMIS,1,1,2
ALEIMY,1,1,2
ALEISE,1,1,2
ALEISIS,1,1,2
ALEJADRA,1,1,2
ALEKSEI,1,1,2
ALENCIS,1,1,2
ALESI,1,1,2
ALESIO,1,1,2
ALESSANDER,1,1,2
ALESSANIA,1,1,2
ALESTINA,1,1,2
ALETH,1,1,2
ALEXCIA,1,1,2
ALEYBI,1,1,2
ALEYDIS,1,1,2
ALEYS,1,1,2
ALFERIS,1,1,2
ALFONIA,1,1,2
ALFRETH,1,1,2
ALGELIA,1,1,2
ALGIRIS,1,1,2
ALHELY,1,1,2
ALIBE,1,1,2
ALIM,1,1,2
ALINO,1,1,2
ALISANIAS,1,1,2
ALISETT,1,1,2
ALIT,1,1,2
ALIXE,1,1,2
ALIZA,1,1,2
ALIZARDO,1,1,2
ALIZON,1,1,2
ALKY,1,1,2
ALLEGRA,1,1,2
ALLESON,1,1,2
ALMADAN,1,1,2
ALMADELIS,1,1,2
ALMI,1,1,2
ALODIAS,1,1,2
ALOHA,1,1,2
ALOIDA,1,1,2
ALOMA,1,1,2
ALONSA,1,1,2
ALSACER,1,1,2
ALSACIA,1,1,2
ALSIN,1,1,2
ALSINO,1,1,2
ALSIVIADES,1,1,2
ALTALI,1,1,2
ALTHEA,1,1,2
ALTRAGRACIA,1,1,2
ALTURO,1,1,2
ALUL,1,1,2
ALVARINA,1,1,2
ALVIRO,1,1,2
ALYANY,1,1,2
ALYSON,1,1,2
ALZACER,1,1,2
ALZIDES,1,1,2
AMABELIA,1,1,2
AMADEL,1,1,2
AMADILIA,1,1,2
AMAIRA,1,1,2
AMALEA,1,1,2
AMALINA,1,1,2
AMALTA,1,1,2
AMARIAS,1,1,2
AMARIO,1,1,2
AMAVILIA,1,1,2
AMAYRA,1,1,2
AMEDEA,1,1,2
AMEDH,1,1,2
AMELISSA,1,1,2
AMERIS,1,1,2
AMI,1,1,2
AMICENDA,1,1,2
AMINADATH,1,1,2
AMINEY,1,1,2
AMMIE,1,1,2
AMONICA,1,1,2
ANA CELIA,1,1,2
ANA ELIZABETH,1,1,2
ANABECI,1,1,2
ANABEYDA,1,1,2
ANACENIA,1,1,2
ANADELCI,1,1,2
ANAEDIS,1,1,2
ANAELKA,1,1,2
ANALICES,1,1,2
ANALIS,1,1,2
ANALISIS,1,1,2
ANALIVIA,1,1,2
ANALIXA,1,1,2
ANAMIA,1,1,2
ANAMIM,1,1,2
ANAMINA,1,1,2
ANANILLAS,1,1,2
ANARDALINA,1,1,2
ANARELLA,1,1,2
ANARIVAR,1,1,2
ANAROSA,1,1,2
ANARRUT,1,1,2
ANASELY,1,1,2
ANASTA,1,1,2
ANAURA,1,1,2
ANAYANSIE,1,1,2
ANAYANSSI,1,1,2
ANAYENSY,1,1,2
ANAYHANSY,1,1,2
ANDALY,1,1,2
ANDERLE,1,1,2
ANDERLIN,1,1,2
ANDEY,1,1,2
ANDIBERTO,1,1,2
ANDINE,1,1,2
ANDOGEL,1,1,2
ANDONIES,1,1,2
ANDONIZ,1,1,2
ANDRIANA,1,1,2
ANDRONES,1,1,2
ANEC,1,1,2
ANELCI,1,1,2
ANELSIS,1,1,2
ANELSON,1,1,2
ANERIS,1,1,2
ANEXA,1,1,2
ANEXANDER,1,1,2
ANEYSI,1,1,2
ANGELINDA,1,1,2
ANGELU,1,1,2
ANGELUZ,1,1,2
ANGUS,1,1,2
ANGUSTIA,1,1,2
ANICILA,1,1,2
ANILBAL,1,1,2
ANILIO,1,1,2
ANINDA,1,1,2
ANINFA,1,1,2
ANIRMA,1,1,2
ANIXA,1,1,2
ANIZETO,1,1,2
ANNABELLY,1,1,2
ANOAR,1,1,2
ANOC,1,1,2
ANOE,1,1,2
ANOMIAS,1,1,2
ANSIA,1,1,2
ANSIRA,1,1,2
ANSUNCION,1,1,2
ANTELINA,1,1,2
ANTHONEY,1,1,2
ANTIMA,1,1,2
ANTONETT,1,1,2
ANTONIETTA,1,1,2
ANTONIETTE,1,1,2
ANTONIO MANUEL,1,1,2
ANTONYS,1,1,2
ANUARIA,1,1,2
ANYS,1,1,2
ANZONY,1,1,2
ANZOR,1,1,2
AOVAD,1,1,2
APARICION,1,1,2
APOLO,1,1,2
APOLONARIO,1,1,2
APOLOS,1,1,2
AQUEDA,1,1,2
AQUILE,1,1,2
ARABELLY,1,1,2
ARABELYS,1,1,2
ARABESKA,1,1,2
ARACELIN,1,1,2
ARACENIA,1,1,2
ARACENY,1,1,2
ARADELIA,1,1,2
ARAEL,1,1,2
ARALES,1,1,2
ARALIS,1,1,2
ARANABELY,1,1,2
ARANI,1,1,2
ARCADEA,1,1,2
ARCELINO,1,1,2
ARCIO,1,1,2
ARDIN,1,1,2
ARDUBAL,1,1,2
ARDULFA,1,1,2
ARELA,1,1,2
ARELES,1,1,2
ARELIX,1,1,2
ARETHA,1,1,2
ARGENIZ,1,1,2
ARGENSOLA,1,1,2
ARGERI,1,1,2
ARGIMIRO,1,1,2
ARGUETA,1,1,2
ARIAN,1,1,2
ARICELIS,1,1,2
ARISBEL,1,1,2
ARISELY,1,1,2
ARISTERIS,1,1,2
ARISTO,1,1,2
ARITZA,1,1,2
ARIZMENDI,1,1,2
ARKEL,1,1,2
ARLEDIS,1,1,2
ARLEES,1,1,2
ARLEF,1,1,2
ARMEJA,1,1,2
ARMY,1,1,2
ARNALIA,1,1,2
ARNAU,1,1,2
ARNELFO,1,1,2
ARNOLFA,1,1,2
ARNUL,1,1,2
ARNULIO,1,1,2
ARPIDIO,1,1,2
ARQUIDES,1,1,2
ARQUIN,1,1,2
ARSONIA,1,1,2
ARTERMIO,1,1,2
ARTILIO,1,1,2
ARTINA,1,1,2
ARTURA,1,1,2
ARTURITO,1,1,2
ARYANNY,1,1,2
ARYERY,1,1,2
ARYURI,1,1,2
ARZUVI,1,1,2
ASARELA,1,1,2
ASDULIO,1,1,2
ASELITA,1,1,2
ASHBERT,1,1,2
ASHLY,1,1,2
ASISA,1,1,2
ASISE,1,1,2
ASISTO,1,1,2
ASMINDA,1,1,2
ASMIRA,1,1,2
ASMUNDO,1,1,2
ASTERY,1,1,2
ASTREBERTO,1,1,2
ASTUR,1,1,2
ASUNCIONA,1,1,2
ASUNTINA,1,1,2
ATALA,1,1,2
ATANIEL,1,1,2
ATHEL,1,1,2
ATILAN,1,1,2
ATLAY,1,1,2
AUCENCIO,1,1,2
AUDALA,1,1,2
AUDAZ,1,1,2
AUDBERTA,1,1,2
AUDEBERTO,1,1,2
AUDEMA,1,1,2
AUDENIDA,1,1,2
AUDIALINA,1,1,2
AUDIL,1,1,2
AUDLEY,1,1,2
AUDOLIA,1,1,2
AULBERTA,1,1,2
AUMBERTO,1,1,2
AURALIA,1,1,2
AURALILA,1,1,2
AURELEANA,1,1,2
AURELINO,1,1,2
AURENCIO,1,1,2
AURESTILIA,1,1,2
AURICELA,1,1,2
AURIEL,1,1,2
AUSTREVERTO,1,1,2
AUTILIO,1,1,2
AUXILADORA,1,1,2
AUXILIO,1,1,2
AVACU,1,1,2
AVADESSA,1,1,2
AVELY,1,1,2
AVENIDO,1,1,2
AVENILDA,1,1,2
AVERSIO,1,1,2
AVIGDOR,1,1,2
AVILO,1,1,2
AVILZON,1,1,2
AVIMELET,1,1,2
AVIN,1,1,2
AVITA,1,1,2
AYARY,1,1,2
AYDEHE,1,1,2
AYLEM,1,1,2
AYMELEX,1,1,2
AYNE,1,1,2
AYULA,1,1,2
AZAREL,1,1,2
AZENET,1,1,2
AZOR,1,1,2
AZRAEL,1,1,2
BABSY,1,1,2
BACELICIA,1,1,2
BACELISA,1,1,2
BAIN,1,1,2
BALDER,1,1,2
BALDITRUDIS,1,1,2
BALENY,1,1,2
BALESSA,1,1,2
BALMORIZ,1,1,2
BAMAN,1,1,2
BANGELIO,1,1,2
BANGELO,1,1,2
BANNESA,1,1,2
BANYS,1,1,2
BAO,1,1,2
BARCELY,1,1,2
BARDOMINA,1,1,2
BARGELIA,1,1,2
BARON,1,1,2
BARTIS,1,1,2
BARVARA,1,1,2
BASIL,1,1,2
BASSAM,1,1,2
BAYEL,1,1,2
BAYON,1,1,2
BEATILDE,1,1,2
BEBELIN,1,1,2
BECSY,1,1,2
BECXI,1,1,2
BEDARDA,1,1,2
BEDARMINA,1,1,2
BEDELMIRA,1,1,2
BEDHER,1,1,2
BEDINIA,1,1,2
BEDY,1,1,2
BEESY,1,1,2
BEISI,1,1,2
BELENA,1,1,2
BELGIS,1,1,2
BELGRABE,1,1,2
BELHINDA,1,1,2
BELINEYDA,1,1,2
BELITA,1,1,2
BELLAMI,1,1,2
BELMIR,1,1,2
BELSABETH,1,1,2
BELSYS,1,1,2
BELYN,1,1,2
BELZI,1,1,2
BEN ONI,1,1,2
BENEDARDA,1,1,2
BENEDELSA,1,1,2
BENEDICIA,1,1,2
BENEDICTINA,1,1,2
BENEFRE,1,1,2
BENGUR,1,1,2
BENINGNA,1,1,2
BENO,1,1,2
BENONI,1,1,2
BENONIS,1,1,2
BEQUI,1,1,2
BERENIZ,1,1,2
BERENIZA,1,1,2
BERENIZE,1,1,2
BERGEN,1,1,2
BERICA,1,1,2
BERISFORD,1,1,2
BERLAN,1,1,2
BERLARMINO,1,1,2
BERMIS,1,1,2
BERNADINA,1,1,2
BERNALI,1,1,2
BERNARDEZ,1,1,2
BERNARDY,1,1,2
BERNIT,1,1,2
BERNIZ,1,1,2
BERSELITA,1,1,2
BERTALU,1,1,2
BERTHALINA,1,1,2
BERTOLDA,1,1,2
BERTYN,1,1,2
BERVELY,1,1,2
BESLEEL,1,1,2
BESSIL,1,1,2
BETANCOURTH,1,1,2
BETHZABEL,1,1,2
BETIZABEL,1,1,2
BETRIZ,1,1,2
BETSA,1,1,2
BETSAYDA,1,1,2
BETZABELL,1,1,2
BETZARA,1,1,2
BEVERLYN,1,1,2
BEXAHI,1,1,2
BEXAY,1,1,2
BEYRUTH,1,1,2
BIATO,1,1,2
BICELIA,1,1,2
BICTORIANA,1,1,2
BIDELIO,1,1,2
BIDENCE,1,1,2
BILIAN,1,1,2
BILITA,1,1,2
BIMAEL,1,1,2
BIRDELL,1,1,2
BIRNEY,1,1,2
BIRSAVIT,1,1,2
BIRTA,1,1,2
BISABEL,1,1,2
BITALINO,1,1,2
BLASINO,1,1,2
BLASSINA,1,1,2
BLEER,1,1,2
BLENEMIA,1,1,2
BOBY,1,1,2
BOGARDO,1,1,2
BOLDWIN,1,1,2
BONERGIO,1,1,2
BONIEK,1,1,2
BONIS,1,1,2
BONNYE,1,1,2
BORELIS,1,1,2
BORELY,1,1,2
BORGEN,1,1,2
BORNIE,1,1,2
BORRIS,1,1,2
BRAHAM,1,1,2
BRANIS,1,1,2
BRANLEE,1,1,2
BRASIBEL,1,1,2
BRAY,1,1,2
BREMILDA,1,1,2
BRENDA LEE,1,1,2
BRENEDYN,1,1,2
BRETH,1,1,2
BREYDI,1,1,2
BRICEIDA,1,1,2
BRICENIA,1,1,2
BRIDGETTE,1,1,2
BRIEN,1,1,2
BRIGETH,1,1,2
BRIGGETTE,1,1,2
BRIGITHE,1,1,2
BRINDISIS,1,1,2
BRINET,1,1,2
BRISELVA,1,1,2
BRISILIA,1,1,2
BRITO,1,1,2
BRITT,1,1,2
BRIXIDO,1,1,2
BRODELL,1,1,2
BROWNING,1,1,2
BRYN,1,1,2
BUANERGE,1,1,2
BUANERJES,1,1,2
BUDA,1,1,2
BUENA BENTURA,1,1,2
BUENERGE,1,1,2
BULMARO,1,1,2
BURNICE,1,1,2
BURNIS,1,1,2
CALEP,1,1,2
CALINERIO,1,1,2
CALIOPE,1,1,2
CAMERINO,1,1,2
CANALES,1,1,2
CANICIA,1,1,2
CANSY,1,1,2
CARBILIO,1,1,2
CARENY,1,1,2
CARIEL,1,1,2
CARIZ,1,1,2
CARLITO,1,1,2
CARLOIN,1,1,2
CARLOS HUMBERTO,1,1,2
CARLOVA,1,1,2
CARLOVINDA,1,1,2
CARMENSI,1,1,2
CARMENSITA,1,1,2
CARMILDA,1,1,2
CAROLIBETH,1,1,2
CAROLLINNE,1,1,2
CAROLYNA,1,1,2
CARRANZA,1,1,2
CASHMAN,1,1,2
CASTELO,1,1,2
CASTORA,1,1,2
CASTORILA,1,1,2
CATOCHA,1,1,2
CEANO,1,1,2
CECILO,1,1,2
CECY,1,1,2
CEDILA,1,1,2
CEFENIA,1,1,2
CELCIO,1,1,2
CELIDIA,1,1,2
CELSI,1,1,2
CEMELY,1,1,2
CEMIA,1,1,2
CEN,1,1,2
CENAIDY,1,1,2
CENOBIO,1,1,2
CERVINA,1,1,2
CESA,1,1,2
CESTILIA,1,1,2
CEVELINA,1,1,2
CHABELO,1,1,2
CHAD,1,1,2
CHAIN,1,1,2
CHAN,1,1,2
CHARLEEN,1,1,2
CHARLYE,1,1,2
CHARMAINE,1,1,2
CHARMAN,1,1,2
CHARMIN,1,1,2
CHELDON,1,1,2
CHIN,1,1,2
CHINA,1,1,2
CHIRINOS,1,1,2
CHRISTHEL,1,1,2
CHUI,1,1,2
CIARA,1,1,2
CIFRIDO,1,1,2
CINFOROSA,1,1,2
CINTTYA,1,1,2
CIOLA,1,1,2
CIRCUNSECION,1,1,2
CIRCUSICION,1,1,2
CIREACO,1,1,2
CIRLENE,1,1,2
CISELA,1,1,2
CIVIS,1,1,2
CLABER,1,1,2
CLARE,1,1,2
CLARIDAD,1,1,2
CLARINA,1,1,2
CLARISTINA,1,1,2
CLARIT,1,1,2
CLARIXZA,1,1,2
CLARKE,1,1,2
CLAUDETE,1,1,2
CLAUDIANO,1,1,2
CLAUDILIO,1,1,2
CLAUDINIA,1,1,2
CLAUDITH,1,1,2
CLAVELINA,1,1,2
CLAVES,1,1,2
CLEGHORN,1,1,2
CLELY,1,1,2
CLEMANTINA,1,1,2
CLEMEMTE,1,1,2
CLEMSON,1,1,2
CLENI,1,1,2
CLENYS,1,1,2
CLEVE,1,1,2
CLINIA,1,1,2
CLINTHON,1,1,2
CLISERIA,1,1,2
CLORYS,1,1,2
CLOWARD,1,1,2
COBA,1,1,2
COBINA,1,1,2
CODEL,1,1,2
COLBERT,1,1,2
COLECTA,1,1,2
COLECTO,1,1,2
COLEMAN,1,1,2
COLLET,1,1,2
COMBERCION,1,1,2
COMEMORACION,1,1,2
CONCECION,1,1,2
CONCEPICON,1,1,2
CONCESSA,1,1,2
CONROD,1,1,2
CONSTANCE,1,1,2
CONSUELITO,1,1,2
CONWAY,1,1,2
COOLIDGE,1,1,2
CORAL,1,1,2
CORBIN,1,1,2
CORDELINA,1,1,2
CORDELIO,1,1,2
CORDULIA,1,1,2
CORIC,1,1,2
CORLOTA,1,1,2
CORONACION,1,1,2
CORPELIA,1,1,2
CORTES,1,1,2
CORWIN,1,1,2
COSMINDA,1,1,2
COSSETE,1,1,2
COZME,1,1,2
CRAFORD,1,1,2
CRESPINIANO,1,1,2
CRIPBEL,1,1,2
CRIPRIANO,1,1,2
CRISCELA,1,1,2
CRISILDA,1,1,2
CRISLER,1,1,2
CRISOL,1,1,2
CRISOLAGO,1,1,2
CRISOLINA,1,1,2
CRISSELDA,1,1,2
CRISSELL,1,1,2
CRISSIE,1,1,2
CRISTELIO,1,1,2
CRISTELLA,1,1,2
CRISTER,1,1,2
CRISTIANI,1,1,2
CRISTIBAL,1,1,2
CRISTILIA,1,1,2
CRISTNA,1,1,2
CRISTYNA,1,1,2
CRITELIA,1,1,2
CRUSITO,1,1,2
CUBAS,1,1,2
CULY,1,1,2
CUSBERTO,1,1,2
DA,1,1,2
DABINSON,1,1,2
DADI,1,1,2
DADSON,1,1,2
DAILENE,1,1,2
DAILI,1,1,2
DAISA,1,1,2
DALADIER,1,1,2
DALESY,1,1,2
DALEY,1,1,2
DALLANY,1,1,2
DALYLA,1,1,2
DAMACENO,1,1,2
DAMAN,1,1,2
DAMARIX,1,1,2
DAMASENO,1,1,2
DAMASITO,1,1,2
DAMAY,1,1,2
DAMBERTO,1,1,2
DAMICELY,1,1,2
DAMILO,1,1,2
DAMOS,1,1,2
DANALIA,1,1,2
DANALY,1,1,2
DANAMEY,1,1,2
DANEIDA,1,1,2
DANELYA,1,1,2
DANELYS,1,1,2
DANER,1,1,2
DANIBAL,1,1,2
DANIBAR,1,1,2
DANIELE,1,1,2
DANILDO,1,1,2
DANILES,1,1,2
DANILIS,1,1,2
DANISE,1,1,2
DANIVETH,1,1,2
DANIYS,1,1,2
DANNELIA,1,1,2
DANO,1,1,2
DANTOR,1,1,2
DANUBI,1,1,2
DANUEL,1,1,2
DAPHENE,1,1,2
DAQUINO,1,1,2
DARBE,1,1,2
DARCELY,1,1,2
DARCIO,1,1,2
DARDIN,1,1,2
DARELA,1,1,2
DARELL,1,1,2
DARELY,1,1,2
DARISSA,1,1,2
DARITZA,1,1,2
DARIX,1,1,2
DARLENIA,1,1,2
DARLINE,1,1,2
DARLINTONG,1,1,2
DARNE,1,1,2
DARRY,1,1,2
DASHIELL,1,1,2
DASIL,1,1,2
DASMA,1,1,2
DASMARI,1,1,2
DASNET,1,1,2
DAUGLAS,1,1,2
DAVIDA,1,1,2
DAVINCE,1,1,2
DAVINSON,1,1,2
DAVISON,1,1,2
DAYADIRA,1,1,2
DAYANIA,1,1,2
DAYLA,1,1,2
DAYNIA,1,1,2
DAYSA,1,1,2
DAYSES,1,1,2
DEAISY,1,1,2
DEANIRA,1,1,2
DEBIR,1,1,2
DEEL,1,1,2
DEGUALDINA,1,1,2
DEICES,1,1,2
DEILI,1,1,2
DEIXIS,1,1,2
DEIZY,1,1,2
DELAMAR,1,1,2
DELBINA,1,1,2
DELCIAN,1,1,2
DELDIN,1,1,2
DELFICA,1,1,2
DELFINE,1,1,2
DELIBERTO,1,1,2
DELKER,1,1,2
DELMEN,1,1,2
DELMITA,1,1,2
DELMORES,1,1,2
DELVYS,1,1,2
DELWYN,1,1,2
DELYA,1,1,2
DEMBER,1,1,2
DEMETREO,1,1,2
DEMITRY,1,1,2
DEMPSY,1,1,2
DENALDA,1,1,2
DENAN,1,1,2
DENER,1,1,2
DENEYDA,1,1,2
DENIES,1,1,2
DENILIA,1,1,2
DENISEE,1,1,2
DENORA,1,1,2
DENTON,1,1,2
DENYSA,1,1,2
DEORACIO,1,1,2
DERALINA,1,1,2
DERE,1,1,2
DERREN,1,1,2
DESDEMONA,1,1,2
DESERIE,1,1,2
DESIREL,1,1,2
DESMY,1,1,2
DEVERA,1,1,2
DEWAYNE,1,1,2
DEXTAR,1,1,2
DEYADIRA,1,1,2
DEYLYN,1,1,2
DEYMIS,1,1,2
DEYNES,1,1,2
DIAMANDINA,1,1,2
DIAMELA,1,1,2
DIANELA,1,1,2
DIANERY,1,1,2
DIANINA,1,1,2
DIANORIS,1,1,2
DIBIER,1,1,2
DICELINA,1,1,2
DIELA,1,1,2
DIGBIANA,1,1,2
DIGBYANA,1,1,2
DILE,1,1,2
DILENI,1,1,2
DILENY,1,1,2
DILFIA,1,1,2
DILILIAN,1,1,2
DILIS,1,1,2
DILIXA,1,1,2
DILXIA,1,1,2
DILYA,1,1,2
DILZIA,1,1,2
DIMION,1,1,2
DINAIDA,1,1,2
DINARZA,1,1,2
DINAURO,1,1,2
DINE,1,1,2
DINEL,1,1,2
DINET,1,1,2
DINETT,1,1,2
DINGO,1,1,2
DINICIO,1,1,2
DINOLA,1,1,2
DINORAL,1,1,2
DIOCINDA,1,1,2
DIOGENIA,1,1,2
DIOMARY,1,1,2
DIOME,1,1,2
DIOMEL,1,1,2
DIONES,1,1,2
DIONIDEZ,1,1,2
DIOSDADO,1,1,2
DIOSITA,1,1,2
DIOZANA,1,1,2
DIPAULA,1,1,2
DIRNALDA,1,1,2
DISNORA,1,1,2
DIVANIA,1,1,2
DIVI,1,1,2
DIVID,1,1,2
DIVIDA,1,1,2
DIXENIA,1,1,2
DIXSON,1,1,2
DIXYANA,1,1,2
DIZENIA,1,1,2
DOAMIN,1,1,2
DOBLAS,1,1,2
DODANIL,1,1,2
DOFIA,1,1,2
DOGRACIA,1,1,2
DOIL,1,1,2
DOILEY,1,1,2
DOLILA,1,1,2
DOLLEY,1,1,2
DOMARIS,1,1,2
DOMATILA,1,1,2
DOMICELA,1,1,2
DOMILITA,1,1,2
DOMINE,1,1,2
DOMINICO,1,1,2
DONADIL,1,1,2
DONADIS,1,1,2
DONAE,1,1,2
DONAHI,1,1,2
DONAIRO,1,1,2
DONAMI,1,1,2
DONAX,1,1,2
DONELDO,1,1,2
DONER,1,1,2
DONERIS,1,1,2
DONEXI,1,1,2
DONICILA,1,1,2
DONIGNA,1,1,2
DONINELY,1,1,2
DONIRA,1,1,2
DONIXSA,1,1,2
DONOBAN,1,1,2
DONOZO,1,1,2
DORANA,1,1,2
DORANIA,1,1,2
DORAVILA,1,1,2
DORAYDA,1,1,2
DORDELIS,1,1,2
DOREN,1,1,2
DORESI,1,1,2
DORIAS,1,1,2
DORINO,1,1,2
DORISELA,1,1,2
DORITZA,1,1,2
DORIY,1,1,2
DORLEY,1,1,2
DORYN,1,1,2
DOSITEO,1,1,2
DOVERLY,1,1,2
DOVIN,1,1,2
DOYSI,1,1,2
DRUSILA,1,1,2
DUBANIA,1,1,2
DUBINIA,1,1,2
DUBLEY,1,1,2
DUDY,1,1,2
DUENYS,1,1,2
DULCINEA,1,1,2
DULCY,1,1,2
DULIX,1,1,2
DULIZ,1,1,2
DULMIS,1,1,2
DUNIA PATRICIA,1,1,2
DUNILDA,1,1,2
DUNMAR,1,1,2
DUOGLAS,1,1,2
DURBEN,1,1,2
DUSY,1,1,2
DUVER,1,1,2
DUVIN,1,1,2
DUWLAS,1,1,2
DWAN,1,1,2
DYAN,1,1,2
DYANIRA,1,1,2
DYLMA,1,1,2
DYTON,1,1,2
EALEEN,1,1,2
EBANJELISTA,1,1,2
EBELINO,1,1,2
EBELITA,1,1,2
EBENEZER,1,1,2
EBERGITO,1,1,2
EBERTINA,1,1,2
EBERTON,1,1,2
EBIDALIA,1,1,2
ECARDO,1,1,2
ECDORA,1,1,2
ECOLASTICA,1,1,2
ECSIBIA,1,1,2
ECTALINO,1,1,2
EDAENA,1,1,2
EDAUDO,1,1,2
EDBER,1,1,2
EDDIC,1,1,2
EDDIO,1,1,2
EDELIZ,1,1,2
EDEM,1,1,2
EDEMECIO,1,1,2
EDENILSO,1,1,2
EDENIN,1,1,2
EDERLIN,1,1,2
EDERMIN,1,1,2
EDERMINDO,1,1,2
EDESA,1,1,2
EDESMUNDO,1,1,2
EDGAN,1,1,2
EDGARDA,1,1,2
EDGRDO,1,1,2
EDICCIA,1,1,2
EDICO,1,1,2
EDICSA,1,1,2
EDICTHA,1,1,2
EDICTRUDIS,1,1,2
EDIEN,1,1,2
EDIF,1,1,2
EDIKA,1,1,2
EDILFIDO,1,1,2
EDILFONSA,1,1,2
EDILFONZO,1,1,2
EDILIANA,1,1,2
EDILTO,1,1,2
EDILVA,1,1,2
EDIMIR,1,1,2
EDINELDA,1,1,2
EDINZON,1,1,2
EDIODORA,1,1,2
EDIP,1,1,2
EDIRA,1,1,2
EDISTON,1,1,2
EDITRUDES,1,1,2
EDIXCIA,1,1,2
EDIXTA,1,1,2
EDKIN,1,1,2
EDMEREGILDO,1,1,2
EDMIDIO,1,1,2
EDMIL,1,1,2
EDOLISA,1,1,2
EDONALDO,1,1,2
EDONIS,1,1,2
EDORILDA,1,1,2
EDORIS,1,1,2
EDUBINDA,1,1,2
EDUBINE,1,1,2
EDUBY,1,1,2
EDUITH,1,1,2
EDULFINA,1,1,2
EDUNIO,1,1,2
EDUVES,1,1,2
EDUVEY,1,1,2
EDUVIJEZ,1,1,2
EDUVINES,1,1,2
EDVELA,1,1,2
EDVIDIA,1,1,2
EDWITH,1,1,2
EDYIS,1,1,2
EFEMIA,1,1,2
EFIFANIA,1,1,2
EFRACIA,1,1,2
EFRE,1,1,2
EFREDIS,1,1,2
EGDALINA,1,1,2
EGDENIA,1,1,2
EGDOCIA,1,1,2
EGLENTINA,1,1,2
EGLISERIA,1,1,2
EGLORIA,1,1,2
EGLOTINA,1,1,2
EGON,1,1,2
EGRICELDA,1,1,2
EGUDEMIA,1,1,2
EIDALI,1,1,2
EIRIS,1,1,2
EISENHOWER,1,1,2
EISMAN,1,1,2
EISOLINA,1,1,2
ELAIN,1,1,2
ELAISA,1,1,2
ELAMINTA,1,1,2
ELANDA,1,1,2
ELANOR,1,1,2
ELBINTA,1,1,2
ELCIRIA,1,1,2
ELDAY,1,1,2
ELDIBRAN,1,1,2
ELDO,1,1,2
ELDOMINIA,1,1,2
ELDORAN,1,1,2
ELDUBINIA,1,1,2
ELEACER,1,1,2
ELEARQUIN,1,1,2
ELECET,1,1,2
ELEDIX,1,1,2
ELEDYS,1,1,2
ELEJANDRINA,1,1,2
ELEMENIA,1,1,2
ELENA AURORA,1,1,2
ELENORA,1,1,2
ELENORE,1,1,2
ELENTINA,1,1,2
ELEONA,1,1,2
ELEONCIA,1,1,2
ELEOVER,1,1,2
ELEPCIPO,1,1,2
ELEPTERIA,1,1,2
ELERINA,1,1,2
ELERIS,1,1,2
ELETIS,1,1,2
ELEUSTERIA,1,1,2
ELEVERIO,1,1,2
ELEXCI,1,1,2
ELEYDIANA,1,1,2
ELIA DEL CARMEN,1,1,2
ELIAM,1,1,2
ELIASID,1,1,2
ELIBERIA,1,1,2
ELIBETTY,1,1,2
ELICELIA,1,1,2
ELICIANA,1,1,2
ELIDAD,1,1,2
ELIDEN,1,1,2
ELIDIAN,1,1,2
ELIEZ,1,1,2
ELIFAX,1,1,2
ELIFONSA,1,1,2
ELIGARDO,1,1,2
ELIGORIA,1,1,2
ELIJENIA,1,1,2
ELIK,1,1,2
ELILIAN,1,1,2
ELIOMARA,1,1,2
ELIONARDO,1,1,2
ELIR,1,1,2
ELIRA,1,1,2
ELISANDO,1,1,2
ELISBERTO,1,1,2
ELISEL,1,1,2
ELISENY,1,1,2
ELISUA,1,1,2
ELITEA,1,1,2
ELITICIA,1,1,2
ELIUH,1,1,2
ELIVE,1,1,2
ELIXCE,1,1,2
ELIXER,1,1,2
ELIXS,1,1,2
ELIZABEETH,1,1,2
ELIZABETTH,1,1,2
ELIZEC,1,1,2
ELIZEO,1,1,2
ELIZMA,1,1,2
ELIZUR,1,1,2
ELLIUT,1,1,2
ELMITA,1,1,2
ELOHIN,1,1,2
ELONA,1,1,2
ELPINA,1,1,2
ELSA DE JESUS,1,1,2
ELSONORA,1,1,2
ELTELVINA,1,1,2
ELTER,1,1,2
ELUBINIA,1,1,2
ELUCADIA,1,1,2
ELUDIS,1,1,2
ELUY,1,1,2
ELVELINA,1,1,2
ELVERTO,1,1,2
ELVET,1,1,2
ELVINIA,1,1,2
ELVINO,1,1,2
ELYNORA,1,1,2
ELYVEN,1,1,2
EMANUELL,1,1,2
EMARLID,1,1,2
EMELANEO,1,1,2
EMELCY,1,1,2
EMELIE,1,1,2
EMELIS,1,1,2
EMELITH,1,1,2
EMELVA,1,1,2
EMENOR,1,1,2
EMERICTO,1,1,2
EMERLI,1,1,2
EMERLINDO,1,1,2
EMETRIO,1,1,2
EMEYDA,1,1,2
EMIGDALIA,1,1,2
EMIGDO,1,1,2
EMILDRE,1,1,2
EMILENA,1,1,2
EMILIA DE JESUS,1,1,2
EMILIO DE JESUS,1,1,2
EMILZA,1,1,2
EMILZE,1,1,2
EMINTA,1,1,2
EMIRTA,1,1,2
EMISON,1,1,2
EMITH,1,1,2
EMIX,1,1,2
EMMA LIDIA,1,1,2
EMMERSON,1,1,2
EMON,1,1,2
EMPIRIO,1,1,2
EMTIMA,1,1,2
EMUS,1,1,2
ENAMORADO,1,1,2
ENATALIA,1,1,2
ENAUDA,1,1,2
ENDEMI,1,1,2
ENDOLFO,1,1,2
ENDORO,1,1,2
ENE,1,1,2
ENECTALIA,1,1,2
ENEGILDA,1,1,2
ENELIDIA,1,1,2
ENEN,1,1,2
ENERIA,1,1,2
ENERITA,1,1,2
ENERMINDA,1,1,2
ENERO,1,1,2
ENET,1,1,2
ENETALIA,1,1,2
ENETH,1,1,2
ENGELBERG,1,1,2
ENIER,1,1,2
ENIMIA,1,1,2
ENISBETH,1,1,2
ENISELDA,1,1,2
ENMANUELLE,1,1,2
ENMERITA,1,1,2
ENNOS,1,1,2
ENOA,1,1,2
ENORI,1,1,2
ENORMA,1,1,2
ENUBIA,1,1,2
ENUEMI,1,1,2
ENUIS,1,1,2
EODILIA,1,1,2
EPAFRODITO,1,1,2
EPIFAMIO,1,1,2
EPIMENIA,1,1,2
ERADITO,1,1,2
ERBYN,1,1,2
ERCELYS,1,1,2
ERCIRA,1,1,2
ERCITA,1,1,2
ERCULEANO,1,1,2
ERDULIO,1,1,2
EREDINA,1,1,2
EREY,1,1,2
ERFIDIA,1,1,2
ERGIDIA,1,1,2
ERIA,1,1,2
ERIBETO,1,1,2
ERICELIA,1,1,2
ERICEMA,1,1,2
ERICZA,1,1,2
ERIE,1,1,2
ERIKC,1,1,2
ERIPINA,1,1,2
ERLITA,1,1,2
ERMEGILDA,1,1,2
ERMELICIA,1,1,2
ERMENECIA,1,1,2
ERMERS,1,1,2
ERMESON,1,1,2
ERMINCENDA,1,1,2
ERMITO,1,1,2
ERMODIO,1,1,2
ERMOGENIA,1,1,2
ERMUNDINA,1,1,2
ERNES,1,1,2
ERNI,1,1,2
ERNY,1,1,2
ERODA,1,1,2
ERODICTO,1,1,2
EROICA,1,1,2
EROIDA,1,1,2
EROLDINA,1,1,2
ERON,1,1,2
ERONITA,1,1,2
EROTIDO,1,1,2
EROTILA,1,1,2
ERROY,1,1,2
ERSENIA,1,1,2
ERUBIEL,1,1,2
ERUBINA,1,1,2
ERUDITA,1,1,2
ERVACIO,1,1,2
ERVELIA,1,1,2
ERVELIO,1,1,2
ERVIL,1,1,2
ERVINA,1,1,2
ESCAR,1,1,2
ESCARLI,1,1,2
ESELA,1,1,2
ESELINDA,1,1,2
ESKARLA,1,1,2
ESKARLEN,1,1,2
ESLID,1,1,2
ESLITH,1,1,2
ESLIVIDA,1,1,2
ESMARIA,1,1,2
ESMELANIA,1,1,2
ESMELDI,1,1,2
ESMERANDA,1,1,2
ESMERLINDA,1,1,2
ESMIDIA,1,1,2
ESMIDIO,1,1,2
ESMINA,1,1,2
ESMON,1,1,2
ESPEDITA,1,1,2
ESPENZA,1,1,2
ESPERANCITA,1,1,2
ESPIRIRION,1,1,2
ESRAEL,1,1,2
ESTALING,1,1,2
ESTANISALO,1,1,2
ESTANISLAGO,1,1,2
ESTANLE,1,1,2
ESTANY,1,1,2
ESTELFINA,1,1,2
ESTENA,1,1,2
ESTERI,1,1,2
ESTERMINDA,1,1,2
ESTES,1,1,2
ESTHELVINA,1,1,2
ESTHERLEE,1,1,2
ESTIBALY,1,1,2
ESTIP,1,1,2
ESTONIA,1,1,2
ESTRANA,1,1,2
ESVETLANA,1,1,2
ETAURFO,1,1,2
ETEHL,1,1,2
ETHELINA,1,1,2
ETHELMINA,1,1,2
ETHELRED,1,1,2
ETHER,1,1,2
ETIENNE,1,1,2
ETMAN,1,1,2
ETNAN,1,1,2
ETTNA,1,1,2
ETZEL,1,1,2
EUBALDA,1,1,2
EUBALDINA,1,1,2
EUBULO,1,1,2
EUCADIA,1,1,2
EUDALIA,1,1,2
EUDELI,1,1,2
EUDEX,1,1,2
EUDIEL,1,1,2
EUDINA,1,1,2
EUDONIO,1,1,2
EUFRECIANO,1,1,2
EUGUERIO,1,1,2
EULALILA,1,1,2
EULINA,1,1,2
EULIS,1,1,2
EUNYCE,1,1,2
EURACIA,1,1,2
EURIDES,1,1,2
EURIDIS,1,1,2
EUSBERTO,1,1,2
EUSENIA,1,1,2
EUTERIO,1,1,2
EUTERPE,1,1,2
EUTINIO,1,1,2
EUTIQUIO,1,1,2
EVA DEL ROSARIO,1,1,2
EVADILDA,1,1,2
EVAKAY,1,1,2
EVALEDY,1,1,2
EVALYN,1,1,2
EVANCE,1,1,2
EVARISTINA,1,1,2
EVAS,1,1,2
EVAUDILIA,1,1,2
EVELARDO,1,1,2
EVELDINA,1,1,2
EVELEN,1,1,2
EVELIDA,1,1,2
EVELISE,1,1,2
EVELIT,1,1,2
EVELMI,1,1,2
EVELMY,1,1,2
EVELTI,1,1,2
EVELYS,1,1,2
EVEMILDA,1,1,2
EVENEZA,1,1,2
EVENLI,1,1,2
EVERANDO,1,1,2
EVERELDA,1,1,2
EVERGITO,1,1,2
EVERIL,1,1,2
EVERTT,1,1,2
EVETE,1,1,2
EVIA,1,1,2
EVIC,1,1,2
EVILEN,1,1,2
EVILSON,1,1,2
EVORT,1,1,2
EXABELI,1,1,2
EXADIO,1,1,2
EXAIN,1,1,2
EXALINA,1,1,2
EXAMIR,1,1,2
EXCENORA,1,1,2
EXDENIA,1,1,2
EXDILIA,1,1,2
EXDOLINDA,1,1,2
EXELIN,1,1,2
EXELSI,1,1,2
EXGARDO,1,1,2
EXIDORO,1,1,2
EXILA,1,1,2
EXILINA,1,1,2
EXMELIA,1,1,2
EXMIRNA,1,1,2
EXSALON,1,1,2
EXSELI,1,1,2
EXTAN,1,1,2
EZAUL,1,1,2
EZCEQUIEL,1,1,2
EZEKIEL,1,1,2
FABIELA,1,1,2
FABRICIANA,1,1,2
FABRIZIA,1,1,2
FACTORA,1,1,2
FAIRON,1,1,2
FAIRUZ,1,1,2
FANINA,1,1,2
FANTINA,1,1,2
FARED,1,1,2
FAREL,1,1,2
FARIN,1,1,2
FARU,1,1,2
FARUK,1,1,2
FASTINO,1,1,2
FATEN,1,1,2
FAUED,1,1,2
FAURINO,1,1,2
FAUSY,1,1,2
FAUZY,1,1,2
FAVIER,1,1,2
FAVY,1,1,2
FEBY,1,1,2
FEDELINDA,1,1,2
FEIRUZ,1,1,2
FELCITA,1,1,2
FELIGNO,1,1,2
FELINDA,1,1,2
FELIPA BENICIA,1,1,2
FELITA,1,1,2
FELIX PEDRO,1,1,2
FELIXIA,1,1,2
FELIXSA,1,1,2
FEMA,1,1,2
FEMIN,1,1,2
FEMINIA,1,1,2
FEMORA,1,1,2
FENANDO,1,1,2
FENELINDA,1,1,2
FENTON,1,1,2
FERDINANDY,1,1,2
FERICK,1,1,2
FERMELINDA,1,1,2
FERMELY,1,1,2
FERNARDINA,1,1,2
FERNELL,1,1,2
FIBIA,1,1,2
FICHER,1,1,2
FIDE,1,1,2
FIDIO,1,1,2
FIJENCIA,1,1,2
FILEMO,1,1,2
FILICIANO,1,1,2
FILINO,1,1,2
FINEES,1,1,2
FINES,1,1,2
FIORELLA,1,1,2
FLOR  IDALMA,1,1,2
FLORAMINTA,1,1,2
FLORELINDA,1,1,2
FLORENSIA,1,1,2
FLORESTILA,1,1,2
FLORIBELLA,1,1,2
FLORIDELIA,1,1,2
FLORIPEZ,1,1,2
FLOTILDA,1,1,2
FRACES,1,1,2
FRADIS,1,1,2
FRAKN,1,1,2
FRANCINET,1,1,2
FRANCYBEL,1,1,2
FRAND,1,1,2
FRANG,1,1,2
FRANI,1,1,2
FRANKLY,1,1,2
FRAZER,1,1,2
FREDEBINDA,1,1,2
FREDECINDA,1,1,2
FREDEPINDA,1,1,2
FREDERMINDA,1,1,2
FREDIH,1,1,2
FREDILINDA,1,1,2
FRELIM,1,1,2
FRELIMO,1,1,2
FREMIT,1,1,2
FREN,1,1,2
FRESNEDO,1,1,2
FRIEDA,1,1,2
FRITYERAL,1,1,2
FRODITA,1,1,2
FUNDADORA,1,1,2
FURIANO,1,1,2
GABEL,1,1,2
GABIELA,1,1,2
GABRIELE,1,1,2
GAD,1,1,2
GALA,1,1,2
GALATA,1,1,2
GALDA,1,1,2
GALEAS,1,1,2
GALIANO,1,1,2
GALILE,1,1,2
GALINDA,1,1,2
GAMALI,1,1,2
GAMIEL,1,1,2
GAN,1,1,2
GANDI,1,1,2
GANERY,1,1,2
GARAY,1,1,2
GARDA,1,1,2
GARDSTENE,1,1,2
GARED,1,1,2
GARLIN,1,1,2
GARMINDA,1,1,2
GARRET,1,1,2
GARRICK,1,1,2
GAUDIEL,1,1,2
GAVIS,1,1,2
GEDEONI,1,1,2
GEDY,1,1,2
GEFTE,1,1,2
GEGUEL,1,1,2
GEHOBANY,1,1,2
GEISER,1,1,2
GELIX,1,1,2
GEN,1,1,2
GENARO DE JESUS,1,1,2
GENEROSA,1,1,2
GENEXY,1,1,2
GENIFER,1,1,2
GENIOVI,1,1,2
GENNA,1,1,2
GENOLIMPIA,1,1,2
GEO,1,1,2
GEOBAL,1,1,2
GEOBANIA,1,1,2
GEOBANNA,1,1,2
GEOFFREY,1,1,2
GEOFFRY,1,1,2
GEOFREY,1,1,2
GEONARY,1,1,2
GEONNY,1,1,2
GEONY,1,1,2
GEORGELINA,1,1,2
GEORGETT,1,1,2
GEORGIN,1,1,2
GEOVAMY,1,1,2
GERD,1,1,2
GERDINA,1,1,2
GERIES,1,1,2
GERLOS,1,1,2
GERMAINE,1,1,2
GERMAR,1,1,2
GERMER,1,1,2
GERMINDA,1,1,2
GERNARO,1,1,2
GERSOL,1,1,2
GESARELA,1,1,2
GESELA,1,1,2
GESIBEL,1,1,2
GESLIN,1,1,2
GESMAN,1,1,2
GESSURY,1,1,2
GETMAN,1,1,2
GETSEMINA,1,1,2
GETTY,1,1,2
GEZENIA,1,1,2
GHISELL,1,1,2
GIDEL,1,1,2
GILMORE,1,1,2
GILTHON,1,1,2
GINEBRA,1,1,2
GINNI,1,1,2
GIOBANNA,1,1,2
GIOBANNY,1,1,2
GIORDANA,1,1,2
GIORDANO,1,1,2
GIRASOL,1,1,2
GIRIBERTO,1,1,2
GIRONEY,1,1,2
GIULIANY,1,1,2
GIZZELLE,1,1,2
GLADEY,1,1,2
GLAUDINA,1,1,2
GLDIS,1,1,2
GLELIA,1,1,2
GLENDES,1,1,2
GLENISSE,1,1,2
GLISERIA,1,1,2
GLOBIN,1,1,2
GLOMARA,1,1,2
GLONY,1,1,2
GLORIA DE JESUS,1,1,2
GLORIA MARIA,1,1,2
GLORIANA,1,1,2
GLORIPE,1,1,2
GLORISELDA,1,1,2
GLOSENIA,1,1,2
GODFREDO,1,1,2
GODOFREDY,1,1,2
GOERING,1,1,2
GOFF,1,1,2
GOMES,1,1,2
GONZALO ANTONIO,1,1,2
GRACIANY,1,1,2
GRACILA,1,1,2
GRAGORIA,1,1,2
GRAY,1,1,2
GRAZIA MARIA,1,1,2
GRECILDA,1,1,2
GRECO,1,1,2
GREECY,1,1,2
GREEN,1,1,2
GREHAN,1,1,2
GREIVY,1,1,2
GREVILLE,1,1,2
GREYCY,1,1,2
GREYSSI,1,1,2
GRIDELDA,1,1,2
GRIFFITH,1,1,2
GRIMELDA,1,1,2
GRISCELA,1,1,2
GROVANNI,1,1,2
GRYCEL,1,1,2
GUALDIMIR,1,1,2
GUALDITRUDIS,1,1,2
GUALQUIDEA,1,1,2
GUARDINA,1,1,2
GUAYMIN,1,1,2
GUERIS,1,1,2
GUICELDA,1,1,2
GUILIBERTO,1,1,2
GUILLERNO,1,1,2
GUIMER,1,1,2
GUISSELLA,1,1,2
GUISSEPPE,1,1,2
GUITI,1,1,2
GUIZELA,1,1,2
GULBERTO,1,1,2
GUNILLA,1,1,2
GUSMARI,1,1,2
HABEL,1,1,2
HABILIO,1,1,2
HABIMILETH,1,1,2
HADALBERTO,1,1,2
HADAN,1,1,2
HAIDI,1,1,2
HAJIME,1,1,2
HALIL,1,1,2
HALSIE,1,1,2
HAMMILETH,1,1,2
HANAMEEL,1,1,2
HANANIAS,1,1,2
HANCEN,1,1,2
HANDER,1,1,2
HANER,1,1,2
HANNI,1,1,2
HARDING,1,1,2
HARELI,1,1,2
HARIF,1,1,2
HARMODIO,1,1,2
HARRIETT,1,1,2
HARTMAN,1,1,2
HARTWELL,1,1,2
HARVIS,1,1,2
HARWEL,1,1,2
HASLEY,1,1,2
HASMIN,1,1,2
HAVILA,1,1,2
HAWIT,1,1,2
HAWORTH,1,1,2
HAY,1,1,2
HAYES,1,1,2
HAZELL,1,1,2
HEBEL,1,1,2
HEBERSON,1,1,2
HEDIT,1,1,2
HEHOVANY,1,1,2
HEIDIE,1,1,2
HEINER,1,1,2
HEISSY,1,1,2
HELARIO,1,1,2
HELCIAS,1,1,2
HELCY,1,1,2
HELEC,1,1,2
HELENIA,1,1,2
HELENO,1,1,2
HELIEL,1,1,2
HELVECIO,1,1,2
HEMENEGILDO,1,1,2
HEMINIA,1,1,2
HENEMIAS,1,1,2
HENLY,1,1,2
HENOE,1,1,2
HENOTH,1,1,2
HERBACIA,1,1,2
HERBIE,1,1,2
HERCINDA,1,1,2
HERITO,1,1,2
HERLIO,1,1,2
HERMANS,1,1,2
HERMELIO,1,1,2
HERMENA,1,1,2
HERMEREJILDO,1,1,2
HERMIDES,1,1,2
HERMINE,1,1,2
HERMITAËO,1,1,2
HERMITH,1,1,2
HERMO,1,1,2
HERNAL,1,1,2
HERNAR,1,1,2
HERODI,1,1,2
HERODINA,1,1,2
HEROL,1,1,2
HEROLD,1,1,2
HERSEL,1,1,2
HERSY,1,1,2
HERYBERTO,1,1,2
HERZEGOBINA,1,1,2
HESILDA,1,1,2
HESMELINDA,1,1,2
HESMY,1,1,2
HEUDORO,1,1,2
HEUNICE,1,1,2
HEVAN,1,1,2
HEVELIA,1,1,2
HEVELIN,1,1,2
HEWIN,1,1,2
HEXOMINA,1,1,2
HEYDEN,1,1,2
HIADIRA,1,1,2
HIBRAM,1,1,2
HIDAI,1,1,2
HIDALIO,1,1,2
HIDELBRA,1,1,2
HIDIO,1,1,2
HIDUBINA,1,1,2
HIFRAIN,1,1,2
HIGIA,1,1,2
HIGILIO,1,1,2
HIL,1,1,2
HILBERT,1,1,2
HILDEFONZA,1,1,2
HILDERINA,1,1,2
HILDIBERTO,1,1,2
HILDIBRANDO,1,1,2
HILDIFONZO,1,1,2
HILIANO,1,1,2
HILL,1,1,2
HINAEL,1,1,2
HINER,1,1,2
HINMA,1,1,2
HIRANIA,1,1,2
HIRMELIA,1,1,2
HISAEL,1,1,2
HISMELDA,1,1,2
HISMENIA,1,1,2
HISRRAEL,1,1,2
HITAI,1,1,2
HIXOLINA,1,1,2
HODE,1,1,2
HOLANDINA,1,1,2
HOLEGARIO,1,1,2
HOLLMANN,1,1,2
HOMEY,1,1,2
HONAS,1,1,2
HONAY,1,1,2
HONILDA,1,1,2
HONOEL,1,1,2
HONORA,1,1,2
HOP,1,1,2
HORALDA,1,1,2
HORBERT,1,1,2
HORDELINA,1,1,2
HORFA,1,1,2
HORIETA,1,1,2
HORIS,1,1,2
HORMELINA,1,1,2
HORTENSIO,1,1,2
HOVANY,1,1,2
HOVEL,1,1,2
HOVEY,1,1,2
HOWAR,1,1,2
HOYLE,1,1,2
HUANERGES,1,1,2
HUBALDINA,1,1,2
HUBEL,1,1,2
HUBELIA,1,1,2
HUDA,1,1,2
HUDILFIDO,1,1,2
HUDSON,1,1,2
HUGODORO,1,1,2
HUNG,1,1,2
HUNTER,1,1,2
HURD,1,1,2
HURLSTON,1,1,2
HURSULA,1,1,2
HYSSEL,1,1,2
IANTHIE,1,1,2
IBONI,1,1,2
ICSELA,1,1,2
ICTALY,1,1,2
IDAID,1,1,2
IDALICIS,1,1,2
IDAMIA,1,1,2
IDAMY,1,1,2
IDANEA,1,1,2
IDANNIA,1,1,2
IDEAN,1,1,2
IDELBRANDO,1,1,2
IDELFREDO,1,1,2
IDELMINA,1,1,2
IDELSA,1,1,2
IDELSE,1,1,2
IDELY,1,1,2
IDEX,1,1,2
IDILDA,1,1,2
IDILFONZO,1,1,2
IDOMILIA,1,1,2
IDONIO,1,1,2
IDORA,1,1,2
IDRISS,1,1,2
IDULIO,1,1,2
IDUVIN,1,1,2
IFIGENIA,1,1,2
IGIDIO,1,1,2
IGLESIAS,1,1,2
ILANY,1,1,2
ILDEGAR,1,1,2
ILDEGARDA,1,1,2
ILDELFONZA,1,1,2
ILDELIZA,1,1,2
ILDES,1,1,2
ILDITH,1,1,2
ILINA,1,1,2
ILINARDO,1,1,2
ILLANA,1,1,2
ILMANDO,1,1,2
ILOINA,1,1,2
ILONIA,1,1,2
ILSO,1,1,2
ILVANI,1,1,2
ILVERTO,1,1,2
ILY,1,1,2
ILYCH,1,1,2
ILYN,1,1,2
IMAR,1,1,2
IMBERTA,1,1,2
IMPERATRIZ,1,1,2
INAHERTO,1,1,2
INAN,1,1,2
INDALIA,1,1,2
INDELINA,1,1,2
INDIBRAN,1,1,2
INECIA,1,1,2
INECITA,1,1,2
INEIDA,1,1,2
INELDINA,1,1,2
INELVA,1,1,2
INGEMAR,1,1,2
INODE,1,1,2
INSOLINA,1,1,2
INVERTA,1,1,2
IPSY,1,1,2
IRAK,1,1,2
IRALDO,1,1,2
IRANI,1,1,2
IRASOL,1,1,2
IRCANO,1,1,2
IRENI,1,1,2
IRERI,1,1,2
IRICELDA,1,1,2
IRIDIA,1,1,2
IRINED,1,1,2
IRIS MARIBEL,1,1,2
IRISABEL,1,1,2
IRLAN,1,1,2
IRLANDIA,1,1,2
IRMA AMPARO,1,1,2
IRMA DEL CARMEN,1,1,2
IRMALIA,1,1,2
IRMELINDA,1,1,2
IRMINIA,1,1,2
IRON,1,1,2
IRONELY,1,1,2
IRONIAS,1,1,2
IRRAELITA,1,1,2
IRTALIA,1,1,2
IRVINE,1,1,2
IRZAN,1,1,2
ISABINO,1,1,2
ISACCS,1,1,2
ISAD,1,1,2
ISADY,1,1,2
ISAHIN,1,1,2
ISALDA,1,1,2
ISAMARY,1,1,2
ISBELI,1,1,2
ISBELY,1,1,2
ISIAS,1,1,2
ISIRA,1,1,2
ISIRIS,1,1,2
ISLEA,1,1,2
ISLENI,1,1,2
ISMAELI,1,1,2
ISMAIDA,1,1,2
ISMANUEL,1,1,2
ISMERAI,1,1,2
ISMERI,1,1,2
ISMI,1,1,2
ISMUNDO,1,1,2
ISNAEL,1,1,2
ISNELY,1,1,2
ISNORA,1,1,2
ISOLENE,1,1,2
ISQUEL,1,1,2
ISRAEL DE JESUS,1,1,2
ISRAELI,1,1,2
ISSAID,1,1,2
ISSCELA,1,1,2
ISTBELA,1,1,2
ISVELDA,1,1,2
ITMENIA,1,1,2
ITNAN,1,1,2
ITZAMNA,1,1,2
ITZENIA,1,1,2
IVAEL,1,1,2
IVALDO,1,1,2
IVANIZ,1,1,2
IVANNIA,1,1,2
IVETTHE,1,1,2
IVIDA,1,1,2
IVONI,1,1,2
IVONME,1,1,2
IVRENETTE,1,1,2
IXCEL,1,1,2
IXELIA,1,1,2
IXIM,1,1,2
IXSABEL,1,1,2
IXTAB,1,1,2
IZAIS,1,1,2
IZALIA,1,1,2
IZAMARI,1,1,2
IZAU,1,1,2
IZAYANA,1,1,2
IZRAEL,1,1,2
IZZELA,1,1,2
J.SOCORRO,1,1,2
JABET,1,1,2
JABIELA,1,1,2
JACDIEL,1,1,2
JACHSON,1,1,2
JACKE,1,1,2
JACKELLY,1,1,2
JACOBET,1,1,2
JACOBINO,1,1,2
JACQELINE,1,1,2
JAHDIEL,1,1,2
JAHEN,1,1,2
JAIRZINHO,1,1,2
JAIT,1,1,2
JAKE,1,1,2
JAKELLINE,1,1,2
JAKELLYNE,1,1,2
JAKLIN,1,1,2
JAKLYN,1,1,2
JALMER,1,1,2
JAMALIEL,1,1,2
JAMARA,1,1,2
JAMET,1,1,2
JAMILE,1,1,2
JAMILLAH,1,1,2
JAMILTON,1,1,2
JAMINTO,1,1,2
JANELI,1,1,2
JANILEHT,1,1,2
JANISE,1,1,2
JANIT,1,1,2
JANNELY,1,1,2
JANORI,1,1,2
JANSEL,1,1,2
JANUBIA,1,1,2
JAPHETH,1,1,2
JAQUELENE,1,1,2
JAQUIN,1,1,2
JARE,1,1,2
JARIELA,1,1,2
JARIK,1,1,2
JASAEL,1,1,2
JASMYN,1,1,2
JASNARY,1,1,2
JASSIRA,1,1,2
JASUS,1,1,2
JASY,1,1,2
JAUDUS,1,1,2
JAVAN,1,1,2
JAYER,1,1,2
JEARIM,1,1,2
JECIA,1,1,2
JEFREN,1,1,2
JEHUDY,1,1,2
JEIMIE,1,1,2
JEISAR,1,1,2
JEISEL,1,1,2
JEISON,1,1,2
JELVEN,1,1,2
JEMES,1,1,2
JENETTE,1,1,2
JENNSEN,1,1,2
JENOVE,1,1,2
JENSSEN,1,1,2
JEOBALDO,1,1,2
JEOVANIS,1,1,2
JEOVANYS,1,1,2
JERALD,1,1,2
JEREMIA,1,1,2
JERINA,1,1,2
JERIS,1,1,2
JERMAIN,1,1,2
JERMAINE,1,1,2
JERMAY,1,1,2
JERSE,1,1,2
JESAEL,1,1,2
JESEFINA,1,1,2
JESENNIA,1,1,2
JESON,1,1,2
JESSTER,1,1,2
JESUE,1,1,2
JETRUDES,1,1,2
JETZA,1,1,2
JEVER,1,1,2
JEWELL,1,1,2
JEXSABEL,1,1,2
JEZEL,1,1,2
JHAIME,1,1,2
JHAIR,1,1,2
JHANORY,1,1,2
JHENRRY,1,1,2
JHOJAN,1,1,2
JHONNATAN,1,1,2
JIE,1,1,2
JIGNA,1,1,2
JIHAN,1,1,2
JILMO,1,1,2
JINI,1,1,2
JIORGE,1,1,2
JIORGINA,1,1,2
JISELDA,1,1,2
JOBAN,1,1,2
JOBELIN,1,1,2
JOBET,1,1,2
JOBIN,1,1,2
JOBO,1,1,2
JOCABETH,1,1,2
JOCELINE,1,1,2
JOCKSAN,1,1,2
JOELLY,1,1,2
JOEM,1,1,2
JOGELY,1,1,2
JOGLIS,1,1,2
JOHAB,1,1,2
JOHANEL,1,1,2
JOHANS,1,1,2
JOHELLY,1,1,2
JOHJANA,1,1,2
JOHNATHAN,1,1,2
JOLENE,1,1,2
JOMIN,1,1,2
JONELIS,1,1,2
JONHATAN,1,1,2
JONNATTAN,1,1,2
JOOEL,1,1,2
JORE,1,1,2
JOREL,1,1,2
JORGE  ALBERTO,1,1,2
JORLENNY,1,1,2
JORONIMO,1,1,2
JOSADAC,1,1,2
JOSE ALEXIS,1,1,2
JOSE ALFREDO,1,1,2
JOSE AMADO,1,1,2
JOSE BERNARDO,1,1,2
JOSE EMILIO,1,1,2
JOSE FAUSTO,1,1,2
JOSE GABRIEL,1,1,2
JOSE GREGORIO,1,1,2
JOSE HERLINDO,1,1,2
JOSE HIPOLITO,1,1,2
JOSE HUMBERTO,1,1,2
JOSE JORGE,1,1,2
JOSE MARTIR,1,1,2
JOSE MIGUEL,1,1,2
JOSE PASCUAL,1,1,2
JOSE REYNALDO,1,1,2
JOSE RIGOBERTO,1,1,2
JOSE RODOLFO,1,1,2
JOSE ROSA,1,1,2
JOSE RUBEN,1,1,2
JOSE VICTOR,1,1,2
JOSE WILFREDO,1,1,2
JOSEC,1,1,2
JOSEFA SANTOS,1,1,2
JOSEHT,1,1,2
JOSELEON,1,1,2
JOSENY,1,1,2
JOSEPHINA,1,1,2
JOSEY,1,1,2
JOSHARA,1,1,2
JOSHUE,1,1,2
JOSIELA,1,1,2
JOSSUEL,1,1,2
JOSUHA,1,1,2
JOTHAN,1,1,2
JOUSE,1,1,2
JOVET,1,1,2
JOVI,1,1,2
JOWAR,1,1,2
JOXAN,1,1,2
JOYCELIN,1,1,2
JUALBERTO,1,1,2
JUAM,1,1,2
JUAN SANTOS,1,1,2
JUANA MANUELA,1,1,2
JUANAN,1,1,2
JUANELA,1,1,2
JUANS,1,1,2
JUBERTINA,1,1,2
JUBI,1,1,2
JUBIA,1,1,2
JUDHITH,1,1,2
JUDIBETH,1,1,2
JUDICTH,1,1,2
JUDISA,1,1,2
JUEL,1,1,2
JUIL,1,1,2
JULE,1,1,2
JULIANNA,1,1,2
JULIEM,1,1,2
JULIENE,1,1,2
JUNETH,1,1,2
JURACI,1,1,2
JUSIF,1,1,2
JUSTILIANO,1,1,2
JUVA,1,1,2
JUVENILA,1,1,2
JUVIDENCIO,1,1,2
JUVIL,1,1,2
JUZTINA,1,1,2
KABIR,1,1,2
KAISER,1,1,2
KALY,1,1,2
KAMILO,1,1,2
KANG,1,1,2
KANNY,1,1,2
KARDIN,1,1,2
KARICIA,1,1,2
KARLE,1,1,2
KARLS,1,1,2
KATERINA,1,1,2
KATRIN,1,1,2
KEENAN,1,1,2
KEFFY,1,1,2
KEFREN,1,1,2
KEI,1,1,2
KELINE,1,1,2
KELSIDA,1,1,2
KELSON,1,1,2
KENARD,1,1,2
KENDELL,1,1,2
KENDLY,1,1,2
KENIDES,1,1,2
KENLEY,1,1,2
KENNEY,1,1,2
KENROSS,1,1,2
KENSER,1,1,2
KENSEY,1,1,2
KERN,1,1,2
KERVY,1,1,2
KIELA,1,1,2
KILIANY,1,1,2
KIMBERLIN,1,1,2
KIRENIA,1,1,2
KIRKWOOD,1,1,2
KIRSYS,1,1,2
KIRVIN,1,1,2
KISSINGER,1,1,2
KIT,1,1,2
KOSTKA,1,1,2
KRANKLIN,1,1,2
KUENG,1,1,2
LABORIEL,1,1,2
LABRIANO,1,1,2
LACTARO,1,1,2
LADISLAGO,1,1,2
LADISLAHO,1,1,2
LADIVINIA,1,1,2
LAICIANA,1,1,2
LAINE,1,1,2
LAING,1,1,2
LALIS,1,1,2
LALITA,1,1,2
LAMBER,1,1,2
LANEY,1,1,2
LANNY,1,1,2
LANSEN,1,1,2
LAOMIN,1,1,2
LAOS,1,1,2
LAOURDES,1,1,2
LARBY,1,1,2
LARITA,1,1,2
LARIX,1,1,2
LARVIN,1,1,2
LASTER,1,1,2
LASTERY,1,1,2
LATIFFE,1,1,2
LAUDALINA,1,1,2
LAUDE,1,1,2
LAURENCY,1,1,2
LAURENS,1,1,2
LAURIA,1,1,2
LAVITNIA,1,1,2
LAXY,1,1,2
LAYDE,1,1,2
LEAFY,1,1,2
LEALDO,1,1,2
LEANOR,1,1,2
LECXY,1,1,2
LEDAN,1,1,2
LEDAR,1,1,2
LEDAS,1,1,2
LEDENI,1,1,2
LEDESMAN,1,1,2
LEDISLAO,1,1,2
LEEDY,1,1,2
LEEVAN,1,1,2
LEI,1,1,2
LEIBIG,1,1,2
LEIGHTON,1,1,2
LEIMA,1,1,2
LEISE,1,1,2
LEIVE,1,1,2
LELIO,1,1,2
LEMA,1,1,2
LEMBURG,1,1,2
LENCIO,1,1,2
LENIRA,1,1,2
LENIX,1,1,2
LENNEY,1,1,2
LENO,1,1,2
LENYA,1,1,2
LEOBER,1,1,2
LEODY,1,1,2
LEONAY,1,1,2
LEONCE,1,1,2
LEONED,1,1,2
LEONELDO,1,1,2
LEONELSON,1,1,2
LEONELSY,1,1,2
LEONER,1,1,2
LEONES,1,1,2
LEONIBAR,1,1,2
LEONILIA,1,1,2
LEONITA,1,1,2
LEONTER,1,1,2
LEONZIA,1,1,2
LEONZIO,1,1,2
LEOSADINA,1,1,2
LEOVAN,1,1,2
LEOVINA,1,1,2
LERVI,1,1,2
LESAY,1,1,2
LESLIE MARIA,1,1,2
LESNIN,1,1,2
LESTI,1,1,2
LETERIA,1,1,2
LETIERES,1,1,2
LETRAN,1,1,2
LETSBIA,1,1,2
LEUTOQUIDAS,1,1,2
LEVERCIA,1,1,2
LEVINIA,1,1,2
LEVIX,1,1,2
LEVORN,1,1,2
LEXCI,1,1,2
LEYBINA,1,1,2
LEYCI,1,1,2
LEZET,1,1,2
LEZI,1,1,2
LIALIAN,1,1,2
LIANELLA,1,1,2
LIBEL,1,1,2
LIBERIA,1,1,2
LIBERTY,1,1,2
LIBYS,1,1,2
LIC,1,1,2
LICCIANA,1,1,2
LICEIRA,1,1,2
LICETE,1,1,2
LICIAN,1,1,2
LICIE,1,1,2
LICIMACO,1,1,2
LICONA,1,1,2
LIDDENY,1,1,2
LIDEMY,1,1,2
LIDENA,1,1,2
LIDINA,1,1,2
LIDIVINA,1,1,2
LIDONAL,1,1,2
LIDUVINDA,1,1,2
LIDUVINIA,1,1,2
LIE,1,1,2
LIEDERMAN,1,1,2
LIHA,1,1,2
LILAMI,1,1,2
LILENA,1,1,2
LILIALDA,1,1,2
LILIE,1,1,2
LILITH,1,1,2
LILLIANS,1,1,2
LIMBERTO,1,1,2
LINAURA,1,1,2
LINCOHL,1,1,2
LINDA MARIA,1,1,2
LINDEISI,1,1,2
LINDEY,1,1,2
LINDOMAR,1,1,2
LINDUBINA,1,1,2
LINEC,1,1,2
LINZAY,1,1,2
LIONIS,1,1,2
LIONISIO,1,1,2
LISANDRINO,1,1,2
LISBANI,1,1,2
LISBENIA,1,1,2
LISE,1,1,2
LISELY,1,1,2
LISSELA,1,1,2
LISVET,1,1,2
LITTON,1,1,2
LIVINO,1,1,2
LIXAJAYA,1,1,2
LIZANDE,1,1,2
LIZANKY,1,1,2
LIZBETHE,1,1,2
LIZEN,1,1,2
LIZIDA,1,1,2
LIZVET,1,1,2
LIZZABETH,1,1,2
LLANY,1,1,2
LLECENIA,1,1,2
LLESENIA,1,1,2
LLEWELLYN,1,1,2
LLOLANY,1,1,2
LLONY,1,1,2
LOA,1,1,2
LOAMI,1,1,2
LOANMY,1,1,2
LOBALDO,1,1,2
LOBSANG,1,1,2
LOCARIA,1,1,2
LOCARIO,1,1,2
LODINA,1,1,2
LODY,1,1,2
LOENA,1,1,2
LOESY,1,1,2
LOGIA,1,1,2
LOHURDEZ,1,1,2
LOMAR,1,1,2
LON,1,1,2
LONDARDO,1,1,2
LORAINA,1,1,2
LORELIS,1,1,2
LORELYS,1,1,2
LORENCIO,1,1,2
LORENE,1,1,2
LORENGELIN,1,1,2
LORENZ,1,1,2
LOREZA,1,1,2
LORILA,1,1,2
LORIZ,1,1,2
LORRETTA,1,1,2
LOTI,1,1,2
LOURDI,1,1,2
LOVEL,1,1,2
LOVELENE,1,1,2
LOVINIA,1,1,2
LOVIS,1,1,2
LOWIN,1,1,2
LOZARO,1,1,2
LUANIS,1,1,2
LUANN,1,1,2
LUBIANCA,1,1,2
LUBID,1,1,2
LUCELA,1,1,2
LUCET,1,1,2
LUCILA DE JESUS,1,1,2
LUCITH,1,1,2
LUCIUS,1,1,2
LUCYLINDA,1,1,2
LUDIBEL,1,1,2
LUDIBINA,1,1,2
LUDISMILDA,1,1,2
LUDOBINA,1,1,2
LUDYBETH,1,1,2
LUGUIN,1,1,2
LUMILA,1,1,2
LUNIA,1,1,2
LUPI,1,1,2
LUPO,1,1,2
LURDIZ,1,1,2
LURLENE,1,1,2
LUSBENIA,1,1,2
LUSINIO,1,1,2
LUTY,1,1,2
LUVER,1,1,2
LUZ ESMERALDA,1,1,2
LUZ MILDA,1,1,2
LUZBINDA,1,1,2
LYDIO,1,1,2
LYLLIAN,1,1,2
LYNDELL,1,1,2
MA AUXILIADORA,1,1,2
MA MARGARITA,1,1,2
MABIAEL,1,1,2
MADALYN,1,1,2
MADBIA,1,1,2
MADDIEL,1,1,2
MADELYNE,1,1,2
MADGE,1,1,2
MADINA,1,1,2
MADISON,1,1,2
MADLEN,1,1,2
MADRIL,1,1,2
MAEETABEL,1,1,2
MAEILA,1,1,2
MAELIA,1,1,2
MAELIS,1,1,2
MAFALIA,1,1,2
MAFREDY,1,1,2
MAGADALENO,1,1,2
MAGALE,1,1,2
MAGDAEL,1,1,2
MAGDANY,1,1,2
MAGDIL,1,1,2
MAGDOLI,1,1,2
MAGUALIDA,1,1,2
MAHAMED,1,1,2
MAIDEL,1,1,2
MAIRENI,1,1,2
MAIRIE,1,1,2
MAIRIN,1,1,2
MAIROL,1,1,2
MALANIA,1,1,2
MALILY,1,1,2
MALINY,1,1,2
MALKON,1,1,2
MALONY,1,1,2
MAMENTO,1,1,2
MAMUEL,1,1,2
MANA,1,1,2
MANACE,1,1,2
MANAHEM,1,1,2
MANDIN,1,1,2
MANDUEL,1,1,2
MANFREDYS,1,1,2
MANI,1,1,2
MANIXA,1,1,2
MANUAL,1,1,2
MANUELITO,1,1,2
MAOMAR,1,1,2
MAPPY,1,1,2
MAQUELIN,1,1,2
MARAI,1,1,2
MARANI,1,1,2
MARARY,1,1,2
MARBELIN,1,1,2
MARCELIS,1,1,2
MARCIAN,1,1,2
MARCIE,1,1,2
MARCOLFINA,1,1,2
MARCOS DE JESUS,1,1,2
MARDEM,1,1,2
MARDIA,1,1,2
MARELNY,1,1,2
MARELSO,1,1,2
MARENY,1,1,2
MAREYDA,1,1,2
MAREYLY,1,1,2
MARGARI,1,1,2
MARGARITH,1,1,2
MARGE,1,1,2
MARGEORY,1,1,2
MARGLENDY,1,1,2
MARGRETH,1,1,2
MARGRITA,1,1,2
MARIA  ELENA,1,1,2
MARIA  IDALIA,1,1,2
MARIA ANGEL,1,1,2
MARIA ANTONIETA,1,1,2
MARIA CANDIDA,1,1,2
MARIA CAROLINA,1,1,2
MARIA CELINA,1,1,2
MARIA DEJESUS,1,1,2
MARIA ELEUTERIA,1,1,2
MARIA ERLINDA,1,1,2
MARIA ESMERALDA,1,1,2
MARIA GEORGINA,1,1,2
MARIA INOCENTE,1,1,2
MARIA JOAQUINA,1,1,2
MARIA MARCOS,1,1,2
MARIA MARINA,1,1,2
MARIA MIRIAN,1,1,2
MARIA NOLVIA,1,1,2
MARIA OLIMPIA,1,1,2
MARIA ONDINA,1,1,2
MARIA SOCORRO,1,1,2
MARIANA DE J,1,1,2
MARIANA DE JESU,1,1,2
MARIANE,1,1,2
MARIANNA,1,1,2
MARIANY,1,1,2
MARICELBIS,1,1,2
MARICELL,1,1,2
MARICELVA,1,1,2
MARIDALMA,1,1,2
MARIDELI,1,1,2
MARIDELMY,1,1,2
MARIELIN,1,1,2
MARIELYS,1,1,2
MARIGEL,1,1,2
MARIHELA,1,1,2
MARILIAM,1,1,2
MARILILI,1,1,2
MARILIX,1,1,2
MARILIYN,1,1,2
MARILLU,1,1,2
MARILONY,1,1,2
MARIM,1,1,2
MARINELIN,1,1,2
MARINELYS,1,1,2
MARINEZ,1,1,2
MARIO FRANCISCO,1,1,2
MARIOLA,1,1,2
MARIONELA,1,1,2
MARIPZA,1,1,2
MARIQUE,1,1,2
MARISEELA,1,1,2
MARISELVI,1,1,2
MARISENIA,1,1,2
MARISIA,1,1,2
MARITENA,1,1,2
MARITIS,1,1,2
MARITSABEL,1,1,2
MARITSOL,1,1,2
MARITZ,1,1,2
MARITZIA,1,1,2
MARIVA,1,1,2
MARIVELA,1,1,2
MARIXCELA,1,1,2
MARIXE,1,1,2
MARIXSABEL,1,1,2
MARIXTZA,1,1,2
MARJARY,1,1,2
MARJORIA,1,1,2
MARLEDY,1,1,2
MARLITO,1,1,2
MARLLINY,1,1,2
MARLLURI,1,1,2
MARLOW,1,1,2
MARLOWE,1,1,2
MARONNY,1,1,2
MARQUI,1,1,2
MARRION,1,1,2
MARSE,1,1,2
MARSEL,1,1,2
MARSHAL,1,1,2
MARSHELL,1,1,2
MARSIAL,1,1,2
MARTALICIA,1,1,2
MARTELINA,1,1,2
MARTENI,1,1,2
MARTENY,1,1,2
MARTHALI,1,1,2
MARTHER,1,1,2
MARTILENY,1,1,2
MARTIRIANO,1,1,2
MARTITZA,1,1,2
MARTIZ,1,1,2
MARTOR,1,1,2
MARURICIO,1,1,2
MARVENY,1,1,2
MARVICK,1,1,2
MARYELLA,1,1,2
MARYINE,1,1,2
MARYLEN,1,1,2
MARYLUC,1,1,2
MARYORIT,1,1,2
MARYSTELA,1,1,2
MARYURITH,1,1,2
MARYZOL,1,1,2
MASARIEGO,1,1,2
MASBIEL,1,1,2
MASEDONIA,1,1,2
MASIO,1,1,2
MATILDO,1,1,2
MATY,1,1,2
MAUBRO,1,1,2
MAUCIMINA,1,1,2
MAUDELIA,1,1,2
MAUDONIO,1,1,2
MAUGRICIO,1,1,2
MAUREY,1,1,2
MAURIL,1,1,2
MAVELINA,1,1,2
MAVETH,1,1,2
MAXELL,1,1,2
MAXILIANO,1,1,2
MAXIMILINO,1,1,2
MAYANA,1,1,2
MAYBET,1,1,2
MAYDEN,1,1,2
MAYENI,1,1,2
MAYERLING,1,1,2
MAYKO,1,1,2
MAYNEL,1,1,2
MAYNORD,1,1,2
MAYON,1,1,2
MAYRISA,1,1,2
MAYTEDER,1,1,2
MAYTTY,1,1,2
MCDONALD,1,1,2
MECELENIA,1,1,2
MECIAS,1,1,2
MEDILIO,1,1,2
MEDORA,1,1,2
MEGDALIA,1,1,2
MEGNALIO,1,1,2
MELADES,1,1,2
MELADINA,1,1,2
MELAIDA,1,1,2
MELANDIA,1,1,2
MELANIN,1,1,2
MELCER,1,1,2
MELCHISEDEC,1,1,2
MELDRE,1,1,2
MELENDA,1,1,2
MELENDEZ,1,1,2
MELFIS,1,1,2
MELGHEN,1,1,2
MELGUIADEZ,1,1,2
MELICIO,1,1,2
MELICSA,1,1,2
MELIT,1,1,2
MELITONA,1,1,2
MELIXIA,1,1,2
MELLER,1,1,2
MELLI,1,1,2
MELO,1,1,2
MELQUECIDEC,1,1,2
MELQUESIDES,1,1,2
MELQUIADIS,1,1,2
MELQUICEDED,1,1,2
MELQUISEDEK,1,1,2
MENCHA,1,1,2
MENDES,1,1,2
MENECIO,1,1,2
MENELAO,1,1,2
MENFIL,1,1,2
MENNELIO,1,1,2
MEOLVINA,1,1,2
MERARE,1,1,2
MERBELIN,1,1,2
MERCELENA,1,1,2
MERCELINO,1,1,2
MERCELO,1,1,2
MERCERDES,1,1,2
MERCIDA,1,1,2
MERCIDANIA,1,1,2
MEREL,1,1,2
MERELYN,1,1,2
MERES,1,1,2
MERESY,1,1,2
MEREYA,1,1,2
MERIB,1,1,2
MERICIE,1,1,2
MERINELY,1,1,2
MERIRA,1,1,2
MERITH,1,1,2
MERIYEN,1,1,2
MERIYS,1,1,2
MERLENY,1,1,2
MERLIE,1,1,2
MERLIGN,1,1,2
MERQUESIDE,1,1,2
MERRITT,1,1,2
MERTALA,1,1,2
MERZAN,1,1,2
MEXELENIA,1,1,2
MEYDA,1,1,2
MIBSAN,1,1,2
MICAEL,1,1,2
MICHAELA,1,1,2
MICHELA,1,1,2
MICHELINE,1,1,2
MICTONIO,1,1,2
MIDALY,1,1,2
MIDDEY,1,1,2
MIDEL,1,1,2
MIDENSE,1,1,2
MIDORI,1,1,2
MIGDALA,1,1,2
MIGDALIO,1,1,2
MIGDIEL,1,1,2
MIGUIL,1,1,2
MIJAEL,1,1,2
MIKHAIL,1,1,2
MIKI,1,1,2
MILANDER,1,1,2
MILANIO,1,1,2
MILCAR,1,1,2
MILDREED,1,1,2
MILDRER,1,1,2
MILE,1,1,2
MILEA,1,1,2
MILEDIS,1,1,2
MILENDA,1,1,2
MILEXA,1,1,2
MILEXSY,1,1,2
MILICEN,1,1,2
MILICENT,1,1,2
MILINA,1,1,2
MILISSENT,1,1,2
MILJANIC,1,1,2
MINELA,1,1,2
MINERA,1,1,2
MINEYDA,1,1,2
MINICIO,1,1,2
MININ,1,1,2
MINITA,1,1,2
MINROD,1,1,2
MINU,1,1,2
MIRAEL,1,1,2
MIRALDO,1,1,2
MIRAMORES,1,1,2
MIRDA,1,1,2
MIRDONIO,1,1,2
MIREILA,1,1,2
MIRELA,1,1,2
MIRIAN YOLANDA,1,1,2
MIRISELDA,1,1,2
MIRLENIA,1,1,2
MIRNIAN,1,1,2
MIRSIADES,1,1,2
MISAN,1,1,2
MISANA,1,1,2
MISARINA,1,1,2
MISIS,1,1,2
MISLA,1,1,2
MISLANY,1,1,2
MISPIEL,1,1,2
MISSELEM,1,1,2
MISTELA,1,1,2
MITRI,1,1,2
MITRIA,1,1,2
MITZAEL,1,1,2
MIXDONY,1,1,2
MIYERI,1,1,2
MIYERY,1,1,2
MOHAMAD,1,1,2
MOHAMMAD,1,1,2
MOHASIR,1,1,2
MOHELIA,1,1,2
MOMINA,1,1,2
MONCHITO,1,1,2
MONIC,1,1,2
MONROE,1,1,2
MONTERO,1,1,2
MONTOYA,1,1,2
MORELA,1,1,2
MORELO,1,1,2
MORELOS,1,1,2
MORESBY,1,1,2
MORGELIA,1,1,2
MORIA,1,1,2
MORIN,1,1,2
MORISON,1,1,2
MORLANDO,1,1,2
MORONY,1,1,2
MORREL,1,1,2
MORTIS,1,1,2
MUCIA,1,1,2
MURTIS,1,1,2
MYLDA,1,1,2
MYRELLA,1,1,2
NACIRI,1,1,2
NACOR,1,1,2
NADESCA,1,1,2
NADIEL,1,1,2
NADIEZDHA,1,1,2
NADIRE,1,1,2
NADYN,1,1,2
NAEMI,1,1,2
NAHEN,1,1,2
NAHIDIA,1,1,2
NAHU,1,1,2
NALDINA,1,1,2
NALLY,1,1,2
NALO,1,1,2
NANCELY,1,1,2
NANCIA,1,1,2
NANDINA,1,1,2
NANNETH,1,1,2
NAPOLEONA,1,1,2
NARAYAN,1,1,2
NARCELIA,1,1,2
NARDIS,1,1,2
NARGIN,1,1,2
NARLY,1,1,2
NASARA,1,1,2
NASERY,1,1,2
NASIANO,1,1,2
NASSARET,1,1,2
NASSIRA,1,1,2
NATALINA,1,1,2
NATHY,1,1,2
NATIVDAD,1,1,2
NATLEE,1,1,2
NAUD,1,1,2
NAUHN,1,1,2
NAURA,1,1,2
NAVELIZ,1,1,2
NAY,1,1,2
NAYELY,1,1,2
NAZARI,1,1,2
NECTO,1,1,2
NEDEIDY,1,1,2
NEDELKA,1,1,2
NEDES,1,1,2
NEDEYDA,1,1,2
NEFTHALIA,1,1,2
NEGTALI,1,1,2
NEHOMY,1,1,2
NEHY,1,1,2
NEIBI,1,1,2
NEIDI,1,1,2
NEILL,1,1,2
NEITH,1,1,2
NELDER,1,1,2
NELDIBETH,1,1,2
NELDINA,1,1,2
NELID,1,1,2
NELIDIA,1,1,2
NELIDO,1,1,2
NELLIF,1,1,2
NELON,1,1,2
NELSHON,1,1,2
NELYM,1,1,2
NEMELIO,1,1,2
NEMROTH,1,1,2
NENETTE,1,1,2
NENMIA,1,1,2
NEOMICIO,1,1,2
NEONICIA,1,1,2
NEPFTALI,1,1,2
NEPHTALY,1,1,2
NERCIDA,1,1,2
NERDIN,1,1,2
NEREN,1,1,2
NERISA,1,1,2
NERSON,1,1,2
NERY DE JESUS,1,1,2
NESBY,1,1,2
NESMARY,1,1,2
NETALY,1,1,2
NEWKIRK,1,1,2
NEYDEN,1,1,2
NEYDER,1,1,2
NEYSIS,1,1,2
NGAN,1,1,2
NICANDO,1,1,2
NICSAEL,1,1,2
NIDETH,1,1,2
NIDINIA,1,1,2
NIL,1,1,2
NILDIVETH,1,1,2
NILLY,1,1,2
NILMER,1,1,2
NIMYA,1,1,2
NIN,1,1,2
NINY,1,1,2
NIRELDA,1,1,2
NISABEL,1,1,2
NIVES,1,1,2
NIXIRELA,1,1,2
NIXOE,1,1,2
NIXSO,1,1,2
NOBELI,1,1,2
NOBILIA,1,1,2
NODIER,1,1,2
NODIN,1,1,2
NOEHEMY,1,1,2
NOEHMI,1,1,2
NOELBI,1,1,2
NOELE,1,1,2
NOELSI,1,1,2
NOEMICIO,1,1,2
NOHANY,1,1,2
NOHELYA,1,1,2
NOHEMICIA,1,1,2
NOHEN,1,1,2
NOHENY,1,1,2
NOLAS,1,1,2
NOLDI,1,1,2
NOLFREDO,1,1,2
NOLINDA,1,1,2
NOLIVIA,1,1,2
NOLMIS,1,1,2
NORA ELIZABETH,1,1,2
NORAH,1,1,2
NORALINA,1,1,2
NORESLY,1,1,2
NORESTO,1,1,2
NORIEL,1,1,2
NORING,1,1,2
NORITH,1,1,2
NORLIS,1,1,2
NORMALDINA,1,1,2
NORMALIA,1,1,2
NORMIA,1,1,2
NORVIX,1,1,2
NOSTALGIA,1,1,2
NOVAL,1,1,2
NOVEGIL,1,1,2
NOVEIDA,1,1,2
NUÑEZ,1,1,2
NUBAL,1,1,2
NUBERTO,1,1,2
NULY,1,1,2
NUNA,1,1,2
NUNDINA,1,1,2
NURIT,1,1,2
NURIZ,1,1,2
NURLIN,1,1,2
NURVIA,1,1,2
NUVILIA,1,1,2
NYLSON,1,1,2
OBANDY,1,1,2
OBDELI,1,1,2
OBE,1,1,2
OBEB,1,1,2
OBEK,1,1,2
OBELDA,1,1,2
OBEN,1,1,2
OBETT,1,1,2
OBILFIO,1,1,2
OBNIEL,1,1,2
OBTONIEL,1,1,2
OCATAVIO,1,1,2
OCDILIO,1,1,2
OCIAS,1,1,2
OCTABILA,1,1,2
OCTABILO,1,1,2
OCTANILA,1,1,2
OCTAVIL,1,1,2
ODABIA,1,1,2
ODAID,1,1,2
ODDE,1,1,2
ODELMER,1,1,2
ODEYDA,1,1,2
ODIBEL,1,1,2
ODIE,1,1,2
ODILIS,1,1,2
ODISIA,1,1,2
ODISLANDO,1,1,2
ODISSY,1,1,2
ODONIO,1,1,2
ODRICK,1,1,2
ODYR,1,1,2
OFANA,1,1,2
OFIRIA,1,1,2
OFRENDA,1,1,2
OGDULIA,1,1,2
OLAF,1,1,2
OLANIO,1,1,2
OLARIA,1,1,2
OLBAL,1,1,2
OLBELINA,1,1,2
OLDANELIA,1,1,2
OLDIVER,1,1,2
OLEG,1,1,2
OLEIMY,1,1,2
OLEXI,1,1,2
OLFAMIA,1,1,2
OLICENIA,1,1,2
OLIDES,1,1,2
OLINTON,1,1,2
OLIO,1,1,2
OLISIS,1,1,2
OLIVARIO,1,1,2
OLIVERI,1,1,2
OLIVINE,1,1,2
OLNEY,1,1,2
OLSTON,1,1,2
OLZON,1,1,2
OMA,1,1,2
OMAHARA,1,1,2
OMARTO,1,1,2
OMEDIS,1,1,2
OMERIS,1,1,2
OMIR,1,1,2
OMNIEL,1,1,2
OMOR,1,1,2
ONALIS,1,1,2
ONECIA,1,1,2
ONEDIS,1,1,2
ONEFRE,1,1,2
ONEIDY,1,1,2
O'NEILL,1,1,2
ONELA,1,1,2
ONELIN,1,1,2
ONESSA,1,1,2
ONESTINO,1,1,2
ONEXI,1,1,2
ONEYRA,1,1,2
ONIDA,1,1,2
ONILDO,1,1,2
ONILSA,1,1,2
ONILSO,1,1,2
ONIRIA,1,1,2
ONIRIS,1,1,2
ONIVIA,1,1,2
ONIXS,1,1,2
ONOCIFERA,1,1,2
ONOLIA,1,1,2
ONORES,1,1,2
ONORIAN,1,1,2
ONOVIA,1,1,2
ONYDA,1,1,2
OPHIR,1,1,2
ORANIS,1,1,2
ORASTELY,1,1,2
ORBELEANY,1,1,2
ORBELIS,1,1,2
ORBILIO,1,1,2
ORBINDA,1,1,2
ORDELA,1,1,2
ORDULFO,1,1,2
OREANA,1,1,2
ORELLA,1,1,2
ORELLANA,1,1,2
ORENIA,1,1,2
ORFELIO,1,1,2
ORIELA,1,1,2
ORILY,1,1,2
ORISELDA,1,1,2
ORISSA,1,1,2
ORIVENIA,1,1,2
ORKIDIA,1,1,2
ORLANDINO,1,1,2
ORLETH,1,1,2
ORLINES,1,1,2
ORLITH,1,1,2
ORLITO,1,1,2
ORLLAN,1,1,2
ORLON,1,1,2
ORNEY,1,1,2
ORNY,1,1,2
OROBERTA,1,1,2
OROSIA,1,1,2
ORTINA,1,1,2
ORVELINO,1,1,2
ORZON,1,1,2
OSAIAS,1,1,2
OSAIN,1,1,2
OSBALDA,1,1,2
OSBANIA,1,1,2
OSELINA,1,1,2
OSENIA,1,1,2
OSIREZ,1,1,2
OSMALIA,1,1,2
OSMARIO,1,1,2
OSMEDO,1,1,2
OSMELIO,1,1,2
OSMINIA,1,1,2
OSNERY,1,1,2
OSORTO,1,1,2
OSSEAS,1,1,2
OSSYRIS,1,1,2
OSTACIO,1,1,2
OSTILIA,1,1,2
OSVELY,1,1,2
OSVILMER,1,1,2
OSVINDA,1,1,2
OSWALL,1,1,2
OSWELL,1,1,2
OTILDE,1,1,2
OTONAN,1,1,2
OVANIS,1,1,2
OVEDI,1,1,2
OVEDIAS,1,1,2
OVEDICTO,1,1,2
OVEDULIA,1,1,2
OVELIS,1,1,2
OVENCE,1,1,2
OVIGILDO,1,1,2
PABLO ANTONIO,1,1,2
PACREALINO,1,1,2
PAGUADA,1,1,2
PAIN,1,1,2
PALACIOS,1,1,2
PAMILO,1,1,2
PAPSI,1,1,2
PARIA,1,1,2
PARICINA,1,1,2
PARMENAS,1,1,2
PARMENIO,1,1,2
PASCAL,1,1,2
PASELI,1,1,2
PATRIOCINA,1,1,2
PATRIOCINIO,1,1,2
PATROCINO,1,1,2
PATRONA,1,1,2
PATRY,1,1,2
PAY,1,1,2
PAZ DE JESUS,1,1,2
PEDRANO,1,1,2
PEDRO DE JESUS,1,1,2
PEOQUINTA,1,1,2
PERFECTINA,1,1,2
PERFETO,1,1,2
PERSEO,1,1,2
PERSEVERANZA,1,1,2
PETRONIA,1,1,2
PILAR DE JESUS,1,1,2
PIO QUINTO,1,1,2
POLICAPO,1,1,2
POMPILO,1,1,2
POOL,1,1,2
PORTACIO,1,1,2
PRADO,1,1,2
PRAJEDIS,1,1,2
PREDILIO,1,1,2
PRESIOSA,1,1,2
PRESTON,1,1,2
PRICILDA,1,1,2
PRIDE,1,1,2
PRIMITILA,1,1,2
PRINCESA,1,1,2
PRISCILIA,1,1,2
PROBEL,1,1,2
PROFETICIA,1,1,2
PROTASIO,1,1,2
PROVINA,1,1,2
PRUDENCE,1,1,2
PURIFICACIONA,1,1,2
QIU,1,1,2
QUEBEDO,1,1,2
QUEILIN,1,1,2
QUELBIN,1,1,2
QUELCI,1,1,2
QUELI,1,1,2
QUELYN,1,1,2
QUETI,1,1,2
QUILA,1,1,2
QUINTANA,1,1,2
QUINTINO,1,1,2
QUISELA,1,1,2
RADEGUNDA,1,1,2
RADIMIRO,1,1,2
RADOMIR,1,1,2
RAIMON,1,1,2
RAINELL,1,1,2
RAINERI,1,1,2
RAINILDA,1,1,2
RALDON,1,1,2
RAMAEL,1,1,2
RAMAN,1,1,2
RAMIRO ANTONIO,1,1,2
RAMOM,1,1,2
RAMPHIS,1,1,2
RAMSEY,1,1,2
RANFORD,1,1,2
RANIERI,1,1,2
RANIRO,1,1,2
RANNY,1,1,2
RAQUELIA,1,1,2
RAQUELITA,1,1,2
RARNULFO,1,1,2
RASMUNDA,1,1,2
RAUFF,1,1,2
RAXEL,1,1,2
RAYNIER,1,1,2
RECEDA,1,1,2
REDAGUNDA,1,1,2
REDELDINA,1,1,2
REDUBERTO,1,1,2
REED,1,1,2
REGELIO,1,1,2
REGULE,1,1,2
REIBY,1,1,2
REINANDO,1,1,2
REINIERIS,1,1,2
RELLES,1,1,2
REMALIAS,1,1,2
REMELDA,1,1,2
RENANDO,1,1,2
RENATE,1,1,2
RENAUL,1,1,2
RENE DE JESUS,1,1,2
RENEDILIO,1,1,2
RENER,1,1,2
RENIERIE,1,1,2
RENSSON,1,1,2
REU,1,1,2
REUDILIO,1,1,2
REXY,1,1,2
REYNA MARGARITA,1,1,2
REYNADO,1,1,2
REYNANDO,1,1,2
REYNOA,1,1,2
RIANA,1,1,2
RICHARSON,1,1,2
RICHIE,1,1,2
RIDE,1,1,2
RIDIS,1,1,2
RIENALDO,1,1,2
RIGONIEL,1,1,2
RIMAN,1,1,2
RIMBERTO,1,1,2
RINABELL,1,1,2
RINALDY,1,1,2
RINERIO,1,1,2
RITA DE JESUS,1,1,2
RITZO,1,1,2
RIX,1,1,2
RIXIE,1,1,2
RIZZIERI,1,1,2
ROAL,1,1,2
ROAMER,1,1,2
ROANY,1,1,2
ROB,1,1,2
ROBERTO ANTONIO,1,1,2
ROBERTO DE JESU,1,1,2
ROBERTO ENRIQUE,1,1,2
ROBERTSON,1,1,2
ROBLES,1,1,2
ROCELINA,1,1,2
ROCENI,1,1,2
RODELBIN,1,1,2
RODELBINDA,1,1,2
RODESIA,1,1,2
RODET,1,1,2
RODIBERTO,1,1,2
RODICIO,1,1,2
RODILMIRO,1,1,2
RODIMIN,1,1,2
RODINEL,1,1,2
RODIVIR,1,1,2
RODMEN,1,1,2
RODMEY,1,1,2
RODRIGUO,1,1,2
ROE,1,1,2
ROGALIX,1,1,2
ROGEER,1,1,2
ROGEN,1,1,2
ROGERES,1,1,2
ROGUER,1,1,2
ROLANI,1,1,2
ROLENDO,1,1,2
ROLONDO,1,1,2
ROMAL,1,1,2
ROMANI,1,1,2
ROMANITA,1,1,2
ROMAYN,1,1,2
ROMED,1,1,2
ROMEDIS,1,1,2
ROMELINDA,1,1,2
ROMELO,1,1,2
ROMERLIA,1,1,2
ROMINDA,1,1,2
ROMIRO,1,1,2
ROMUEL,1,1,2
RONALDI,1,1,2
RONALI,1,1,2
RONERIS,1,1,2
RONMAN,1,1,2
RONNAL,1,1,2
RONNELL,1,1,2
RONOLDI,1,1,2
ROOSEBELT,1,1,2
ROOSELL,1,1,2
ROOSELVELT,1,1,2
ROOSEVEL,1,1,2
ROSA ADRIANA,1,1,2
ROSABRA,1,1,2
ROSAISELA,1,1,2
ROSALICIA,1,1,2
ROSAMAR,1,1,2
ROSAMARY,1,1,2
ROSAME,1,1,2
ROSAUNA,1,1,2
ROSBELINDA,1,1,2
ROSBELL,1,1,2
ROSELINDA,1,1,2
ROSELINDO,1,1,2
ROSELITA,1,1,2
ROSELLA,1,1,2
ROSELLI,1,1,2
ROSELMA,1,1,2
ROSEMARIE,1,1,2
ROSENBERG,1,1,2
ROSENIA,1,1,2
ROSESMARY,1,1,2
ROSETA,1,1,2
ROSETTA,1,1,2
ROSIBEL!,1,1,2
ROSIBELH,1,1,2
ROSICLER,1,1,2
ROSIDARIA,1,1,2
ROSILIANA,1,1,2
ROSINI,1,1,2
ROSINIA,1,1,2
ROSIVELL,1,1,2
ROSMEDY,1,1,2
ROSMERYS,1,1,2
ROSSEELL,1,1,2
ROSSELYS,1,1,2
ROSSEMERY,1,1,2
ROSSIE,1,1,2
ROSSIMARY,1,1,2
ROSSYBELL,1,1,2
ROSULIA,1,1,2
ROSWEL,1,1,2
ROUSBEL,1,1,2
ROUSEL,1,1,2
ROVELINDA,1,1,2
ROVERT,1,1,2
ROVILIA,1,1,2
ROWIN,1,1,2
ROXELI,1,1,2
ROYDANY,1,1,2
ROZZINA,1,1,2
RUBDY,1,1,2
RUBEHIN,1,1,2
RUBELO,1,1,2
RUBENALDO,1,1,2
RUBERCINDO,1,1,2
RUBERTA,1,1,2
RUBERTINO,1,1,2
RUBESINDA,1,1,2
RUBINCIO,1,1,2
RUBINDO,1,1,2
RUBT,1,1,2
RUCINDA,1,1,2
RUDEL,1,1,2
RUDENIA,1,1,2
RUDERCINDO,1,1,2
RUDERYS,1,1,2
RUDIMIRO,1,1,2
RUDYT,1,1,2
RUEBIN,1,1,2
RUFIO,1,1,2
RUGENIA,1,1,2
RUMELIO,1,1,2
RUMINA,1,1,2
RUPERTINO,1,1,2
RUTBINDA,1,1,2
RUTLIN,1,1,2
RUTVEL,1,1,2
RUVELIA,1,1,2
RUVENTINA,1,1,2
RYNALDO,1,1,2
SAARAI,1,1,2
SABELINA,1,1,2
SABILIA,1,1,2
SABIN,1,1,2
SABINA DE JESUS,1,1,2
SABITAS,1,1,2
SABITRI,1,1,2
SADA,1,1,2
SADAD,1,1,2
SADATH,1,1,2
SADIX,1,1,2
SADOTH,1,1,2
SAGARIO,1,1,2
SAHARI,1,1,2
SAHI,1,1,2
SAHIRIS,1,1,2
SAHIRY,1,1,2
SAHRAI,1,1,2
SAHYLI,1,1,2
SAISY,1,1,2
SALDARYS,1,1,2
SALMERON,1,1,2
SALMIRA,1,1,2
SALVINA,1,1,2
SAMIO,1,1,2
SAMIRE,1,1,2
SAMYRA,1,1,2
SANCHES,1,1,2
SANDRA REGINA,1,1,2
SANDRE,1,1,2
SANIER,1,1,2
SANIR,1,1,2
SANTA  ANA,1,1,2
SANTICIMA,1,1,2
SANTISIMA,1,1,2
SANTOS DE JESUS,1,1,2
SANTOS EDUVIGES,1,1,2
SANTOS FACUNDO,1,1,2
SANTOS LADISLAO,1,1,2
SANTOS MATILDE,1,1,2
SANTOS QUINTIN,1,1,2
SARABEL,1,1,2
SARAFINA,1,1,2
SARAGOSA,1,1,2
SARAHAI,1,1,2
SARAPIO,1,1,2
SARAYDA,1,1,2
SARIBETH,1,1,2
SARINES,1,1,2
SARO,1,1,2
SAUDIEL,1,1,2
SAURY,1,1,2
SAVIR,1,1,2
SAVONA,1,1,2
SAYABAN,1,1,2
SBEER,1,1,2
SCARLY,1,1,2
SEATY,1,1,2
SEBASTEANA,1,1,2
SEBATIAN,1,1,2
SEDALIA,1,1,2
SEDLEY,1,1,2
SEELMAN,1,1,2
SEFERIANA,1,1,2
SEGUISMUNDO,1,1,2
SEHAM,1,1,2
SEHIN,1,1,2
SELEM,1,1,2
SELFIO,1,1,2
SELMAR,1,1,2
SELQUI,1,1,2
SELYN,1,1,2
SENA,1,1,2
SENAI,1,1,2
SENAIDO,1,1,2
SENSION,1,1,2
SERAFIA,1,1,2
SERBELLON,1,1,2
SERGEI,1,1,2
SERGEY,1,1,2
SERGINA,1,1,2
SERLEY,1,1,2
SERLY,1,1,2
SESAI,1,1,2
SETURA,1,1,2
SEVEDEO,1,1,2
SEVELIO,1,1,2
SEVEREANO,1,1,2
SHA,1,1,2
SHAID,1,1,2
SHANNIE,1,1,2
SHANTALL,1,1,2
SHANY,1,1,2
SHARA,1,1,2
SHELDA,1,1,2
SHERA,1,1,2
SHERI,1,1,2
SHERIN,1,1,2
SHERLING,1,1,2
SHERMA,1,1,2
SHERNON,1,1,2
SHERRI,1,1,2
SHONNIE,1,1,2
SHORLEY,1,1,2
SHUN,1,1,2
SIANEL,1,1,2
SIATHY,1,1,2
SIDIS,1,1,2
SILIANA,1,1,2
SILIMON,1,1,2
SILONY,1,1,2
SILZA,1,1,2
SIMAN,1,1,2
SIMONITA,1,1,2
SIMPRONIANA,1,1,2
SIN,1,1,2
SINAYDA,1,1,2
SINERGIA,1,1,2
SINEY,1,1,2
SING,1,1,2
SINORA,1,1,2
SIRIAM,1,1,2
SISINIA,1,1,2
SISLENY,1,1,2
SISNEY,1,1,2
SIUMAR,1,1,2
SKARLY,1,1,2
SNAIDER,1,1,2
SNEYDER,1,1,2
SOBEHIDA,1,1,2
SOBERIANA,1,1,2
SOBEY,1,1,2
SOBEYDI,1,1,2
SODALY,1,1,2
SODELBA,1,1,2
SOEI,1,1,2
SOERY,1,1,2
SOEYDA,1,1,2
SOFIA ALEJANDRA,1,1,2
SOGEYLA,1,1,2
SOHAMY,1,1,2
SOHARY,1,1,2
SOHAT,1,1,2
SOLANGUE,1,1,2
SOLANYI,1,1,2
SOLEDA,1,1,2
SOLENIS,1,1,2
SOLIMA,1,1,2
SOLIX,1,1,2
SOLMA,1,1,2
SOLSIRE,1,1,2
SOMIRA,1,1,2
SONIMAR,1,1,2
SONOYDA,1,1,2
SORIAN,1,1,2
SORIRMA,1,1,2
SORJANIS,1,1,2
SPICER,1,1,2
SPIRO,1,1,2
STACE,1,1,2
STAN,1,1,2
STEDMON,1,1,2
STEEB,1,1,2
STERLIN,1,1,2
STHEPHANIE,1,1,2
STHIB,1,1,2
STIP,1,1,2
STOEL,1,1,2
STOSEL,1,1,2
SUBLEMA,1,1,2
SUCED,1,1,2
SUCEY,1,1,2
SUCRE,1,1,2
SUGEILY,1,1,2
SUGEYDA,1,1,2
SUGHEY,1,1,2
SUHAN,1,1,2
SUHAYLI,1,1,2
SUJEIDA,1,1,2
SUJEIDY,1,1,2
SUJEL,1,1,2
SUJELIA,1,1,2
SUJHAN,1,1,2
SULAHY,1,1,2
SULAYKA,1,1,2
SULEIRA,1,1,2
SULER,1,1,2
SULIM,1,1,2
SULTANA,1,1,2
SUMARA,1,1,2
SUMAY,1,1,2
SUNITH,1,1,2
SUNTINA,1,1,2
SURAYA,1,1,2
SURIT,1,1,2
SUSANNE,1,1,2
SUSELLE,1,1,2
SUSEY,1,1,2
SUYAPA DE JESUS,1,1,2
SUYAPA RAMONA,1,1,2
SUYAPA YAMILETH,1,1,2
SWANN,1,1,2
SYLMA,1,1,2
SYLVINA,1,1,2
TADSON,1,1,2
TAIDY,1,1,2
TALA,1,1,2
TALIN,1,1,2
TANITA,1,1,2
TAOFIC,1,1,2
TASIANA,1,1,2
TATANIA,1,1,2
TE,1,1,2
TEDINA,1,1,2
TEMISTOCLES,1,1,2
TENA,1,1,2
TEODICIA,1,1,2
TEODIOSA,1,1,2
TEODOMIRA,1,1,2
TEODOROA,1,1,2
TEONILDA,1,1,2
TERCILIA,1,1,2
TERRELL,1,1,2
TESIA,1,1,2
TEXELA,1,1,2
THAD,1,1,2
THATIANA,1,1,2
TICO,1,1,2
TIETRIS,1,1,2
TILDA,1,1,2
TILIA,1,1,2
TINOCO,1,1,2
TIODOSIA,1,1,2
TIRAINA,1,1,2
TITIANA,1,1,2
TOBIA,1,1,2
TOEDORO,1,1,2
TOLY,1,1,2
TOMASIN,1,1,2
TOMIN,1,1,2
TRIFIDIA,1,1,2
TRIFILIA,1,1,2
TRIMINDA,1,1,2
TURCIO,1,1,2
TURCIOS,1,1,2
TUSNELDA,1,1,2
TUXLY,1,1,2
UAN,1,1,2
UBAL,1,1,2
UBELIS,1,1,2
UBENIEL,1,1,2
UBENSES,1,1,2
UBERLINA,1,1,2
UBIDIA,1,1,2
UBILCE,1,1,2
UBILDO,1,1,2
UBILSE,1,1,2
UBINDA,1,1,2
UBINO,1,1,2
UCIAS,1,1,2
UDALIA,1,1,2
UDRIEL,1,1,2
ULDARICO,1,1,2
ULDES,1,1,2
ULISSE,1,1,2
ULVIG,1,1,2
UMALDO,1,1,2
URANEA,1,1,2
URBANDO,1,1,2
URBENIA,1,1,2
URBERLINDA,1,1,2
URCINIA,1,1,2
URDELINA,1,1,2
UREIDA,1,1,2
UREL,1,1,2
URGELIA,1,1,2
URGENCIO,1,1,2
URID,1,1,2
URIELINDA,1,1,2
URIM,1,1,2
URITZA,1,1,2
URSULINO,1,1,2
URSUS,1,1,2
USMAR,1,1,2
USMARO,1,1,2
USUEL,1,1,2
UVAL,1,1,2
UVE,1,1,2
UVELINA,1,1,2
UVILCE,1,1,2
UVILIO,1,1,2
VADIM,1,1,2
VADIN,1,1,2
VALENIS,1,1,2
VALERA,1,1,2
VALERO,1,1,2
VALJEAN,1,1,2
VALNEY,1,1,2
VALTER,1,1,2
VANDER,1,1,2
VEANNEY,1,1,2
VECENTA,1,1,2
VEDELIN,1,1,2
VELIZA,1,1,2
VELIZARIO,1,1,2
VELMI,1,1,2
VELSI,1,1,2
VELSON,1,1,2
VELTY,1,1,2
VELVA,1,1,2
VENCINA,1,1,2
VENENCIO,1,1,2
VENICE,1,1,2
VENISA,1,1,2
VERALDA,1,1,2
VERIANO,1,1,2
VERICA,1,1,2
VERNAL,1,1,2
VERNAVE,1,1,2
VERTILDA,1,1,2
VERTINA,1,1,2
VERZA,1,1,2
VETHUEL,1,1,2
VIAIL,1,1,2
VIANCY,1,1,2
VICBERTO,1,1,2
VICENTO,1,1,2
VICTALI,1,1,2
VICTALICIA,1,1,2
VICTELA,1,1,2
VICTENIA,1,1,2
VICTOLINA,1,1,2
VICTORA,1,1,2
VIDALBERTO,1,1,2
VIDALI,1,1,2
VIDELI,1,1,2
VIDENCIA,1,1,2
VIERIS,1,1,2
VIGARNY,1,1,2
VIGINIA,1,1,2
VILANDER,1,1,2
VILEMAN,1,1,2
VILENIA,1,1,2
VILMA ROSARIO,1,1,2
VIMAEL,1,1,2
VINCE,1,1,2
VINDAL,1,1,2
VIONA,1,1,2
VIONNEY,1,1,2
VIRGIDIA,1,1,2
VIRNELY,1,1,2
VISMARK,1,1,2
VISTORIA,1,1,2
VITONIO,1,1,2
VITTELIO,1,1,2
VITULIA,1,1,2
VIVA,1,1,2
VRISELDA,1,1,2
WADIS,1,1,2
WAH,1,1,2
WALDELTRUDIS,1,1,2
WALDETRUDES,1,1,2
WALDIMIRO,1,1,2
WALID,1,1,2
WALKYDYA,1,1,2
WALQUINA,1,1,2
WALTRUDIS,1,1,2
WALVESKA,1,1,2
WANERJES,1,1,2
WASHINTON,1,1,2
WBILSON,1,1,2
WEIMAN,1,1,2
WELL,1,1,2
WELMAR,1,1,2
WENCESLAA,1,1,2
WENDOLINE,1,1,2
WENIVER,1,1,2
WESLER,1,1,2
WHITE,1,1,2
WIBERTO,1,1,2
WIDALYS,1,1,2
WIDATH,1,1,2
WIFREDO,1,1,2
WIGBERTA,1,1,2
WILBORN,1,1,2
WILGOR,1,1,2
WILLBERTO,1,1,2
WILLEL,1,1,2
WILLEY,1,1,2
WILLINGTON,1,1,2
WILMARK,1,1,2
WILMIR,1,1,2
WILNELIA,1,1,2
WILSEN,1,1,2
WIMBERTO,1,1,2
WINDALY,1,1,2
WINONA,1,1,2
WINORA,1,1,2
WUALNER,1,1,2
WUENDOLY,1,1,2
WUILER,1,1,2
WUILFIDO,1,1,2
WUILLIANS,1,1,2
WUILY,1,1,2
WULFREDO,1,1,2
WYMON,1,1,2
WYVERNE,1,1,2
XAMIR,1,1,2
XI,1,1,2
XING,1,1,2
XIOMARE,1,1,2
XIOMARI,1,1,2
XIOMER,1,1,2
XIONE,1,1,2
Y,1,1,2
YACALIN,1,1,2
YACEL,1,1,2
YADAMIRA,1,1,2
YADEL,1,1,2
YADIC,1,1,2
YADIDA,1,1,2
YADIS,1,1,2
YADITZA,1,1,2
YAIDA,1,1,2
YAJARIA,1,1,2
YAJEYRA,1,1,2
YAKENIA,1,1,2
YALANDA,1,1,2
YALEISY,1,1,2
YALELI,1,1,2
YALENYS,1,1,2
YALILY,1,1,2
YALIS,1,1,2
YALIX,1,1,2
YAMALI,1,1,2
YAMANI,1,1,2
YAMAR,1,1,2
YAMARIA,1,1,2
YAMEL,1,1,2
YAMELETH,1,1,2
YAMERY,1,1,2
YAMILECT,1,1,2
YAMILIN,1,1,2
YAMINY,1,1,2
YAMIRIS,1,1,2
YAMMILETH,1,1,2
YANALIS,1,1,2
YANCELY,1,1,2
YANCEY,1,1,2
YANCIS,1,1,2
YANDINA,1,1,2
YANEZA,1,1,2
YANICSA,1,1,2
YANIEL,1,1,2
YANIGZA,1,1,2
YANILMA,1,1,2
YANIRO,1,1,2
YANNINE,1,1,2
YAO,1,1,2
YARCELY,1,1,2
YARILIA,1,1,2
YARNELI,1,1,2
YASBIN,1,1,2
YASEER,1,1,2
YASEMI,1,1,2
YASIRI,1,1,2
YASIRIA,1,1,2
YASMILE,1,1,2
YASMITH,1,1,2
YASSELY,1,1,2
YASSMINA,1,1,2
YAUDET,1,1,2
YEANNETT,1,1,2
YEANNETTE,1,1,2
YECENYA,1,1,2
YECYKA,1,1,2
YEIDY,1,1,2
YEINNY,1,1,2
YELANI,1,1,2
YEM,1,1,2
YENIR,1,1,2
YENISEL,1,1,2
YENIX,1,1,2
YENORY,1,1,2
YERALDA,1,1,2
YERAR,1,1,2
YERELIN,1,1,2
YEREX,1,1,2
YERIK,1,1,2
YERING,1,1,2
YERMI,1,1,2
YERMINA,1,1,2
YERSENIA,1,1,2
YESAMARY,1,1,2
YESE,1,1,2
YESEMIA,1,1,2
YESEY,1,1,2
YESSARELY,1,1,2
YESSCENIA,1,1,2
YESYLLE,1,1,2
YESZENIA,1,1,2
YETSENIA,1,1,2
YETTI,1,1,2
YEZENYA,1,1,2
YIBRIN,1,1,2
YICENIA,1,1,2
YIHAN,1,1,2
YINEN,1,1,2
YINIO,1,1,2
YISSELLA,1,1,2
YIZELA,1,1,2
YIZELL,1,1,2
YOANINA,1,1,2
YOANYS,1,1,2
YOBANDA,1,1,2
YOCETH,1,1,2
YOCK,1,1,2
YOCSAN,1,1,2
YODIN,1,1,2
YOENI,1,1,2
YOGNY,1,1,2
YOHANIA,1,1,2
YOHELIN,1,1,2
YOHENI,1,1,2
YOHN,1,1,2
YOICY,1,1,2
YOJAHIRA,1,1,2
YOJANE,1,1,2
YOJENIA,1,1,2
YOLADES,1,1,2
YOLALY,1,1,2
YOLAMIS,1,1,2
YOLAND,1,1,2
YOLAY,1,1,2
YOLET,1,1,2
YOLIANA,1,1,2
YOLIDEY,1,1,2
YONAR,1,1,2
YONERIS,1,1,2
YONEZ,1,1,2
YONINA,1,1,2
YONIT,1,1,2
YONORI,1,1,2
YONORIS,1,1,2
YONZON,1,1,2
YORMANY,1,1,2
YOSAIRA,1,1,2
YOSAIRO,1,1,2
YOSALINA,1,1,2
YOSANI,1,1,2
YOSANIA,1,1,2
YOSARY,1,1,2
YOSELANY,1,1,2
YOSELIM,1,1,2
YOSEMIN,1,1,2
YOSEN,1,1,2
YOSHIRA,1,1,2
YOSLENI,1,1,2
YOSMARIS,1,1,2
YOSMELY,1,1,2
YOSSEL,1,1,2
YOVANDO,1,1,2
YOVANNYS,1,1,2
YSAIS,1,1,2
YUANI,1,1,2
YUANY,1,1,2
YUBBY,1,1,2
YUBINIO,1,1,2
YUCET,1,1,2
YUDALY,1,1,2
YUDELIA,1,1,2
YUDELIS,1,1,2
YUDIANA,1,1,2
YUDMILA,1,1,2
YUGENI,1,1,2
YUI,1,1,2
YULINI,1,1,2
YULTAVO,1,1,2
YULYSSA,1,1,2
YUMANA,1,1,2
YUNEN,1,1,2
YUNISSA,1,1,2
YUNIX,1,1,2
YURIMA,1,1,2
YURITZA,1,1,2
YUSET,1,1,2
YUSETT,1,1,2
YUSMANY,1,1,2
YUSMILDA,1,1,2
YUSSEF,1,1,2
YUVI,1,1,2
YUVINA,1,1,2
YUVINES,1,1,2
YVAN,1,1,2
ZA,1,1,2
ZABAS,1,1,2
ZABI,1,1,2
ZABIER,1,1,2
ZACHARY,1,1,2
ZAFIRO,1,1,2
ZAHI,1,1,2
ZAHIRY,1,1,2
ZAIN,1,1,2
ZARAGOZA,1,1,2
ZARED,1,1,2
ZARIEL,1,1,2
ZARIN,1,1,2
ZARONI,1,1,2
ZAUDIEL,1,1,2
ZAVIER,1,1,2
ZEBEDEO,1,1,2
ZEFERINO,1,1,2
ZEFORA,1,1,2
ZELAMA,1,1,2
ZELSA,1,1,2
ZENE,1,1,2
ZERAPIO,1,1,2
ZETELLA,1,1,2
ZHU,1,1,2
ZINA,1,1,2
ZIRLENY,1,1,2
ZOIRA,1,1,2
ZONEA,1,1,2
ZOSIMO,1,1,2
ZUCELINDA,1,1,2
ZULAIKA,1,1,2
AUORA,2,0,2
ABADA,2,0,2
ABBI,2,0,2
ABDER,2,0,2
ABDIELA,2,0,2
ABDIS,2,0,2
ABERQUIS,2,0,2
ABESAI,2,0,2
ABIDON,2,0,2
ABIESER,2,0,2
ABILDA,2,0,2
ABINEX,2,0,2
ABITO,2,0,2
ABIZAI,2,0,2
ABOGADIS,2,0,2
ABRANTINA,2,0,2
ABUNDINA,2,0,2
ACDOLIA,2,0,2
ACDORA,2,0,2
ACENAYDA,2,0,2
ACTIVIA,2,0,2
ACXA,2,0,2
ACZA,2,0,2
ADA DE JESUS,2,0,2
ADALAIDA,2,0,2
ADALEIDA,2,0,2
ADALEYDA,2,0,2
ADALFO,2,0,2
ADALICIO,2,0,2
ADALSONIA,2,0,2
ADDIE,2,0,2
ADEIDA,2,0,2
ADEILA,2,0,2
ADELAINA,2,0,2
ADELFIDA,2,0,2
ADELFINO,2,0,2
ADELO,2,0,2
ADELYS,2,0,2
ADEMIA,2,0,2
ADEMIAN,2,0,2
ADEMY,2,0,2
ADENAWER,2,0,2
ADERLINDA,2,0,2
ADERMIN,2,0,2
ADEVALO,2,0,2
ADIER,2,0,2
ADILFREDO,2,0,2
ADISTER,2,0,2
ADJANI,2,0,2
ADLA,2,0,2
ADMA,2,0,2
ADMER,2,0,2
ADMI,2,0,2
ADONAL,2,0,2
ADONIDES,2,0,2
ADONNIS,2,0,2
ADRIANA DEL,2,0,2
ADRIS,2,0,2
AENIA,2,0,2
AERICA,2,0,2
AEROPAGUITA,2,0,2
AGAITA,2,0,2
AGDOMILIA,2,0,2
AGEO,2,0,2
AGNELIA,2,0,2
AGNNY,2,0,2
AGRACIANO,2,0,2
AGRACIELA,2,0,2
AGRIFINA,2,0,2
AGRIPITO,2,0,2
AGRISTINA,2,0,2
AGUILO,2,0,2
AGUISTIN,2,0,2
AHILIN,2,0,2
AHURA,2,0,2
AIDENCIA,2,0,2
AIDIA,2,0,2
AIDINIA,2,0,2
AILINDA,2,0,2
AIMAN,2,0,2
AINES,2,0,2
AINIS,2,0,2
AIRA,2,0,2
AIREN,2,0,2
AIRON,2,0,2
AISCHA,2,0,2
AIWALINA,2,0,2
ALADIS,2,0,2
ALAMA,2,0,2
ALANIE,2,0,2
ALBANITA,2,0,2
ALBARADO,2,0,2
ALBARES,2,0,2
ALBEL,2,0,2
ALBENIA,2,0,2
ALBERCIA,2,0,2
ALDESI,2,0,2
ALDOMILIA,2,0,2
ALDOMIRA,2,0,2
ALDOVIN,2,0,2
ALDUVID,2,0,2
ALDYS,2,0,2
ALEGDA,2,0,2
ALEIBY,2,0,2
ALENDA,2,0,2
ALEONSO,2,0,2
ALERIO,2,0,2
ALERY,2,0,2
ALESSA,2,0,2
ALET,2,0,2
ALETIA,2,0,2
ALETIS,2,0,2
ALETY,2,0,2
ALEXSEY,2,0,2
ALEYCE,2,0,2
ALEYDE,2,0,2
ALGER,2,0,2
ALGERNON,2,0,2
ALGIE,2,0,2
ALIAM,2,0,2
ALILIAM,2,0,2
ALITZA,2,0,2
ALIXS,2,0,2
ALLAMS,2,0,2
ALLANG,2,0,2
ALLIEN,2,0,2
ALLON,2,0,2
ALMAIDA,2,0,2
ALON,2,0,2
ALONDRA,2,0,2
ALSENIA,2,0,2
ALSINA,2,0,2
ALSY,2,0,2
ALTACION,2,0,2
ALTAGRACIO,2,0,2
ALTAMIRA,2,0,2
ALVARITO,2,0,2
ALVERT,2,0,2
AMAGDA,2,0,2
AMANUEL,2,0,2
AMARCIO,2,0,2
AMARILIA,2,0,2
AMDRES,2,0,2
AMELCA,2,0,2
AMELIN,2,0,2
AMERIA,2,0,2
AMERINA,2,0,2
AMIE,2,0,2
AMILO,2,0,2
AMIRCAL,2,0,2
AMIRIAM,2,0,2
AMNIER,2,0,2
AMOZ,2,0,2
ANA BELLA,2,0,2
ANABE,2,0,2
ANABEIDA,2,0,2
ANABEIS,2,0,2
ANACARIO,2,0,2
ANACIO,2,0,2
ANADEIDA,2,0,2
ANADELI,2,0,2
ANADILCIA,2,0,2
ANADILIO,2,0,2
ANAGRACIA,2,0,2
ANAILCE,2,0,2
ANALBINA,2,0,2
ANALESKY,2,0,2
ANAR,2,0,2
ANARCELIA,2,0,2
ANASARIA,2,0,2
ANASTENIA,2,0,2
ANAYENCY,2,0,2
ANBNER,2,0,2
ANCEL,2,0,2
ANCELINA,2,0,2
ANCLETA,2,0,2
ANDERCI,2,0,2
ANDREN,2,0,2
ANDREO,2,0,2
ANDRINA,2,0,2
ANDRIS,2,0,2
ANDRITA,2,0,2
ANEE,2,0,2
ANELIDA,2,0,2
ANELMIS,2,0,2
ANELYS,2,0,2
ANERIA,2,0,2
ANEYDE,2,0,2
ANEYDI,2,0,2
ANGELBERTA,2,0,2
ANGI,2,0,2
ANIN,2,0,2
ANIX,2,0,2
ANKE,2,0,2
ANLLI,2,0,2
ANMER,2,0,2
ANNEE,2,0,2
ANNELI,2,0,2
ANNELISE,2,0,2
ANNYA,2,0,2
ANSI,2,0,2
ANTAL,2,0,2
ANTANACIO,2,0,2
ANUNCIASION,2,0,2
ANUNSIACION,2,0,2
ANYIE,2,0,2
APIOR,2,0,2
APOLONIDAS,2,0,2
AQUILAS,2,0,2
ARAM,2,0,2
ARAN,2,0,2
ARANA,2,0,2
ARANELFO,2,0,2
ARANELIS,2,0,2
ARAQUEL,2,0,2
ARASMINIO,2,0,2
ARASTENIA,2,0,2
ARBEN,2,0,2
ARBENS,2,0,2
ARBID,2,0,2
ARBY,2,0,2
ARCA,2,0,2
ARCARIA,2,0,2
ARCEDIS,2,0,2
ARCILA,2,0,2
ARDILUBIO,2,0,2
ARELITH,2,0,2
AREOPAJITA,2,0,2
ARES,2,0,2
ARIADNE,2,0,2
ARIES,2,0,2
ARIK,2,0,2
ARINDA,2,0,2
ARION,2,0,2
ARISTI,2,0,2
ARITH,2,0,2
ARLER,2,0,2
ARLEXS,2,0,2
ARLIGNTON,2,0,2
ARLINDA,2,0,2
ARMELI,2,0,2
ARMI,2,0,2
ARNA,2,0,2
ARNIM,2,0,2
ARNUBIA,2,0,2
ARQUINO,2,0,2
ART,2,0,2
ARULFO,2,0,2
ARVID,2,0,2
ARYEL,2,0,2
ASBIN,2,0,2
ASENCIONA,2,0,2
ASHFORD,2,0,2
ASILAS,2,0,2
ASLIN,2,0,2
ASLLY,2,0,2
ASMELY,2,0,2
ASTHOR,2,0,2
ASTREBERTA,2,0,2
ATELMA,2,0,2
ATENAS,2,0,2
ATHENE,2,0,2
ATHER,2,0,2
ATLY,2,0,2
ATRIS,2,0,2
ATTO,2,0,2
AUBDIAS,2,0,2
AUCEL,2,0,2
AUDNER,2,0,2
AUDOBERTO,2,0,2
AUDOMILA,2,0,2
AUDRI,2,0,2
AUDRIE,2,0,2
AULALIO,2,0,2
AULINA,2,0,2
AUNA,2,0,2
AUNES,2,0,2
AUNNA,2,0,2
AURALINA,2,0,2
AURAS,2,0,2
AURE,2,0,2
AURESTINA,2,0,2
AURIESTELA,2,0,2
AURINO,2,0,2
AUSI,2,0,2
AUSTINO,2,0,2
AUSTREBERTHA,2,0,2
AUSTROBERTA,2,0,2
AUSY,2,0,2
AVANGELINA,2,0,2
AVETNICO,2,0,2
AVIAR,2,0,2
AWILDA,2,0,2
AXER,2,0,2
AXILT,2,0,2
AXZA,2,0,2
AYDALI,2,0,2
AYES,2,0,2
AYEX,2,0,2
AYONA,2,0,2
AZIZ,2,0,2
BACILICA,2,0,2
BACILISTA,2,0,2
BAGDILIO,2,0,2
BAINILIA,2,0,2
BAIRUM,2,0,2
BALBY,2,0,2
BALDOMINIA,2,0,2
BALKIN,2,0,2
BALMIS,2,0,2
BALNCA,2,0,2
BANDILIO,2,0,2
BARBRA,2,0,2
BARLIN,2,0,2
BARYS,2,0,2
BASELISA,2,0,2
BASEM,2,0,2
BASILICIO,2,0,2
BASIMA,2,0,2
BAUDELINA,2,0,2
BAUNER,2,0,2
BAYAN,2,0,2
BECCY,2,0,2
BECHIR,2,0,2
BECIN,2,0,2
BEDADILIA,2,0,2
BEDARMINDA,2,0,2
BEDBY,2,0,2
BEDULIA,2,0,2
BEEL,2,0,2
BEETHSEEY,2,0,2
BEGNICIA,2,0,2
BEHIRAN,2,0,2
BEIN,2,0,2
BELCI,2,0,2
BELCIS,2,0,2
BELCKIS,2,0,2
BELCKY,2,0,2
BELDIS,2,0,2
BELDORA,2,0,2
BELENITA,2,0,2
BELFICA,2,0,2
BELGIA,2,0,2
BELGIKA,2,0,2
BELGRAVE,2,0,2
BELGY,2,0,2
BELKIZ,2,0,2
BELKUIN,2,0,2
BELKUIS,2,0,2
BELLEZA,2,0,2
BELLINA,2,0,2
BELLINY,2,0,2
BELMIRA,2,0,2
BELMON,2,0,2
BELNA,2,0,2
BELSAHI,2,0,2
BELSICA,2,0,2
BELTAZAR,2,0,2
BELTIANA,2,0,2
BELUZ,2,0,2
BELYEMIN,2,0,2
BENARANDA,2,0,2
BENDI,2,0,2
BENDITA,2,0,2
BENEDICTOR,2,0,2
BENI,2,0,2
BENIDIA,2,0,2
BENINNA,2,0,2
BENJAZMIN,2,0,2
BENMIR,2,0,2
BENNICIA,2,0,2
BENUTO,2,0,2
BENUVIA,2,0,2
BEOLINA,2,0,2
BERALICIA,2,0,2
BERASMIN,2,0,2
BERCEL,2,0,2
BERCITA,2,0,2
BERCLIN,2,0,2
BERIKA,2,0,2
BERILDO,2,0,2
BERK,2,0,2
BERKIN,2,0,2
BERLIOS,2,0,2
BERLITZ,2,0,2
BERNAHU,2,0,2
BERNALDITA,2,0,2
BERNANDA,2,0,2
BERNANDITA,2,0,2
BERNANRDA,2,0,2
BERNARDITO,2,0,2
BERNASCONI,2,0,2
BERNATH,2,0,2
BERNAVELA,2,0,2
BERND,2,0,2
BERNELIA,2,0,2
BERNEN,2,0,2
BERNES,2,0,2
BERNILIA,2,0,2
BERNO,2,0,2
BEROY,2,0,2
BERTALIA,2,0,2
BERTALILA,2,0,2
BERTHALICIA,2,0,2
BERTILINA,2,0,2
BERTILO,2,0,2
BERTIS,2,0,2
BERTOLINA,2,0,2
BERWIN,2,0,2
BERYS,2,0,2
BESIL,2,0,2
BESLIN,2,0,2
BETHSARA,2,0,2
BETHYS,2,0,2
BETSSY,2,0,2
BETTSY,2,0,2
BETTYNA,2,0,2
BETUL,2,0,2
BEVELIN,2,0,2
BEWIN,2,0,2
BEYSA,2,0,2
BEYSY,2,0,2
BEZALEL,2,0,2
BEZNER,2,0,2
BI,2,0,2
BIALINA,2,0,2
BIANO,2,0,2
BICKY,2,0,2
BIENA,2,0,2
BIGILIA,2,0,2
BIGNER,2,0,2
BIGNIA,2,0,2
BIHLA,2,0,2
BIJILIA,2,0,2
BILCIA,2,0,2
BILDAN,2,0,2
BILDER,2,0,2
BILELIO,2,0,2
BILENIA,2,0,2
BILHAN,2,0,2
BILIADO,2,0,2
BILIALDA,2,0,2
BILLI,2,0,2
BIMIA,2,0,2
BINELDA,2,0,2
BINIA,2,0,2
BINY,2,0,2
BIOLETA,2,0,2
BIOLINA,2,0,2
BISIA,2,0,2
BISNARDA,2,0,2
BITORIA,2,0,2
BITY,2,0,2
BLACIA,2,0,2
BLACINO,2,0,2
BLADY,2,0,2
BLANDY,2,0,2
BLANQUITA,2,0,2
BLASITA,2,0,2
BLEDY,2,0,2
BLENDIS,2,0,2
BLENY,2,0,2
BLONDIE,2,0,2
BOANERGER,2,0,2
BODAN,2,0,2
BODIN,2,0,2
BOENERGE,2,0,2
BOGAR,2,0,2
BONALEE,2,0,2
BONERGER,2,0,2
BORDINIA,2,0,2
BORIX,2,0,2
BORNALY,2,0,2
BRADIN,2,0,2
BRAHIN,2,0,2
BRALIN,2,0,2
BRALLAN,2,0,2
BRANDIN,2,0,2
BRANDOL,2,0,2
BRANKO,2,0,2
BREIDY,2,0,2
BREITNER,2,0,2
BREMIS,2,0,2
BRENDAN,2,0,2
BRENDER,2,0,2
BRENDIZ,2,0,2
BRENDYS,2,0,2
BRENOS,2,0,2
BRENTON,2,0,2
BRENYS,2,0,2
BRESLY,2,0,2
BREYNER,2,0,2
BRIANNA,2,0,2
BRINDISI,2,0,2
BRIONY,2,0,2
BRISIA,2,0,2
BRIZA,2,0,2
BRODY,2,0,2
BRUNUEL,2,0,2
BRYAM,2,0,2
BRYCE,2,0,2
BRYDIS,2,0,2
BUILMER,2,0,2
BURGER,2,0,2
BUSTER,2,0,2
BUSTILLO,2,0,2
CACILDO,2,0,2
CALEDONIA,2,0,2
CALISMERIO,2,0,2
CALISTRIN,2,0,2
CALROS,2,0,2
CAMILIA,2,0,2
CAMILITO,2,0,2
CANDI,2,0,2
CANO,2,0,2
CANTARIO,2,0,2
CANTOY,2,0,2
CARALAMPIO,2,0,2
CARDENAS,2,0,2
CARIËO,2,0,2
CARLEAL,2,0,2
CARLELY,2,0,2
CARLI,2,0,2
CARLIBETH,2,0,2
CARLILE,2,0,2
CARLOLA,2,0,2
CARLOSLOS,2,0,2
CARME,2,0,2
CARMELIO,2,0,2
CARMON,2,0,2
CARNINDA,2,0,2
CAROLIE,2,0,2
CAROLYNE,2,0,2
CARON,2,0,2
CARVAJAL,2,0,2
CARVIN,2,0,2
CASAR,2,0,2
CASIODORO,2,0,2
CASLOS,2,0,2
CASMO,2,0,2
CASSANDRA,2,0,2
CAUPOLICAN,2,0,2
CEBELINA,2,0,2
CECIAH,2,0,2
CECIS,2,0,2
CEFERIANA,2,0,2
CEILIN,2,0,2
CELANO,2,0,2
CELBA,2,0,2
CELBIA,2,0,2
CELER,2,0,2
CELESMA,2,0,2
CELITO,2,0,2
CELIX,2,0,2
CELMER,2,0,2
CELSY,2,0,2
CELVI,2,0,2
CELVY,2,0,2
CENDELA,2,0,2
CENIDA,2,0,2
CENIL,2,0,2
CERAFINO,2,0,2
CERBIN,2,0,2
CERBULO,2,0,2
CEREFINO,2,0,2
CERENA,2,0,2
CERILA,2,0,2
CERLIS,2,0,2
CERNILIA,2,0,2
CESEA,2,0,2
CESI,2,0,2
CESLOR,2,0,2
CESSIE,2,0,2
CETINA,2,0,2
CEYDY,2,0,2
CHADIA,2,0,2
CHAK,2,0,2
CHALS,2,0,2
CHANNEL,2,0,2
CHARA,2,0,2
CHAROL,2,0,2
CHAU,2,0,2
CHEPITA,2,0,2
CHEPITO,2,0,2
CHERELEE,2,0,2
CHERLI,2,0,2
CHERLYM,2,0,2
CHERRIE,2,0,2
CHERRYL,2,0,2
CHESLY,2,0,2
CHESTHER,2,0,2
CHESTLEE,2,0,2
CHIBLY,2,0,2
CHINDA,2,0,2
CHINTHIA,2,0,2
CHIQUITIN,2,0,2
CHITO,2,0,2
CHOLI,2,0,2
CHRYSTIAN,2,0,2
CHUAN,2,0,2
CIDALINA,2,0,2
CILANO,2,0,2
CILBERIA,2,0,2
CILIAM,2,0,2
CILSA,2,0,2
CILVERIA,2,0,2
CIMEON,2,0,2
CINDIDA,2,0,2
CINESIA,2,0,2
CINHTIA,2,0,2
CINIO,2,0,2
CINTHIAN,2,0,2
CINZIA,2,0,2
CIRIAM,2,0,2
CIRIANO,2,0,2
CIRIAS,2,0,2
CIRLES,2,0,2
CISCO,2,0,2
CISTOBAL,2,0,2
CLAIDA,2,0,2
CLANCY,2,0,2
CLARAVEL,2,0,2
CLARENCIO,2,0,2
CLARISTELA,2,0,2
CLAUDA,2,0,2
CLAUDER,2,0,2
CLAUDIUS,2,0,2
CLAUDY,2,0,2
CLAURINIA,2,0,2
CLAUS,2,0,2
CLEAVE,2,0,2
CLEAVER,2,0,2
CLEDA,2,0,2
CLEFFORD,2,0,2
CLEIBER,2,0,2
CLEIDA,2,0,2
CLEIRY,2,0,2
CLEITON,2,0,2
CLEMAN,2,0,2
CLENDY,2,0,2
CLENT,2,0,2
CLEOBINA,2,0,2
CLEODOMIRO,2,0,2
CLEYDA,2,0,2
CLEYLA,2,0,2
CLEYRA,2,0,2
CLEYRY,2,0,2
CLICERIO,2,0,2
CLIOTILDES,2,0,2
CLOBIS,2,0,2
CLOIE,2,0,2
CLONDY,2,0,2
CLORALDO,2,0,2
CLORINA,2,0,2
CLOROVALDO,2,0,2
CLORY,2,0,2
CLUBAR,2,0,2
CLUDIO,2,0,2
COBEL,2,0,2
CODELIA,2,0,2
CODIE,2,0,2
COLBY,2,0,2
COLOMBIO,2,0,2
COLVIN,2,0,2
COMNY,2,0,2
COMPAËIA,2,0,2
COMPCECCION,2,0,2
COMSUELO,2,0,2
CONCORDIA,2,0,2
CONI,2,0,2
CONNI,2,0,2
CONRADA,2,0,2
COPAN,2,0,2
COPELIN,2,0,2
CORALISIA,2,0,2
CORDEL,2,0,2
COREBO,2,0,2
CORI,2,0,2
CORICCIA,2,0,2
CORLINDA,2,0,2
CORLOS,2,0,2
COSETI,2,0,2
COTI,2,0,2
CREGORIO,2,0,2
CREISY,2,0,2
CREMILDA,2,0,2
CRENELFA,2,0,2
CRESCENTE,2,0,2
CRESENTINA,2,0,2
CRESY,2,0,2
CRHISTIAM,2,0,2
CRICELIO,2,0,2
CRISA,2,0,2
CRISENIA,2,0,2
CRISLEY,2,0,2
CRISTHOFER,2,0,2
CRITHIAN,2,0,2
CRIXTIAN,2,0,2
CRIZANTO,2,0,2
CRUCIDALIA,2,0,2
CRUSILDA,2,0,2
CRUZITA,2,0,2
CUBAN,2,0,2
CUI,2,0,2
CURT,2,0,2
CYDIA,2,0,2
CYNDY,2,0,2
DABOBERTO,2,0,2
DADA,2,0,2
DADONIN,2,0,2
DADY,2,0,2
DAESY,2,0,2
DAFRI,2,0,2
DAGUIN,2,0,2
DAGUN,2,0,2
DAICE,2,0,2
DAILAN,2,0,2
DAIRO,2,0,2
DAIRYN,2,0,2
DAIS,2,0,2
DAISIS,2,0,2
DAIVI,2,0,2
DAIYSI,2,0,2
DALBIN,2,0,2
DALIX,2,0,2
DALNY,2,0,2
DALVIRA,2,0,2
DAMASITA,2,0,2
DANCI,2,0,2
DANEA,2,0,2
DANELL,2,0,2
DANILSON,2,0,2
DANMAR,2,0,2
DANMY,2,0,2
DANYELO,2,0,2
DAO,2,0,2
DARBIE,2,0,2
DARCAS,2,0,2
DARCIA,2,0,2
DARDY,2,0,2
DARGIN,2,0,2
DARGUIEN,2,0,2
DARGWIN,2,0,2
DARIE,2,0,2
DARIXZA,2,0,2
DARKY,2,0,2
DARLIA,2,0,2
DARLYS,2,0,2
DARMI,2,0,2
DARRI,2,0,2
DARRIL,2,0,2
DARSIE,2,0,2
DARUIN,2,0,2
DARWIS,2,0,2
DASLIN,2,0,2
DASLY,2,0,2
DASMI,2,0,2
DASNE,2,0,2
DATIANA,2,0,2
DAUL,2,0,2
DAULIN,2,0,2
DAUNING,2,0,2
DAURYS,2,0,2
DAVIES,2,0,2
DAWRIN,2,0,2
DAYBER,2,0,2
DAYCE,2,0,2
DAYCEE,2,0,2
DAYLER,2,0,2
DAYLICIA,2,0,2
DAYNI,2,0,2
DAYNIS,2,0,2
DAYRI,2,0,2
DAYSIE,2,0,2
DAYSON,2,0,2
DAYVIS,2,0,2
DAZIA,2,0,2
DEAMANTINA,2,0,2
DEAYSSY,2,0,2
DEBERINA,2,0,2
DEBIE,2,0,2
DECIDORA,2,0,2
DECXY,2,0,2
DECY,2,0,2
DEDI,2,0,2
DEDIC,2,0,2
DEDY,2,0,2
DEDYS,2,0,2
DEESY,2,0,2
DEGLIS,2,0,2
DEGNA,2,0,2
DEIBYS,2,0,2
DEIDIS,2,0,2
DEIDRE,2,0,2
DEIMI,2,0,2
DEINI,2,0,2
DEINNIS,2,0,2
DEISIN,2,0,2
DEIXI,2,0,2
DEIZI,2,0,2
DELAN,2,0,2
DELAYDA,2,0,2
DELBYN,2,0,2
DELETINA,2,0,2
DELGUIN,2,0,2
DELKYS,2,0,2
DELNIA,2,0,2
DELNITA,2,0,2
DELNY,2,0,2
DELQUIN,2,0,2
DELQUIS,2,0,2
DELROY,2,0,2
DELSIO,2,0,2
DELSYN,2,0,2
DELSYS,2,0,2
DELTON,2,0,2
DELVIR,2,0,2
DELZIE,2,0,2
DEMYS,2,0,2
DEN,2,0,2
DENAISI,2,0,2
DENCIS,2,0,2
DENELIA,2,0,2
DENERIO,2,0,2
DENES,2,0,2
DENEY,2,0,2
DENIASERY,2,0,2
DENIL,2,0,2
DENISIE,2,0,2
DENMIS,2,0,2
DENMY,2,0,2
DENNES,2,0,2
DENOBAN,2,0,2
DENOLIA,2,0,2
DENSEY,2,0,2
DENWORD,2,0,2
DENYSE,2,0,2
DEONELSY,2,0,2
DEONY,2,0,2
DEOVIGILDO,2,0,2
DERBIS,2,0,2
DERCI,2,0,2
DERCY,2,0,2
DERIEN,2,0,2
DERLYS,2,0,2
DERMEN,2,0,2
DERMER,2,0,2
DERRICH,2,0,2
DERVI,2,0,2
DERVY,2,0,2
DERWIS,2,0,2
DESIFREDI,2,0,2
DESMIRA,2,0,2
DESTINA,2,0,2
DETIL,2,0,2
DEULIN,2,0,2
DEUTAN,2,0,2
DEVIZ,2,0,2
DEVORAH,2,0,2
DEXER,2,0,2
DEYBE,2,0,2
DEYBIE,2,0,2
DEYMA,2,0,2
DEYMIN,2,0,2
DEYMY,2,0,2
DEYNY,2,0,2
DEYVY,2,0,2
DIALINA,2,0,2
DIANABEL,2,0,2
DIANDRA,2,0,2
DIBLAIM,2,0,2
DICCIS,2,0,2
DICIS,2,0,2
DICLAN,2,0,2
DICSA,2,0,2
DICSI,2,0,2
DICSO,2,0,2
DICXY,2,0,2
DIDIAR,2,0,2
DIDIHER,2,0,2
DIDIMA,2,0,2
DIDINE,2,0,2
DIDIS,2,0,2
DIENIS,2,0,2
DIENNY,2,0,2
DIESEËA,2,0,2
DIESY,2,0,2
DIETRICH,2,0,2
DIGANA,2,0,2
DIKE,2,0,2
DIKS,2,0,2
DILBIA,2,0,2
DILCEA,2,0,2
DILI,2,0,2
DILLIAM,2,0,2
DILMI,2,0,2
DILNIA,2,0,2
DILORIA,2,0,2
DILY,2,0,2
DIMARK,2,0,2
DIMPIDA,2,0,2
DINAS,2,0,2
DINES,2,0,2
DINIO,2,0,2
DIOBIGILDA,2,0,2
DIOFREDO,2,0,2
DIOGER,2,0,2
DIOGNE,2,0,2
DIOLA,2,0,2
DIOMED,2,0,2
DIONA,2,0,2
DIONAMY,2,0,2
DIONER,2,0,2
DIONESLY,2,0,2
DIONIGNA,2,0,2
DIOXSANA,2,0,2
DIPCIANA,2,0,2
DIPSIA,2,0,2
DIRALDINA,2,0,2
DIRCIO,2,0,2
DIRIEM,2,0,2
DISELDO,2,0,2
DISIDORA,2,0,2
DISILFREDO,2,0,2
DISRAELI,2,0,2
DITER,2,0,2
DIVINO,2,0,2
DIXAR,2,0,2
DIXEN,2,0,2
DIXIES,2,0,2
DIXZON,2,0,2
DODADIN,2,0,2
DODAI,2,0,2
DODOMIN,2,0,2
DOILE,2,0,2
DOILI,2,0,2
DOLFIN,2,0,2
DOLKA,2,0,2
DOLLI,2,0,2
DOLMA,2,0,2
DOMAR,2,0,2
DOMI,2,0,2
DOMICILDA,2,0,2
DOMILSA,2,0,2
DOMINCIANO,2,0,2
DOMININA,2,0,2
DOMISIANA,2,0,2
DOMITILIO,2,0,2
DOMNY,2,0,2
DOMY,2,0,2
DONACINO,2,0,2
DONADEPCIDO,2,0,2
DONALES,2,0,2
DONAS,2,0,2
DONASO,2,0,2
DONG,2,0,2
DONIER,2,0,2
DONINGA,2,0,2
DONIX,2,0,2
DONLY,2,0,2
DONOSA,2,0,2
DORALDINA,2,0,2
DORALENY,2,0,2
DORBIN,2,0,2
DOREAN,2,0,2
DORENIA,2,0,2
DORIBELL,2,0,2
DORICIA,2,0,2
DORIETH,2,0,2
DORISELDA,2,0,2
DORISOLINA,2,0,2
DORITO,2,0,2
DORLIS,2,0,2
DORLYN,2,0,2
DORMA,2,0,2
DORMIS,2,0,2
DORNA,2,0,2
DORQUI,2,0,2
DORQUIN,2,0,2
DORQUIS,2,0,2
DORSETT,2,0,2
DORVAL,2,0,2
DORVIN,2,0,2
DORVIS,2,0,2
DORYAN,2,0,2
DOSMIN,2,0,2
DOTTIE,2,0,2
DOTTY,2,0,2
DOWIN,2,0,2
DREYFUS,2,0,2
DRIADA,2,0,2
DRIDES,2,0,2
DRUMAN,2,0,2
DRUSILLA,2,0,2
DUASMIN,2,0,2
DUCE,2,0,2
DUCLAS,2,0,2
DUDLY,2,0,2
DUENEL,2,0,2
DUENI,2,0,2
DUGARD,2,0,2
DUGLA,2,0,2
DUGNIA,2,0,2
DUINIA,2,0,2
DULLIS,2,0,2
DULLY,2,0,2
DULVIA,2,0,2
DUMIL,2,0,2
DUNES,2,0,2
DUNI,2,0,2
DUNIAR,2,0,2
DUNIE,2,0,2
DUNIER,2,0,2
DUNYS,2,0,2
DUPI,2,0,2
DUQUE,2,0,2
DURBYN,2,0,2
DURCA,2,0,2
DURCY,2,0,2
DURGA,2,0,2
DURMAN,2,0,2
DURNIA,2,0,2
DURQUIN,2,0,2
DUVISS,2,0,2
DWEN,2,0,2
DYLAN,2,0,2
EËARITA,2,0,2
EARLE,2,0,2
EBANGELISTO,2,0,2
EBANS,2,0,2
EBBER,2,0,2
EBDORA,2,0,2
EBELKIS,2,0,2
EBERCITO,2,0,2
EBIGAEL,2,0,2
EBLE,2,0,2
EBLING,2,0,2
EBRIS,2,0,2
EBULO,2,0,2
EBYN,2,0,2
ECDOLIA,2,0,2
ECOLASTICO,2,0,2
ECSAR,2,0,2
ECTILIA,2,0,2
EDAL,2,0,2
EDALDA,2,0,2
EDALIAS,2,0,2
EDALICIA,2,0,2
EDALILA,2,0,2
EDANI,2,0,2
EDBY,2,0,2
EDDAN,2,0,2
EDDILIA,2,0,2
EDDIR,2,0,2
EDDORO,2,0,2
EDDSON,2,0,2
EDDUAR,2,0,2
EDDVIN,2,0,2
EDELBAIS,2,0,2
EDELBERTA,2,0,2
EDELFINO,2,0,2
EDELMINDA,2,0,2
EDELWEISS,2,0,2
EDEMILIO,2,0,2
EDERMIRA,2,0,2
EDESIO,2,0,2
EDESVINDA,2,0,2
EDETA,2,0,2
EDEY,2,0,2
EDGERTON,2,0,2
EDGIDIO,2,0,2
EDGUARD,2,0,2
EDICELDA,2,0,2
EDIEE,2,0,2
EDIHTA,2,0,2
EDILBURGA,2,0,2
EDILL,2,0,2
EDILTA,2,0,2
EDILTRUDYS,2,0,2
EDISABEL,2,0,2
EDIST,2,0,2
EDISTH,2,0,2
EDITTH,2,0,2
EDIVIN,2,0,2
EDIZA,2,0,2
EDLINA,2,0,2
EDLING,2,0,2
EDMEN,2,0,2
EDMIR,2,0,2
EDMOR,2,0,2
EDNIS,2,0,2
EDO,2,0,2
EDRAN,2,0,2
EDRI,2,0,2
EDSNA,2,0,2
EDUARDS,2,0,2
EDUE,2,0,2
EDUHIN,2,0,2
EDUI,2,0,2
EDUMILIA,2,0,2
EDUNIA,2,0,2
EDVAN,2,0,2
EDVAR,2,0,2
EDVIR,2,0,2
EDWICK,2,0,2
EDWIYN,2,0,2
EDYC,2,0,2
EDYNSON,2,0,2
EDZON,2,0,2
EFAIN,2,0,2
EFIN,2,0,2
EGBERTH,2,0,2
EGDOMILA,2,0,2
EGELBERTO,2,0,2
EGGLA,2,0,2
EGGLY,2,0,2
EGLADIS,2,0,2
EGLATINA,2,0,2
EGNER,2,0,2
EGO,2,0,2
EGUAR,2,0,2
EHIMY,2,0,2
EIDE,2,0,2
EILLEN,2,0,2
EIMER,2,0,2
EINES,2,0,2
EISMENIA,2,0,2
EISTEIN,2,0,2
EISY,2,0,2
EKLIN,2,0,2
ELADYA,2,0,2
ELALIO,2,0,2
ELANNA,2,0,2
ELAYDA,2,0,2
ELBAINA,2,0,2
ELBELINA,2,0,2
ELBEN,2,0,2
ELBIM,2,0,2
ELCAN,2,0,2
ELDAHI,2,0,2
ELDDA,2,0,2
ELDDY,2,0,2
ELDEL,2,0,2
ELDEMAN,2,0,2
ELDHA,2,0,2
ELDIA,2,0,2
ELDIBERTO,2,0,2
ELDIDA,2,0,2
ELDIM,2,0,2
ELDITRUDIS,2,0,2
ELDRED,2,0,2
ELDUBIN,2,0,2
ELEAVIDES,2,0,2
ELEBIT,2,0,2
ELECEO,2,0,2
ELECIO,2,0,2
ELECTISIA,2,0,2
ELEDA,2,0,2
ELEEN,2,0,2
ELEMER,2,0,2
ELEONSA,2,0,2
ELEOTERIO,2,0,2
ELESBIA,2,0,2
ELETERIA,2,0,2
ELETERIO,2,0,2
ELETISIA,2,0,2
ELEUCIPO,2,0,2
ELEUTICIA,2,0,2
ELEXER,2,0,2
ELEYDI,2,0,2
ELEYSI,2,0,2
ELFFY,2,0,2
ELIACID,2,0,2
ELIADORA,2,0,2
ELIANNE,2,0,2
ELICERIO,2,0,2
ELINE,2,0,2
ELIOBERTO,2,0,2
ELIOK,2,0,2
ELIOMAR,2,0,2
ELIONZA,2,0,2
ELISIO,2,0,2
ELISITA,2,0,2
ELITE,2,0,2
ELIXANDRO,2,0,2
ELIXIR,2,0,2
ELIZABETI,2,0,2
ELKING,2,0,2
ELLAN,2,0,2
ELLIETH,2,0,2
ELMERS,2,0,2
ELMERY,2,0,2
ELMIDO,2,0,2
ELMINDA,2,0,2
ELMYN,2,0,2
ELMYR,2,0,2
ELNIS,2,0,2
ELORIA,2,0,2
ELOURDES,2,0,2
ELPIDA,2,0,2
ELQUIZ,2,0,2
ELROD,2,0,2
ELSANORA,2,0,2
ELSEN,2,0,2
ELSEY,2,0,2
ELSIO,2,0,2
ELSSI,2,0,2
ELSTON,2,0,2
ELUNDINA,2,0,2
ELURDES,2,0,2
ELUVIDES,2,0,2
ELVE,2,0,2
ELVEN,2,0,2
ELVIE,2,0,2
ELVING,2,0,2
ELVINS,2,0,2
ELVIT,2,0,2
ELWARD,2,0,2
ELWING,2,0,2
ELWIS,2,0,2
ELWUIN,2,0,2
ELZAR,2,0,2
EMANI,2,0,2
EMBLIN,2,0,2
EME,2,0,2
EMECO,2,0,2
EMEDELIA,2,0,2
EMEIDA,2,0,2
EMELAINA,2,0,2
EMELVIS,2,0,2
EMENESIA,2,0,2
EMEREGILDA,2,0,2
EMERENTINA,2,0,2
EMERSO,2,0,2
EMES,2,0,2
EMESLY,2,0,2
EMIGIDIO,2,0,2
EMILCER,2,0,2
EMILCI,2,0,2
EMILES,2,0,2
EMILITINA,2,0,2
EMILK,2,0,2
EMILT,2,0,2
EMIRIAN,2,0,2
EMITA,2,0,2
EMMIE,2,0,2
EMMIS,2,0,2
EMNIO,2,0,2
EMPLICITA,2,0,2
EMRRI,2,0,2
EMRRY,2,0,2
EMRY,2,0,2
ENCY,2,0,2
ENDEN,2,0,2
ENDOSIA,2,0,2
ENDRY,2,0,2
ENEA,2,0,2
ENEDAS,2,0,2
ENEDIGNA,2,0,2
ENELL,2,0,2
ENELSIO,2,0,2
ENEMUEL,2,0,2
ENEREYDA,2,0,2
ENERGELINA,2,0,2
ENEROSA,2,0,2
ENGERBERTO,2,0,2
ENGLES,2,0,2
ENGRIS,2,0,2
ENILA,2,0,2
ENIXA,2,0,2
ENLI,2,0,2
ENMALINA,2,0,2
ENMAR,2,0,2
ENMELDA,2,0,2
ENMITA,2,0,2
ENNIE,2,0,2
ENOHEMY,2,0,2
ENOL,2,0,2
ENORYS,2,0,2
ENSO,2,0,2
ENTY,2,0,2
ENYA,2,0,2
ENYEL,2,0,2
EOSA,2,0,2
EPISFANIO,2,0,2
EPOLITO,2,0,2
EPSON,2,0,2
ERACLES,2,0,2
ERACLIDES,2,0,2
ERAL,2,0,2
ERALINA,2,0,2
ERALMO,2,0,2
ERAMINDA,2,0,2
ERASIMO,2,0,2
ERCIDIA,2,0,2
ERCIS,2,0,2
ERCK,2,0,2
ERDA,2,0,2
ERDITA,2,0,2
EREK,2,0,2
EREMIAS,2,0,2
ERESILDA,2,0,2
ERESMINIO,2,0,2
EREYDA,2,0,2
ERGIN,2,0,2
ERGUIS,2,0,2
ERICSSON,2,0,2
ERIDIA,2,0,2
ERIHT,2,0,2
ERIKCA,2,0,2
ERINCK,2,0,2
ERINN,2,0,2
ERINSON,2,0,2
ERISON,2,0,2
ERITZA,2,0,2
ERIXSA,2,0,2
ERK,2,0,2
ERLANDO,2,0,2
ERLIDIA,2,0,2
ERLIE,2,0,2
ERLIG,2,0,2
ERLYNG,2,0,2
ERMELIDA,2,0,2
ERMELIDIO,2,0,2
ERMEREGILDA,2,0,2
ERMIRIA,2,0,2
ERMITANIA,2,0,2
ERMITH,2,0,2
ERNAIDES,2,0,2
ERNELIS,2,0,2
ERNIN,2,0,2
ERNOLDO,2,0,2
ERNST,2,0,2
ERORITA,2,0,2
EROS,2,0,2
ERQUIS,2,0,2
ERSELINA,2,0,2
ERSI,2,0,2
ERSILDA,2,0,2
ERSO,2,0,2
ERUVIN,2,0,2
ERVI,2,0,2
ERVILIA,2,0,2
ERYIS,2,0,2
ERYKA,2,0,2
ERZON,2,0,2
ESAUD,2,0,2
ESBLIN,2,0,2
ESCAYLOR,2,0,2
ESCELINA,2,0,2
ESCOLASTICOS,2,0,2
ESE,2,0,2
ESENDELA,2,0,2
ESICA,2,0,2
ESLENY,2,0,2
ESLIS,2,0,2
ESLIY,2,0,2
ESLYS,2,0,2
ESMANUEL,2,0,2
ESMEDY,2,0,2
ESMENEGILDO,2,0,2
ESMER,2,0,2
ESMERLING,2,0,2
ESMIRDA,2,0,2
ESMYN,2,0,2
ESPESORIA,2,0,2
ESPODIAN,2,0,2
ESQUER,2,0,2
ESQUI,2,0,2
ESRON,2,0,2
ESSAN,2,0,2
ESSENIA,2,0,2
ESSLIN,2,0,2
ESSLY,2,0,2
ESTANES,2,0,2
ESTANISLAOO,2,0,2
ESTELITE,2,0,2
ESTEPA,2,0,2
ESTERMINA,2,0,2
ESTILDA,2,0,2
ESTIVENSON,2,0,2
ESTOR,2,0,2
ESWEN,2,0,2
ETA,2,0,2
ETAN,2,0,2
ETELVINDA,2,0,2
ETERBINA,2,0,2
ETGAR,2,0,2
ETHEEL,2,0,2
ETHELWALDO,2,0,2
ETHELY,2,0,2
ETHEWALDO,2,0,2
ETHLEN,2,0,2
ETIFANIA,2,0,2
ETIL,2,0,2
ETIS,2,0,2
ETLING,2,0,2
ETSNA,2,0,2
EUBERTO,2,0,2
EUDACIO,2,0,2
EUDIMIO,2,0,2
EUDONILA,2,0,2
EUDYS,2,0,2
EUFRECINO,2,0,2
EUGELIO,2,0,2
EUGUENIA,2,0,2
EULACIA,2,0,2
EULADIO,2,0,2
EULALEO,2,0,2
EULETERIO,2,0,2
EUMELIA,2,0,2
EURINDIA,2,0,2
EURIS,2,0,2
EUTERIA,2,0,2
EUTIMO,2,0,2
EUVALDO,2,0,2
EUXDALDO,2,0,2
EVA DEL CARMEN,2,0,2
EVACIA,2,0,2
EVAIDA,2,0,2
EVALENCIA,2,0,2
EVAM,2,0,2
EVANGEL,2,0,2
EVARDO,2,0,2
EVARITO,2,0,2
EVAUDELIA,2,0,2
EVELEA,2,0,2
EVELISARIO,2,0,2
EVELITA,2,0,2
EVELLYN,2,0,2
EVELNIN,2,0,2
EVENLY,2,0,2
EVERAL,2,0,2
EVERO,2,0,2
EVINOR,2,0,2
EVIR,2,0,2
EVITERIO,2,0,2
EVIZ,2,0,2
EWAR,2,0,2
EWART,2,0,2
EWUIN,2,0,2
EWYN,2,0,2
EXAHU,2,0,2
EXBER,2,0,2
EXCEL,2,0,2
EXDRAS,2,0,2
EXDULIA,2,0,2
EXIDIO,2,0,2
EXIE,2,0,2
EXILIA,2,0,2
EXOR,2,0,2
EXSEQUEL,2,0,2
EXTERLINA,2,0,2
EYDE,2,0,2
EYLA,2,0,2
EYLIM,2,0,2
EYLING,2,0,2
EYMES,2,0,2
EYMY,2,0,2
EYNA,2,0,2
EYSA,2,0,2
EZECHIAS,2,0,2
EZLY,2,0,2
EZNA,2,0,2
FABIE,2,0,2
FABLIA,2,0,2
FADUA,2,0,2
FAGNY,2,0,2
FAIN,2,0,2
FANCIS,2,0,2
FANCKLIN,2,0,2
FANGIO,2,0,2
FANIE,2,0,2
FANNIS,2,0,2
FARABUNDO,2,0,2
FARAHON,2,0,2
FARHA,2,0,2
FATINA,2,0,2
FAURICIA,2,0,2
FAUXTINA,2,0,2
FAVI,2,0,2
FEDERBINDA,2,0,2
FEDESVINDA,2,0,2
FEDREK,2,0,2
FEDUA,2,0,2
FEIZAR,2,0,2
FELADELFO,2,0,2
FELIANO,2,0,2
FELIBERTA,2,0,2
FELIDA,2,0,2
FELISENDO,2,0,2
FELISTA,2,0,2
FELIXCIA,2,0,2
FELVIS,2,0,2
FELY,2,0,2
FERCILIA,2,0,2
FERENC,2,0,2
FERESBINDO,2,0,2
FERIT,2,0,2
FERMA,2,0,2
FERNANDINO,2,0,2
FERNELIO,2,0,2
FERRERA,2,0,2
FERZAN,2,0,2
FIDELFINA,2,0,2
FIDELIS,2,0,2
FIDOEL,2,0,2
FIGLODELVINA,2,0,2
FILIPA,2,0,2
FILITO,2,0,2
FILMAN,2,0,2
FLADIA,2,0,2
FLAVIANA,2,0,2
FLERIS,2,0,2
FLORALBA,2,0,2
FLORANGELA,2,0,2
FLORDELY,2,0,2
FLORDINIA,2,0,2
FLORENDA,2,0,2
FLORIDALMI,2,0,2
FLORILENA,2,0,2
FLORISELMA,2,0,2
FLORYDALIA,2,0,2
FLORYN,2,0,2
FLUBIA,2,0,2
FODAR,2,0,2
FODY,2,0,2
FORDE,2,0,2
FOWLER,2,0,2
FRAMKLIN,2,0,2
FRANCEL,2,0,2
FRANCHESKA,2,0,2
FRANCIL,2,0,2
FRANCKLYN,2,0,2
FRANDI,2,0,2
FRANDO,2,0,2
FRANEL,2,0,2
FRANICSCO,2,0,2
FRANKIS,2,0,2
FRANKLIYN,2,0,2
FRANKS,2,0,2
FRANSCISCO,2,0,2
FRANSIN,2,0,2
FRANUEL,2,0,2
FRAULIN,2,0,2
FREDAR,2,0,2
FREDD,2,0,2
FREDE,2,0,2
FREDELINA,2,0,2
FREDEMIR,2,0,2
FREDERICH,2,0,2
FREDESVILDA,2,0,2
FREDISBELDO,2,0,2
FREDISVINDO,2,0,2
FREDVINDA,2,0,2
FREED,2,0,2
FREIDY,2,0,2
FRELY,2,0,2
FRENDIA,2,0,2
FRENKEL,2,0,2
FRESA,2,0,2
FRESLE,2,0,2
FRESVIN,2,0,2
FREYSI,2,0,2
FRIDIS,2,0,2
FRIDY,2,0,2
FUGGY,2,0,2
FULMENCIO,2,0,2
FURMENCIO,2,0,2
FUSTINIANO,2,0,2
GABILDO,2,0,2
GABIS,2,0,2
GAERI,2,0,2
GAIRO,2,0,2
GALIA,2,0,2
GALOBERTO,2,0,2
GARCELINA,2,0,2
GARRI,2,0,2
GASSAN,2,0,2
GAYBE,2,0,2
GEANNY,2,0,2
GEBLIN,2,0,2
GECIA,2,0,2
GEDALINA,2,0,2
GEDARDO,2,0,2
GEDIN,2,0,2
GEGORIO,2,0,2
GEIDE,2,0,2
GEIDIS,2,0,2
GEINY,2,0,2
GEIVY,2,0,2
GEIZZER,2,0,2
GELAN,2,0,2
GELCY,2,0,2
GELGAR,2,0,2
GELIMER,2,0,2
GELLIN,2,0,2
GELMON,2,0,2
GELNDA,2,0,2
GELSER,2,0,2
GELSIS,2,0,2
GELSO,2,0,2
GELSOMINIA,2,0,2
GELVA,2,0,2
GELVY,2,0,2
GEMI,2,0,2
GEMIL,2,0,2
GEMINIS,2,0,2
GEMIS,2,0,2
GEMY,2,0,2
GENADIO,2,0,2
GENCY,2,0,2
GENEY,2,0,2
GENIEL,2,0,2
GENISIS,2,0,2
GENIX,2,0,2
GENLY,2,0,2
GENMA,2,0,2
GENMI,2,0,2
GENNER,2,0,2
GENNIS,2,0,2
GENOEL,2,0,2
GENOVENA,2,0,2
GENRIS,2,0,2
GENRRIY,2,0,2
GENSI,2,0,2
GEOALFREDO,2,0,2
GEORGIANA,2,0,2
GEOVA,2,0,2
GERACIMO,2,0,2
GERADO,2,0,2
GERALDENE,2,0,2
GERBASIO,2,0,2
GERBERTH,2,0,2
GERDA,2,0,2
GERDIN,2,0,2
GEREMIES,2,0,2
GERENALDA,2,0,2
GERENTE,2,0,2
GERGES,2,0,2
GERHARD,2,0,2
GERINALDO,2,0,2
GERLING,2,0,2
GERLIS,2,0,2
GERLON,2,0,2
GERMANI,2,0,2
GERMANO,2,0,2
GERMEN,2,0,2
GERMIS,2,0,2
GERMY,2,0,2
GERSA,2,0,2
GERSEN,2,0,2
GERSHON,2,0,2
GERSO,2,0,2
GERSOM,2,0,2
GERSSAN,2,0,2
GERTIE,2,0,2
GERVI,2,0,2
GERZA,2,0,2
GERZY,2,0,2
GERZZAN,2,0,2
GESEN,2,0,2
GESIA,2,0,2
GESIS,2,0,2
GESMIN,2,0,2
GESSELL,2,0,2
GESSIE,2,0,2
GEXAN,2,0,2
GEXE,2,0,2
GEXSON,2,0,2
GEYLOR,2,0,2
GEYNI,2,0,2
GEYSE,2,0,2
GEYSELL,2,0,2
GEYVIN,2,0,2
GIANA,2,0,2
GIANNY,2,0,2
GIBERTO,2,0,2
GIEZY,2,0,2
GILDEL,2,0,2
GILIAM,2,0,2
GILSI,2,0,2
GILZA,2,0,2
GIMA,2,0,2
GIMEN,2,0,2
GIMI,2,0,2
GINE,2,0,2
GINEZ,2,0,2
GINI,2,0,2
GINLY,2,0,2
GINY,2,0,2
GIRA,2,0,2
GIRELDA,2,0,2
GIRSA,2,0,2
GISMAN,2,0,2
GIYERMO,2,0,2
GLACIELA,2,0,2
GLADIA,2,0,2
GLADICIA,2,0,2
GLADIPS,2,0,2
GLADISLAO,2,0,2
GLEISY,2,0,2
GLEMIN,2,0,2
GLENDALEE,2,0,2
GLENDHA,2,0,2
GLENDIN,2,0,2
GLENES,2,0,2
GLENIBERTO,2,0,2
GLENYZ,2,0,2
GLERIS,2,0,2
GLIDIS,2,0,2
GLINNIS,2,0,2
GLOBIS,2,0,2
GLOGER,2,0,2
GLROIA,2,0,2
GODA,2,0,2
GODOALFREDO,2,0,2
GODULA,2,0,2
GODVIN,2,0,2
GODWIN,2,0,2
GOLBIN,2,0,2
GOLDE,2,0,2
GOLDI,2,0,2
GOLDING,2,0,2
GOSVI,2,0,2
GRACIANI,2,0,2
GRACILIDES,2,0,2
GRANICIO,2,0,2
GRANILA,2,0,2
GRASIANA,2,0,2
GRAVIZ,2,0,2
GRAYSY,2,0,2
GRAZZIAMARIA,2,0,2
GREACE,2,0,2
GREBIN,2,0,2
GREBY,2,0,2
GREBYS,2,0,2
GRECELYN,2,0,2
GREG,2,0,2
GREIBY,2,0,2
GREICE,2,0,2
GREICI,2,0,2
GREISIS,2,0,2
GRELDA,2,0,2
GRELIN,2,0,2
GRELINA,2,0,2
GRENLY,2,0,2
GRESLIN,2,0,2
GREVEL,2,0,2
GREVYL,2,0,2
GREVYS,2,0,2
GREYBIS,2,0,2
GREYCIS,2,0,2
GREYS,2,0,2
GREYVI,2,0,2
GRICELDO,2,0,2
GRICEYDA,2,0,2
GRICHEN,2,0,2
GRIDEN,2,0,2
GRIGZELL,2,0,2
GRIMIN,2,0,2
GRISILDA,2,0,2
GRIXEL,2,0,2
GRODBIN,2,0,2
GROLBIN,2,0,2
GRONY,2,0,2
GROSNIE,2,0,2
GROSSVIN,2,0,2
GROVER,2,0,2
GUADLUPE,2,0,2
GUALALUPE,2,0,2
GUALDA,2,0,2
GUALDER,2,0,2
GUALDETRUDIS,2,0,2
GUALDIN,2,0,2
GUALIS,2,0,2
GUALMER,2,0,2
GUANDI,2,0,2
GUBERLINDO,2,0,2
GUDILIA,2,0,2
GUEIVI,2,0,2
GUELMAN,2,0,2
GUELVIN,2,0,2
GUENDA,2,0,2
GUENDEL,2,0,2
GUENERGE,2,0,2
GUENSMAN,2,0,2
GUERRY,2,0,2
GUEYDY,2,0,2
GUIDEON,2,0,2
GUIDION,2,0,2
GUIFARRO,2,0,2
GUILEVALDO,2,0,2
GUILIBANDO,2,0,2
GUILLERMINIO,2,0,2
GUILQUIN,2,0,2
GUILTON,2,0,2
GUIMEL,2,0,2
GUIMELDA,2,0,2
GUINDALAIN,2,0,2
GUINDER,2,0,2
GUITYEN,2,0,2
GUMIN,2,0,2
GUNI,2,0,2
GUNILA,2,0,2
GUSTOVO,2,0,2
GUTBERTO,2,0,2
HABAD,2,0,2
HABI,2,0,2
HADDE,2,0,2
HADE,2,0,2
HADER,2,0,2
HADIEL,2,0,2
HADIN,2,0,2
HADIS,2,0,2
HAIBY,2,0,2
HAILLY,2,0,2
HALBIN,2,0,2
HALLY,2,0,2
HALSTON,2,0,2
HAMER,2,0,2
HAMMER,2,0,2
HANA,2,0,2
HANNELOREN,2,0,2
HANSEE,2,0,2
HARA,2,0,2
HARACIL,2,0,2
HARALDO,2,0,2
HARBI,2,0,2
HARI,2,0,2
HARIS,2,0,2
HARLAND,2,0,2
HARLE,2,0,2
HARLEEN,2,0,2
HARLEX,2,0,2
HARLINE,2,0,2
HARNOL,2,0,2
HAROLL,2,0,2
HARRELL,2,0,2
HARRIZON,2,0,2
HARWELL,2,0,2
HARYCLIA,2,0,2
HARYN,2,0,2
HASSELL,2,0,2
HASSEN,2,0,2
HASSIBE,2,0,2
HATTIE,2,0,2
HAYMON,2,0,2
HAYRA,2,0,2
HAYRON,2,0,2
HAYSMER,2,0,2
HEBIN,2,0,2
HEBRI,2,0,2
HEBRIN,2,0,2
HECAR,2,0,2
HECDOMILIA,2,0,2
HECTO,2,0,2
HECTRO,2,0,2
HEDAS,2,0,2
HEDDYS,2,0,2
HEDELINA,2,0,2
HEDILIA,2,0,2
HEDILT,2,0,2
HEDITA,2,0,2
HEDIX,2,0,2
HEDIZ,2,0,2
HEDNA,2,0,2
HEDNAN,2,0,2
HEDRAS,2,0,2
HEDSON,2,0,2
HEEDY,2,0,2
HEFER,2,0,2
HEILIN,2,0,2
HEILY,2,0,2
HEILYN,2,0,2
HEIRA,2,0,2
HEISEL,2,0,2
HEISSEL,2,0,2
HEIZEL,2,0,2
HELACIO,2,0,2
HELARIA,2,0,2
HELDIBERTO,2,0,2
HELECTERIO,2,0,2
HELEEN,2,0,2
HELIAN,2,0,2
HELINA,2,0,2
HELINGTON,2,0,2
HELIOBERTO,2,0,2
HELIS,2,0,2
HELKA,2,0,2
HELKIN,2,0,2
HELKY,2,0,2
HELLEM,2,0,2
HELLYN,2,0,2
HELMON,2,0,2
HELMOT,2,0,2
HELSI,2,0,2
HELSIN,2,0,2
HELVECIA,2,0,2
HELVER,2,0,2
HEMBER,2,0,2
HEMER,2,0,2
HEMETERIO,2,0,2
HENI,2,0,2
HENRIZ,2,0,2
HENRRYS,2,0,2
HENSEL,2,0,2
HERALIO,2,0,2
HERBI,2,0,2
HERDY,2,0,2
HERENDIDA,2,0,2
HERESMINDA,2,0,2
HERGUIN,2,0,2
HERIB,2,0,2
HERIC,2,0,2
HERIMINIO,2,0,2
HERIX,2,0,2
HERLENI,2,0,2
HERLIM,2,0,2
HERLYS,2,0,2
HERMAM,2,0,2
HERMITANIA,2,0,2
HERMYN,2,0,2
HERNAM,2,0,2
HERNELIA,2,0,2
HERNES,2,0,2
HERNILDO,2,0,2
HERODA,2,0,2
HERON,2,0,2
HEROPAGITA,2,0,2
HERRIS,2,0,2
HERSEN,2,0,2
HERVER,2,0,2
HERVING,2,0,2
HERZEN,2,0,2
HESSE,2,0,2
HESTHER,2,0,2
HETOR,2,0,2
HEWERT,2,0,2
HEYDDI,2,0,2
HEYDIS,2,0,2
HEYDRICH,2,0,2
HEYLEN,2,0,2
HEYNER,2,0,2
HEYSER,2,0,2
HEYSIL,2,0,2
HEYSON,2,0,2
HEZEL,2,0,2
HEZRON,2,0,2
HIALMAR,2,0,2
HIDELINA,2,0,2
HIDESHI,2,0,2
HIDMAN,2,0,2
HILDONALDO,2,0,2
HILIAN,2,0,2
HILIN,2,0,2
HILIRIO,2,0,2
HILIX,2,0,2
HILLMAN,2,0,2
HILRIE,2,0,2
HILSI,2,0,2
HILSO,2,0,2
HILSTON,2,0,2
HILSYS,2,0,2
HILVA,2,0,2
HINAERTO,2,0,2
HINDRA,2,0,2
HINGRIZ,2,0,2
HIP,2,0,2
HIRAIDA,2,0,2
HIRIA,2,0,2
HIRIAM,2,0,2
HIRIBERTA,2,0,2
HIRLANDO,2,0,2
HISA,2,0,2
HISLENIA,2,0,2
HITA,2,0,2
HIUBERT,2,0,2
HIVIN,2,0,2
HIXE,2,0,2
HO,2,0,2
HOHNY,2,0,2
HOLANDO,2,0,2
HOLBER,2,0,2
HOLBERG,2,0,2
HOLMA,2,0,2
HOLMEN,2,0,2
HOLSEN,2,0,2
HOLSMAN,2,0,2
HOLVAN,2,0,2
HOMES,2,0,2
HONATAN,2,0,2
HONIL,2,0,2
HONIX,2,0,2
HONORIS,2,0,2
HOPOLITO,2,0,2
HORAL,2,0,2
HORANIA,2,0,2
HORENCIO,2,0,2
HORLAN,2,0,2
HORLYN,2,0,2
HORST,2,0,2
HOTMAN,2,0,2
HOTO,2,0,2
HOWIN,2,0,2
HUASCAR,2,0,2
HUBBERT,2,0,2
HUBIL,2,0,2
HUBILSON,2,0,2
HUBIN,2,0,2
HUILMER,2,0,2
HULBERTO,2,0,2
HUMBERTINO,2,0,2
HUMBETO,2,0,2
HUMELDA,2,0,2
HUMPHREY,2,0,2
HUMY,2,0,2
HUNBERTA,2,0,2
HURLEY,2,0,2
HURPANIA,2,0,2
HUSAI,2,0,2
HYDE,2,0,2
IAM,2,0,2
IANA,2,0,2
IARA,2,0,2
IAXA,2,0,2
IBDA,2,0,2
IBEN,2,0,2
IBES,2,0,2
IBRIA,2,0,2
IBY,2,0,2
IBYNS,2,0,2
ICARELIA,2,0,2
ICLATERIA,2,0,2
ICSAI,2,0,2
IDALICIA,2,0,2
IDALMES,2,0,2
IDANI,2,0,2
IDDA,2,0,2
IDELMES,2,0,2
IDMA,2,0,2
IDRIS,2,0,2
IGANCIO,2,0,2
IGMA,2,0,2
IGMAS,2,0,2
IGMER,2,0,2
IGNE,2,0,2
IGNOCENTE,2,0,2
IGORK,2,0,2
ILACIA,2,0,2
ILBIN,2,0,2
ILCA,2,0,2
ILCIAN,2,0,2
ILCIS,2,0,2
ILDELFONZO,2,0,2
ILEE,2,0,2
ILENY,2,0,2
ILGIA,2,0,2
ILIRIAN,2,0,2
ILSIAN,2,0,2
ILSSE,2,0,2
ILSSY,2,0,2
ILVIN,2,0,2
ILZE,2,0,2
IMAD,2,0,2
IMADEL,2,0,2
IMAS,2,0,2
IMERY,2,0,2
INAERTO,2,0,2
INCITA,2,0,2
INDARA,2,0,2
INDAURA,2,0,2
INDRI,2,0,2
INDUVINA,2,0,2
INDYRA,2,0,2
INELY,2,0,2
INGLID,2,0,2
INGRIDD,2,0,2
INGRIND,2,0,2
INIS,2,0,2
INNEDINA,2,0,2
INOCIENSIO,2,0,2
INODES,2,0,2
INOSCENCIO,2,0,2
INSA,2,0,2
INSIA,2,0,2
IOANNIS,2,0,2
IPSA,2,0,2
IRAIZ,2,0,2
IRAMA,2,0,2
IRENY,2,0,2
IRESGA,2,0,2
IRIN,2,0,2
IRLENDA,2,0,2
IRLIA,2,0,2
IRNAEL,2,0,2
IRONY,2,0,2
IROSEMA,2,0,2
IRROBERTO,2,0,2
IRTA,2,0,2
IRVIS,2,0,2
ISABETIS,2,0,2
ISACK,2,0,2
ISARAEL,2,0,2
ISBA,2,0,2
ISBEN,2,0,2
ISCA,2,0,2
ISFRAEL,2,0,2
ISID,2,0,2
ISIDERIO,2,0,2
ISIL,2,0,2
ISLA,2,0,2
ISLAAL,2,0,2
ISLIAN,2,0,2
ISLIN,2,0,2
ISMAL,2,0,2
ISMIN,2,0,2
ISNARDA,2,0,2
ISOLA,2,0,2
ISVIN,2,0,2
ITAY,2,0,2
ITHEL,2,0,2
ITON,2,0,2
ITZI,2,0,2
IVANYA,2,0,2
IVOMNE,2,0,2
IVONNIE,2,0,2
IVYNG,2,0,2
IXEN,2,0,2
IXENIA,2,0,2
IXIS,2,0,2
IXTAYUL,2,0,2
IZAIDA,2,0,2
IZIZ,2,0,2
IZZA,2,0,2
J  JESUS,2,0,2
J  LUIS,2,0,2
J MIGUEL,2,0,2
J.CRUZ,2,0,2
J.FELIPE,2,0,2
J.GREGORIO,2,0,2
J.JUAN,2,0,2
J.LEONARDO,2,0,2
J.LEONIDAS,2,0,2
J.ROQUE,2,0,2
J.ROSARIO,2,0,2
J.SANTIAGO,2,0,2
J.VICENTE,2,0,2
J.VICTOR,2,0,2
J.VIDAL,2,0,2
J0SE,2,0,2
JABY,2,0,2
JACIN,2,0,2
JACIR,2,0,2
JACOVINA,2,0,2
JADEN,2,0,2
JAHYRO,2,0,2
JAHZEL,2,0,2
JAICE,2,0,2
JAIDI,2,0,2
JAIKA,2,0,2
JAINY,2,0,2
JAIROL,2,0,2
JAISON,2,0,2
JAISY,2,0,2
JAIVIN,2,0,2
JALMA,2,0,2
JALMAN,2,0,2
JAMBI,2,0,2
JAMERLY,2,0,2
JAMMY,2,0,2
JANA,2,0,2
JANCE,2,0,2
JANDRE,2,0,2
JANDRES,2,0,2
JANEE,2,0,2
JANMY,2,0,2
JANO,2,0,2
JANOY,2,0,2
JANSSEN,2,0,2
JANUARIA,2,0,2
JANYRA,2,0,2
JARBY,2,0,2
JARES,2,0,2
JARIET,2,0,2
JARIETH,2,0,2
JARINTON,2,0,2
JARMEN,2,0,2
JAROLD,2,0,2
JARRIN,2,0,2
JARVI,2,0,2
JARWIN,2,0,2
JASBIN,2,0,2
JASMI,2,0,2
JASNERY,2,0,2
JASPER,2,0,2
JAUNA,2,0,2
JAVER,2,0,2
JAVIS,2,0,2
JAWER,2,0,2
JAYCE,2,0,2
JAYDE,2,0,2
JAYDY,2,0,2
JAYROL,2,0,2
JAZNA,2,0,2
JEANI,2,0,2
JECSICA,2,0,2
JEENNY,2,0,2
JEEPSY,2,0,2
JEESICA,2,0,2
JEF,2,0,2
JEFFER,2,0,2
JEIBY,2,0,2
JEIME,2,0,2
JEIMHENT,2,0,2
JEISER,2,0,2
JEISIS,2,0,2
JEISSY,2,0,2
JELEM,2,0,2
JELIM,2,0,2
JELLYN,2,0,2
JELVER,2,0,2
JEMA,2,0,2
JEMRY,2,0,2
JEN,2,0,2
JENA,2,0,2
JENCI,2,0,2
JENDRIN,2,0,2
JENIA,2,0,2
JENIL,2,0,2
JENISSA,2,0,2
JENITH,2,0,2
JENMI,2,0,2
JENNA,2,0,2
JENNIA,2,0,2
JENNRY,2,0,2
JENOVEL,2,0,2
JENRRIN,2,0,2
JENS,2,0,2
JEOMARA,2,0,2
JEONIS,2,0,2
JEONNY,2,0,2
JEOVANIA,2,0,2
JERA,2,0,2
JERAL,2,0,2
JERBI,2,0,2
JERBIL,2,0,2
JERCY,2,0,2
JERENCIO,2,0,2
JERESLITA,2,0,2
JERLIM,2,0,2
JEROMINA,2,0,2
JEROVAN,2,0,2
JERRAL,2,0,2
JERRIS,2,0,2
JERSION,2,0,2
JERSUN,2,0,2
JESIEE,2,0,2
JESMI,2,0,2
JESNER,2,0,2
JESSEE,2,0,2
JESSES,2,0,2
JESSEY,2,0,2
JESSIC,2,0,2
JESTHER,2,0,2
JESUA,2,0,2
JESUCITO,2,0,2
JESUCRISTO,2,0,2
JESYCA,2,0,2
JESYS,2,0,2
JETSY,2,0,2
JEXSY,2,0,2
JEYDIN,2,0,2
JEYMIE,2,0,2
JEYMMY,2,0,2
JEYSA,2,0,2
JEYSER,2,0,2
JHARLIN,2,0,2
JHERSON,2,0,2
JHOMER,2,0,2
JHOMNY,2,0,2
JHONGER,2,0,2
JHONNYS,2,0,2
JHUNIOR,2,0,2
JI,2,0,2
JIBSON,2,0,2
JIHAM,2,0,2
JILBERT,2,0,2
JILDER,2,0,2
JILDO,2,0,2
JILMAN,2,0,2
JILVER,2,0,2
JIMME,2,0,2
JINER,2,0,2
JINIE,2,0,2
JINMER,2,0,2
JISSENIA,2,0,2
JIUVEL,2,0,2
JIUWER,2,0,2
JOAM,2,0,2
JOBY,2,0,2
JOCSON,2,0,2
JOF,2,0,2
JOHATAN,2,0,2
JOHENY,2,0,2
JOHNIE,2,0,2
JOHNNYE,2,0,2
JOHNYS,2,0,2
JOISY,2,0,2
JOJAYDA,2,0,2
JOLGUER,2,0,2
JOLMEN,2,0,2
JOMERS,2,0,2
JONANA,2,0,2
JONGER,2,0,2
JONHI,2,0,2
JONIE,2,0,2
JONIER,2,0,2
JOONNY,2,0,2
JOPTAN,2,0,2
JORBIN,2,0,2
JORGE ARTURO,2,0,2
JORGELI,2,0,2
JORGINIA,2,0,2
JORLY,2,0,2
JOSE    SANTOS,2,0,2
JOSE  JUAN,2,0,2
JOSE  MIGUEL,2,0,2
JOSE ABRAHAM,2,0,2
JOSE ANASTACIO,2,0,2
JOSE ANDRES,2,0,2
JOSE DE LA,2,0,2
JOSE EXALTACION,2,0,2
JOSE GUILLERMO,2,0,2
JOSE LEONIDAS,2,0,2
JOSE NATIVIDAD,2,0,2
JOSE PERFECTO,2,0,2
JOSED,2,0,2
JOSELION,2,0,2
JOSEMARIA,2,0,2
JOSER,2,0,2
JOSESE,2,0,2
JOSIS,2,0,2
JOSMAR,2,0,2
JOSME,2,0,2
JOSMEL,2,0,2
JOSOE,2,0,2
JOSSETTE,2,0,2
JOSUETH,2,0,2
JOV,2,0,2
JOVED,2,0,2
JOVEEL,2,0,2
JOVENIEL,2,0,2
JOYSI,2,0,2
JUAN  BLAS,2,0,2
JUAN  JOSE,2,0,2
JUAN FERNANDO,2,0,2
JUANANGEL,2,0,2
JUBEL,2,0,2
JUBINA,2,0,2
JUBITA,2,0,2
JUBITZA,2,0,2
JUDEAN,2,0,2
JUDIAN,2,0,2
JUDIN,2,0,2
JUDYS,2,0,2
JUELIO,2,0,2
JULBIA,2,0,2
JULETT,2,0,2
JULIAN DE JESUS,2,0,2
JULIANCITO,2,0,2
JULIANI,2,0,2
JULIES,2,0,2
JULIIO,2,0,2
JULLIETT,2,0,2
JULMA,2,0,2
JULVIO,2,0,2
JUMY,2,0,2
JUNA,2,0,2
JUNER,2,0,2
JUNION,2,0,2
JUNNIA,2,0,2
JUNO,2,0,2
JUNUEN,2,0,2
JUSSARA,2,0,2
JUSTACIO,2,0,2
JUSTIANA,2,0,2
JUZTO,2,0,2
JYMY,2,0,2
KADER,2,0,2
KADYS,2,0,2
KAISSY,2,0,2
KALIA,2,0,2
KALINE,2,0,2
KAM,2,0,2
KANDRA,2,0,2
KARENA,2,0,2
KARENT,2,0,2
KARLAPATRICIA,2,0,2
KARLAS,2,0,2
KARLI,2,0,2
KARLIS,2,0,2
KARLITA,2,0,2
KARLTON,2,0,2
KARMEN,2,0,2
KARSON,2,0,2
KARVIN,2,0,2
KARYL,2,0,2
KARYS,2,0,2
KASSIA,2,0,2
KASSY,2,0,2
KATHARINE,2,0,2
KATIN,2,0,2
KATLY,2,0,2
KAYLA,2,0,2
KAYLIN,2,0,2
KAYLING,2,0,2
KEBBIN,2,0,2
KEBING,2,0,2
KEBY,2,0,2
KEEN,2,0,2
KEEVIN,2,0,2
KEIBIN,2,0,2
KEINE,2,0,2
KEIVI,2,0,2
KELCIN,2,0,2
KELEMEN,2,0,2
KELIP,2,0,2
KELIZ,2,0,2
KELLAND,2,0,2
KELLI,2,0,2
KELLIM,2,0,2
KELLYM,2,0,2
KELSITO,2,0,2
KELVI,2,0,2
KELVING,2,0,2
KELVY,2,0,2
KELYS,2,0,2
KEMBERLEE,2,0,2
KEMFOR,2,0,2
KENAN,2,0,2
KENES,2,0,2
KENEX,2,0,2
KENFORD,2,0,2
KENGEE,2,0,2
KENIN,2,0,2
KENITH,2,0,2
KENIZ,2,0,2
KENLLY,2,0,2
KENNE,2,0,2
KENNSY,2,0,2
KENSIA,2,0,2
KENSIE,2,0,2
KENSIS,2,0,2
KENSMAN,2,0,2
KENTIN,2,0,2
KERIA,2,0,2
KERLA,2,0,2
KERVI,2,0,2
KESLER,2,0,2
KESLIN,2,0,2
KESLING,2,0,2
KESSY,2,0,2
KESTIN,2,0,2
KETNIA,2,0,2
KEURIN,2,0,2
KEVEEN,2,0,2
KEYBER,2,0,2
KEYLIM,2,0,2
KEYLLIN,2,0,2
KHAREN,2,0,2
KHRIS,2,0,2
KHRISTIAN,2,0,2
KIALINDA,2,0,2
KIBLAN,2,0,2
KIDIAN,2,0,2
KILIAMS,2,0,2
KILIAN,2,0,2
KILMA,2,0,2
KIMBERLEY,2,0,2
KIMIS,2,0,2
KINSLEY,2,0,2
KINSMAN,2,0,2
KIPSIA,2,0,2
KIR,2,0,2
KIRD,2,0,2
KIRIO,2,0,2
KIRSTEN,2,0,2
KISLIN,2,0,2
KISSY,2,0,2
KITTZYA,2,0,2
KITZA,2,0,2
KITZIA,2,0,2
KLEDIA,2,0,2
KLEYNER,2,0,2
KLINTON,2,0,2
KNOX,2,0,2
KRELIN,2,0,2
KRIMHILDA,2,0,2
KRISMA,2,0,2
KRISTELL,2,0,2
KRISTEN,2,0,2
KRISTHY,2,0,2
KWONG,2,0,2
KYRA,2,0,2
LA,2,0,2
LACENIA,2,0,2
LACEY,2,0,2
LACIDA,2,0,2
LAGOBERTO,2,0,2
LAIDINIA,2,0,2
LAIDY,2,0,2
LAINER,2,0,2
LAIPINA,2,0,2
LALYCE,2,0,2
LAMBERTA,2,0,2
LANGEBIN,2,0,2
LAODICEA,2,0,2
LARALISSA,2,0,2
LARAZO,2,0,2
LARISITO,2,0,2
LARRI,2,0,2
LATENCIA,2,0,2
LATIMER,2,0,2
LAUNIER,2,0,2
LAURALINA,2,0,2
LAURANTINA,2,0,2
LAYNAN,2,0,2
LAYNIS,2,0,2
LAZARITO,2,0,2
LE,2,0,2
LEANELA,2,0,2
LEANS,2,0,2
LEBLI,2,0,2
LEDEME,2,0,2
LEDIE,2,0,2
LEDIY,2,0,2
LEDLY,2,0,2
LEDUY,2,0,2
LEDVINA,2,0,2
LEDWING,2,0,2
LEES,2,0,2
LEGNI,2,0,2
LEGUIS,2,0,2
LEHIDY,2,0,2
LEIBER,2,0,2
LEIBYS,2,0,2
LEICI,2,0,2
LEIDEN,2,0,2
LEIDYN,2,0,2
LEILIN,2,0,2
LEINY,2,0,2
LEISBY,2,0,2
LEISDY,2,0,2
LEISIS,2,0,2
LEISLIE,2,0,2
LEIVERS,2,0,2
LEIVYN,2,0,2
LEIXI,2,0,2
LEIZER,2,0,2
LEJAN,2,0,2
LELIE,2,0,2
LELIES,2,0,2
LELISS,2,0,2
LELLYS,2,0,2
LELVY,2,0,2
LEMMY,2,0,2
LEMNI,2,0,2
LEMOS,2,0,2
LENCHO,2,0,2
LENDICIA,2,0,2
LENET,2,0,2
LENICIA,2,0,2
LENNYS,2,0,2
LENSO,2,0,2
LENTON,2,0,2
LEOBALDO,2,0,2
LEOCARIA,2,0,2
LEOGILDA,2,0,2
LEOLINA,2,0,2
LEONADIS,2,0,2
LEONELSO,2,0,2
LEONEXI,2,0,2
LEONORIA,2,0,2
LEONTINA,2,0,2
LEOSE,2,0,2
LEOTILDE,2,0,2
LEOVIN,2,0,2
LEOVIS,2,0,2
LERDINA,2,0,2
LERLIS,2,0,2
LERNA,2,0,2
LESA,2,0,2
LESAYDA,2,0,2
LESBIE,2,0,2
LESBYA,2,0,2
LESGUIN,2,0,2
LESIEN,2,0,2
LESLIC,2,0,2
LESLIT,2,0,2
LESLIZ,2,0,2
LESMIDA,2,0,2
LESSBY,2,0,2
LESSIS,2,0,2
LESTAN,2,0,2
LESTBIA,2,0,2
LESTIN,2,0,2
LESTON,2,0,2
LESTONIA,2,0,2
LESVYN,2,0,2
LETANIA,2,0,2
LETARICIA,2,0,2
LETTIE,2,0,2
LETVIA,2,0,2
LETZA,2,0,2
LEUDY,2,0,2
LEXILES,2,0,2
LEXVIA,2,0,2
LEYBA,2,0,2
LEYDEN,2,0,2
LEYLEE,2,0,2
LEYNY,2,0,2
LEYSA,2,0,2
LEYSIS,2,0,2
LEYSLY,2,0,2
LEYSY,2,0,2
LEZBIA,2,0,2
LEZBIN,2,0,2
LEZMA,2,0,2
LEZY,2,0,2
LIBBYS,2,0,2
LIBDARY,2,0,2
LIBENY,2,0,2
LIBERMAN,2,0,2
LIBERTINO,2,0,2
LIBIAN,2,0,2
LICAR,2,0,2
LICHA,2,0,2
LICILA,2,0,2
LIDANIA,2,0,2
LIDBE,2,0,2
LIDEIS,2,0,2
LIDEN,2,0,2
LIDNY,2,0,2
LIDVE,2,0,2
LIDVIA,2,0,2
LIDWIN,2,0,2
LIEL,2,0,2
LIESEL,2,0,2
LIESLI,2,0,2
LIEVANA,2,0,2
LIGDY,2,0,2
LIGNE,2,0,2
LILLIAMS,2,0,2
LINARDA,2,0,2
LINCO,2,0,2
LINCOLM,2,0,2
LINDEISY,2,0,2
LINDEN,2,0,2
LINDEYSY,2,0,2
LINDONFO,2,0,2
LINSON,2,0,2
LINTHON,2,0,2
LINTO,2,0,2
LINY,2,0,2
LIONA,2,0,2
LIPTON,2,0,2
LIRAY,2,0,2
LIRIALINA,2,0,2
LIRIS,2,0,2
LIRNA,2,0,2
LISDENIS,2,0,2
LISENA,2,0,2
LISIAN,2,0,2
LISLIA,2,0,2
LISLY,2,0,2
LISNARDA,2,0,2
LISSIS,2,0,2
LITZIE,2,0,2
LIU,2,0,2
LIUVA,2,0,2
LIXIE,2,0,2
LIXSY,2,0,2
LIZIEM,2,0,2
LIZZI,2,0,2
LIZZINE,2,0,2
LLADER,2,0,2
LLEIMY,2,0,2
LLENIA,2,0,2
LLERY,2,0,2
LLINE,2,0,2
LLINY,2,0,2
LLUVIA,2,0,2
LOCIANA,2,0,2
LOCINA,2,0,2
LOHENDY,2,0,2
LONDA,2,0,2
LONDER,2,0,2
LONITA,2,0,2
LONJINO,2,0,2
LONNY,2,0,2
LOORK,2,0,2
LORIEN,2,0,2
LORNI,2,0,2
LORYN,2,0,2
LORYS,2,0,2
LOTAR,2,0,2
LOUDGNA,2,0,2
LOURDES DEL,2,0,2
LOURLINE,2,0,2
LOYS,2,0,2
LUBA,2,0,2
LUBYS,2,0,2
LUCEANO,2,0,2
LUCIDANIA,2,0,2
LUCIDIO,2,0,2
LUCIRIA,2,0,2
LUCKY,2,0,2
LUDDY,2,0,2
LUDIAN,2,0,2
LUDIO,2,0,2
LUDUIN,2,0,2
LUGARDO,2,0,2
LUGDUVINA,2,0,2
LUICITO,2,0,2
LUIE,2,0,2
LUILA,2,0,2
LUIN,2,0,2
LUINA,2,0,2
LUIQUI,2,0,2
LUISITA,2,0,2
LUISITO,2,0,2
LULIA,2,0,2
LULVIN,2,0,2
LUMAR,2,0,2
LUNETH,2,0,2
LUNIO,2,0,2
LUNY,2,0,2
LUPERCIO,2,0,2
LURA,2,0,2
LURDYS,2,0,2
LURIN,2,0,2
LUSA,2,0,2
LUSBIA,2,0,2
LUSCIDALIA,2,0,2
LUSGARDA,2,0,2
LUSMINA,2,0,2
LUSNILA,2,0,2
LUSSY,2,0,2
LUTTY,2,0,2
LUTZI,2,0,2
LUVANIA,2,0,2
LUVIZ,2,0,2
LUWING,2,0,2
LUXDY,2,0,2
LUZ  MARINA,2,0,2
LUZ MINDA,2,0,2
LUZCIDALIA,2,0,2
LUZMIRA,2,0,2
LYANA,2,0,2
LYDICE,2,0,2
LYGIA,2,0,2
LYNA,2,0,2
MA  CONCEPCION,2,0,2
MA ESPERANZA,2,0,2
MA JUANA,2,0,2
MA MIRIAN,2,0,2
MA.   ANA,2,0,2
MA.   NATIVIDAD,2,0,2
MA. BERNARDA,2,0,2
MA. CONCEPCION,2,0,2
MA. DOLORES,2,0,2
MA. FAUSTINA,2,0,2
MA. FRANCISCA,2,0,2
MA. ISABEL,2,0,2
MA. MODESTA,2,0,2
MA.ADELA,2,0,2
MA.ALBA,2,0,2
MA.AMPARO,2,0,2
MA.BERNARDA,2,0,2
MA.BERTA,2,0,2
MA.CANDELARIA,2,0,2
MA.CARMELA,2,0,2
MA.CARMELINA,2,0,2
MA.CLEMENTINA,2,0,2
MA.DIOMEDES,2,0,2
MA.DOMITILA,2,0,2
MA.DORIS,2,0,2
MA.ELVIA,2,0,2
MA.ESMERALDA,2,0,2
MA.EVARISTA,2,0,2
MA.FLORENTINA,2,0,2
MA.GERTRUDIS,2,0,2
MA.GLORIA,2,0,2
MA.GRACIELA,2,0,2
MA.INES,2,0,2
MA.IRENE,2,0,2
MA.JACINTA,2,0,2
MA.JORGE,2,0,2
MA.JOSEFINA,2,0,2
MA.LOURDES,2,0,2
MA.LUCILA,2,0,2
MA.LUISA,2,0,2
MA.MARIANA,2,0,2
MA.OLIMPIA,2,0,2
MA.PATROCINIA,2,0,2
MA.PETRONILA,2,0,2
MA.PRAXEDES,2,0,2
MA.PRESENTACION,2,0,2
MA.RUBENIA,2,0,2
MA.RUFINA,2,0,2
MA.SABINA,2,0,2
MA.SATURNINA,2,0,2
MA.SOFIA,2,0,2
MA.TRINIDAD,2,0,2
MAA,2,0,2
MABBY,2,0,2
MABELINDA,2,0,2
MACAREA,2,0,2
MACKLIN,2,0,2
MACLIBER,2,0,2
MADALENO,2,0,2
MADAN,2,0,2
MADDA,2,0,2
MADGA,2,0,2
MADIANA,2,0,2
MADIXA,2,0,2
MADROLINA,2,0,2
MADVEL,2,0,2
MAELENY,2,0,2
MAGDOMINO,2,0,2
MAGENCIO,2,0,2
MAGIDA,2,0,2
MAGLENIA,2,0,2
MAGLIA,2,0,2
MAGNER,2,0,2
MAGNY,2,0,2
MAGUEL,2,0,2
MAHALIA,2,0,2
MAHOMA,2,0,2
MAIDELIA,2,0,2
MAIKO,2,0,2
MAILITA,2,0,2
MAILOR,2,0,2
MAINERTO,2,0,2
MAINOL,2,0,2
MAIRES,2,0,2
MAIRIS,2,0,2
MAIYRA,2,0,2
MAJORIE,2,0,2
MAKE,2,0,2
MALAQUIER,2,0,2
MALCOLN,2,0,2
MALCOML,2,0,2
MALCOND,2,0,2
MALDA,2,0,2
MALDEN,2,0,2
MALDIN,2,0,2
MALDOME,2,0,2
MALDON,2,0,2
MALDONADOKAREN,2,0,2
MALDRIN,2,0,2
MALGO,2,0,2
MALIS,2,0,2
MALKY,2,0,2
MALON,2,0,2
MAMNO,2,0,2
MANDELINA,2,0,2
MANDELL,2,0,2
MANDER,2,0,2
MANDERSON,2,0,2
MANFRER,2,0,2
MANGNO,2,0,2
MANITILDA,2,0,2
MANNER,2,0,2
MANNO,2,0,2
MANRRY,2,0,2
MANSI,2,0,2
MANUAR,2,0,2
MANUEL DE,2,0,2
MANUELDE,2,0,2
MANUL,2,0,2
MANYS,2,0,2
MANZUR,2,0,2
MAOMEL,2,0,2
MAQUIABEL,2,0,2
MARALINA,2,0,2
MARCEANO,2,0,2
MARCELA MARIA,2,0,2
MARCEY,2,0,2
MARCOA,2,0,2
MARCOL,2,0,2
MARCOZ,2,0,2
MARDELYS,2,0,2
MARDIS,2,0,2
MAREK,2,0,2
MARFINA,2,0,2
MARGINE,2,0,2
MARGIO,2,0,2
MARGIORY,2,0,2
MARGIT,2,0,2
MARGLEN,2,0,2
MARGORI,2,0,2
MARGUIN,2,0,2
MARHATA,2,0,2
MARIA  AGUSTINA,2,0,2
MARIA  ALICIA,2,0,2
MARIA  ANGELINA,2,0,2
MARIA  BLANCA,2,0,2
MARIA  ISABEL,2,0,2
MARIA  JUANA,2,0,2
MARIA  LUISA,2,0,2
MARIA  MARCOS,2,0,2
MARIA  PAULA,2,0,2
MARIA  RAMONA,2,0,2
MARIA  TERESA,2,0,2
MARIA ALBA,2,0,2
MARIA APOLONIA,2,0,2
MARIA BERTILIA,2,0,2
MARIA DE LA CRU,2,0,2
MARIA DELCARMEN,2,0,2
MARIA DELFINA,2,0,2
MARIA ELSA,2,0,2
MARIA ELVIA,2,0,2
MARIA EULALIA,2,0,2
MARIA FELIPA,2,0,2
MARIA GRACIELA,2,0,2
MARIA GREGORIA,2,0,2
MARIA INES,2,0,2
MARIA JULIANA,2,0,2
MARIA LILIAN,2,0,2
MARIA LUCAS,2,0,2
MARIA LUCIA,2,0,2
MARIA MARIBEL,2,0,2
MARIA MATILDE,2,0,2
MARIA OLIVIA,2,0,2
MARIA PERFECTA,2,0,2
MARIA RAQUEL,2,0,2
MARIA REYNA,2,0,2
MARIA ROSALIA,2,0,2
MARIA SONIA,2,0,2
MARIA VALENTINA,2,0,2
MARIA VICENTA,2,0,2
MARIA VILMA,2,0,2
MARIAD,2,0,2
MARIALENA,2,0,2
MARIANGELES,2,0,2
MARIAO,2,0,2
MARICHA,2,0,2
MARIEM,2,0,2
MARIGSA,2,0,2
MARILEM,2,0,2
MARILIXA,2,0,2
MARILYA,2,0,2
MARINELVIS,2,0,2
MARIOTH,2,0,2
MARISELBA,2,0,2
MARISONIA,2,0,2
MARISSABEL,2,0,2
MARITINA,2,0,2
MARIXTA,2,0,2
MARIYA,2,0,2
MARIZOLA,2,0,2
MARJEN,2,0,2
MARJORI,2,0,2
MARJURY,2,0,2
MARLENIE,2,0,2
MARLENYN,2,0,2
MARLIE,2,0,2
MARLINS,2,0,2
MARLITT,2,0,2
MARLIY,2,0,2
MARLLURY,2,0,2
MARMIS,2,0,2
MARNI,2,0,2
MARNOL,2,0,2
MARQUES,2,0,2
MARSIS,2,0,2
MARTA DE JESUS,2,0,2
MARTAA,2,0,2
MARTAH,2,0,2
MARTHALINA,2,0,2
MARTIA,2,0,2
MARTILA,2,0,2
MARTILIA,2,0,2
MARTIRA,2,0,2
MARTIRI,2,0,2
MARTITA,2,0,2
MARTUNIO,2,0,2
MARUVENI,2,0,2
MARVELIN,2,0,2
MARVELINA,2,0,2
MARVELITA,2,0,2
MARVIA,2,0,2
MARVIN DE JESUS,2,0,2
MARVING,2,0,2
MARVINO,2,0,2
MARVIZ,2,0,2
MARWING,2,0,2
MARY LEE,2,0,2
MARYAN,2,0,2
MARYCEL,2,0,2
MARYZ,2,0,2
MASAL,2,0,2
MASBIA,2,0,2
MASY,2,0,2
MATERNO,2,0,2
MATHIAS,2,0,2
MATI,2,0,2
MAUCIMINIO,2,0,2
MAUDILIO,2,0,2
MAUEL,2,0,2
MAUGRO,2,0,2
MAURELIO,2,0,2
MAURIE,2,0,2
MAUSIMILIANO,2,0,2
MAUSIMINO,2,0,2
MAXBEL,2,0,2
MAXCIMILIANO,2,0,2
MAXCIMINA,2,0,2
MAXCIMO,2,0,2
MAXIE,2,0,2
MAXIMILINA,2,0,2
MAYBELIN,2,0,2
MAYBIS,2,0,2
MAYDIN,2,0,2
MAYDON,2,0,2
MAYERLY,2,0,2
MAYFERN,2,0,2
MAYIDA,2,0,2
MAYITA,2,0,2
MAYKA,2,0,2
MAYKI,2,0,2
MAYKIN,2,0,2
MAYNER,2,0,2
MAYNI,2,0,2
MAYONA,2,0,2
MAYRI,2,0,2
MAYRIA,2,0,2
MAYSON,2,0,2
MAZARIO,2,0,2
MAZZIE,2,0,2
MEAD,2,0,2
MEALYN,2,0,2
MEARL,2,0,2
MEBYS,2,0,2
MEDILDA,2,0,2
MEDY,2,0,2
MEFY,2,0,2
MEGDONIO,2,0,2
MEGUEL,2,0,2
MEHIDA,2,0,2
MEIBIS,2,0,2
MEIDA,2,0,2
MEIDE,2,0,2
MEILA,2,0,2
MEILAN,2,0,2
MEISI,2,0,2
MELADO,2,0,2
MELAINA,2,0,2
MELAY,2,0,2
MELBIM,2,0,2
MELCIA,2,0,2
MELDIANA,2,0,2
MELDICIA,2,0,2
MELDO,2,0,2
MELDRED,2,0,2
MELDREN,2,0,2
MELDRI,2,0,2
MELDRID,2,0,2
MELEN,2,0,2
MELENA,2,0,2
MELENCIA,2,0,2
MELENDREZ,2,0,2
MELFI,2,0,2
MELGIA,2,0,2
MELGUIN,2,0,2
MELIM,2,0,2
MELJIN,2,0,2
MELMIN,2,0,2
MELMY,2,0,2
MELODIA,2,0,2
MELQUIAS,2,0,2
MELQUICIDETH,2,0,2
MELQUICIDEX,2,0,2
MELQUIZ,2,0,2
MELROSE,2,0,2
MELSOR,2,0,2
MELTIN,2,0,2
MEMA,2,0,2
MEMBRE-O,2,0,2
MEMPHIS,2,0,2
MENAHEN,2,0,2
MENELU,2,0,2
MENIA,2,0,2
MENOTI,2,0,2
MEQUI,2,0,2
MERBI,2,0,2
MERBIL,2,0,2
MERBY,2,0,2
MERBYN,2,0,2
MERCYS,2,0,2
MEREGUILDO,2,0,2
MERELINA,2,0,2
MERELYS,2,0,2
MERGEN,2,0,2
MERIALES,2,0,2
MERIANA,2,0,2
MERILINA,2,0,2
MERING,2,0,2
MERISELVIN,2,0,2
MERLHING,2,0,2
MERLINGS,2,0,2
MERLIX,2,0,2
MERORIS,2,0,2
MERQUEADES,2,0,2
MERSA,2,0,2
MERTALY,2,0,2
MERTO,2,0,2
MERYLIN,2,0,2
MESAIDA,2,0,2
MESAK,2,0,2
MESELENIA,2,0,2
MESLY,2,0,2
MEURY,2,0,2
MEVEL,2,0,2
MEVI,2,0,2
MEYBIS,2,0,2
MEYBY,2,0,2
MEYDE,2,0,2
MEYLA,2,0,2
MEYLY,2,0,2
MEYSON,2,0,2
MI,2,0,2
MIAMI,2,0,2
MICDONEO,2,0,2
MIDLER,2,0,2
MIGDONEL,2,0,2
MIGUE,2,0,2
MIIRIAM,2,0,2
MIL,2,0,2
MILBURGA,2,0,2
MILCIAN,2,0,2
MILDEN,2,0,2
MILDIA,2,0,2
MILDRAN,2,0,2
MILDREND,2,0,2
MILDRIN,2,0,2
MILDRY,2,0,2
MILENYS,2,0,2
MILEXIS,2,0,2
MILFIDA,2,0,2
MILIN,2,0,2
MILIS,2,0,2
MILISSEN,2,0,2
MILIXSA,2,0,2
MILJIAM,2,0,2
MILLICENT,2,0,2
MILLINGTON,2,0,2
MILMER,2,0,2
MILSAR,2,0,2
MILSEN,2,0,2
MILSER,2,0,2
MILSIAN,2,0,2
MILTONIO,2,0,2
MILTZA,2,0,2
MILVAN,2,0,2
MILVIN,2,0,2
MILWARDO,2,0,2
MILYAN,2,0,2
MILZER,2,0,2
MINALIA,2,0,2
MINELDA,2,0,2
MINERMA,2,0,2
MINGA,2,0,2
MINICA,2,0,2
MINIERTE,2,0,2
MINISTRO,2,0,2
MINTON,2,0,2
MIQUEL,2,0,2
MIREAM,2,0,2
MIRGEN,2,0,2
MIRIAMH,2,0,2
MIRIHAM,2,0,2
MIRIN,2,0,2
MIRION,2,0,2
MIRLIAN,2,0,2
MIRLIN,2,0,2
MIRLO,2,0,2
MIRMAN,2,0,2
MIRNAN,2,0,2
MIRSAN,2,0,2
MIRSIAN,2,0,2
MIRSON,2,0,2
MIRTHEA,2,0,2
MIRTHY,2,0,2
MIRTI,2,0,2
MIRTON,2,0,2
MIRXA,2,0,2
MISADEL,2,0,2
MISAIDA,2,0,2
MISBEL,2,0,2
MISCENA,2,0,2
MISELA,2,0,2
MISELVI,2,0,2
MISHLIN,2,0,2
MISMAGUE,2,0,2
MISTY,2,0,2
MISZAEL,2,0,2
MITSHILA,2,0,2
MIVIA,2,0,2
MIXAELA,2,0,2
MIXAR,2,0,2
MIXE,2,0,2
MIXSI,2,0,2
MIZ,2,0,2
MIZAELA,2,0,2
MMARIA,2,0,2
MODY,2,0,2
MOESNA,2,0,2
MOIRA,2,0,2
MOLI,2,0,2
MOLIN,2,0,2
MONCADA,2,0,2
MONCHITA,2,0,2
MONCHO,2,0,2
MONGE,2,0,2
MONIKA,2,0,2
MONSY,2,0,2
MONTSE,2,0,2
MORA,2,0,2
MORBELINA,2,0,2
MORFY,2,0,2
MORITZ,2,0,2
MORLE,2,0,2
MORMA,2,0,2
MOSHE,2,0,2
MOSIAH,2,0,2
MRIAN,2,0,2
MUNA,2,0,2
MURCIA,2,0,2
MURVIN,2,0,2
MURY,2,0,2
MUSY,2,0,2
MYLA,2,0,2
MYRTES,2,0,2
NABRIEL,2,0,2
NACHIN,2,0,2
NACLETA,2,0,2
NADERIA,2,0,2
NADEYDA,2,0,2
NADHIA,2,0,2
NADIRA,2,0,2
NADIS,2,0,2
NADY,2,0,2
NAFIZ,2,0,2
NAFRI,2,0,2
NAHIME,2,0,2
NAICY,2,0,2
NAILLY,2,0,2
NAIVI,2,0,2
NAKLE,2,0,2
NALATINA,2,0,2
NALIS,2,0,2
NANCE,2,0,2
NANDIS,2,0,2
NANEY,2,0,2
NANSIS,2,0,2
NARBES,2,0,2
NARBIN,2,0,2
NARBY,2,0,2
NARCISCO,2,0,2
NARLEN,2,0,2
NARLI,2,0,2
NARLON,2,0,2
NARMA,2,0,2
NAROTINA,2,0,2
NARSSIS,2,0,2
NARSY,2,0,2
NARVY,2,0,2
NARZIZA,2,0,2
NASAEL,2,0,2
NASHLA,2,0,2
NATARIO,2,0,2
NATI,2,0,2
NATIVIDAD DE,2,0,2
NATOLIO,2,0,2
NAUDIA,2,0,2
NAUDILA,2,0,2
NAVARO,2,0,2
NAVIDIA,2,0,2
NAYDIA,2,0,2
NAYES,2,0,2
NAZALIA,2,0,2
NAZER,2,0,2
NEAMAN,2,0,2
NECDY,2,0,2
NECXI,2,0,2
NEDAVIA,2,0,2
NEDIL,2,0,2
NEDRA,2,0,2
NEFFI,2,0,2
NEFFY,2,0,2
NEFTALIO,2,0,2
NEFTIS,2,0,2
NEGDA,2,0,2
NEGY,2,0,2
NEHIL,2,0,2
NEIBA,2,0,2
NEILA,2,0,2
NEIRY,2,0,2
NELBER,2,0,2
NELDON,2,0,2
NELFIDO,2,0,2
NELFIN,2,0,2
NELISS,2,0,2
NELIT,2,0,2
NELITO,2,0,2
NELLA,2,0,2
NELMIS,2,0,2
NELMON,2,0,2
NELSIE,2,0,2
NELSSY,2,0,2
NELVIDA,2,0,2
NELVYS,2,0,2
NELZI,2,0,2
NEMA,2,0,2
NEMESYS,2,0,2
NENCIA,2,0,2
NENCYS,2,0,2
NENDY,2,0,2
NENIS,2,0,2
NEOMARA,2,0,2
NEPLALI,2,0,2
NEPTYS,2,0,2
NERBIN,2,0,2
NERCIDES,2,0,2
NERHY,2,0,2
NERIDE,2,0,2
NERITH,2,0,2
NERLIM,2,0,2
NERLYS,2,0,2
NERZON,2,0,2
NESBI,2,0,2
NESKYN,2,0,2
NESLIS,2,0,2
NESQUIN,2,0,2
NESSI,2,0,2
NESTHER,2,0,2
NESTI,2,0,2
NESTON,2,0,2
NESTRA,2,0,2
NESVI,2,0,2
NET,2,0,2
NETIS,2,0,2
NETO,2,0,2
NEUSTA,2,0,2
NEVEL,2,0,2
NEVER,2,0,2
NEXE,2,0,2
NEXIN,2,0,2
NEXTI,2,0,2
NEYBIA,2,0,2
NEYLAN,2,0,2
NEYLIS,2,0,2
NEYRI,2,0,2
NEYSY,2,0,2
NIBIS,2,0,2
NICARDO,2,0,2
NICARIO,2,0,2
NICCIA,2,0,2
NICHA,2,0,2
NICKSON,2,0,2
NICOLASITO,2,0,2
NICSA,2,0,2
NICSON,2,0,2
NICZA,2,0,2
NIDIO,2,0,2
NIEL,2,0,2
NIERIS,2,0,2
NIGME,2,0,2
NIKSA,2,0,2
NILDY,2,0,2
NILFIA,2,0,2
NILI,2,0,2
NILLIS,2,0,2
NILMON,2,0,2
NILSER,2,0,2
NILSY,2,0,2
NILVIAN,2,0,2
NILZ,2,0,2
NIMMER,2,0,2
NIMSY,2,0,2
NINCIA,2,0,2
NINIA,2,0,2
NINSY,2,0,2
NIOVIS,2,0,2
NIRA,2,0,2
NIRIAM,2,0,2
NISA,2,0,2
NITZIRELA,2,0,2
NIUMAN,2,0,2
NIURY,2,0,2
NIVIDIA,2,0,2
NIXTZA,2,0,2
NIZA,2,0,2
NOBELDA,2,0,2
NOBIS,2,0,2
NODELIA,2,0,2
NOELITO,2,0,2
NOELMI,2,0,2
NOEMIN,2,0,2
NOLBIAN,2,0,2
NOLBIS,2,0,2
NOLBYN,2,0,2
NOLIO,2,0,2
NOLLY,2,0,2
NOLMIA,2,0,2
NOLVES,2,0,2
NOMA,2,0,2
NOMIS,2,0,2
NONALEE,2,0,2
NORBER,2,0,2
NORBIA,2,0,2
NOREMA,2,0,2
NORFILIA,2,0,2
NORGEL,2,0,2
NORGIA,2,0,2
NORINA,2,0,2
NORJEN,2,0,2
NORMALILA,2,0,2
NORMALINDA,2,0,2
NORMAM,2,0,2
NORMEN,2,0,2
NORSEMAN,2,0,2
NORVIND,2,0,2
NOSLY,2,0,2
NOVIDA,2,0,2
NOVISTAN,2,0,2
NOX,2,0,2
NOYRA,2,0,2
NUDIA,2,0,2
NUDIS,2,0,2
NUEMIAS,2,0,2
NUHR,2,0,2
NULVIN,2,0,2
NULVIS,2,0,2
NUMY,2,0,2
NURCIA,2,0,2
NURLEN,2,0,2
NUSLING,2,0,2
NUSSLY,2,0,2
OAKIE,2,0,2
OBANIS,2,0,2
OBDIA,2,0,2
OBEC,2,0,2
OBEDICTO,2,0,2
OBEDULIO,2,0,2
OBESY,2,0,2
OBLIN,2,0,2
OBSTACIANO,2,0,2
OBTAVILA,2,0,2
OCLECIANO,2,0,2
OCTABILIA,2,0,2
OCTAVINO,2,0,2
OCTIMINIO,2,0,2
ODBIN,2,0,2
ODBULIO,2,0,2
ODDIS,2,0,2
ODELMIS,2,0,2
ODGAR,2,0,2
ODILVIA,2,0,2
ODONIS,2,0,2
ODRI,2,0,2
OFNY,2,0,2
OLADIO,2,0,2
OLBERT,2,0,2
OLBY,2,0,2
OLDI,2,0,2
OLDO,2,0,2
OLGAN,2,0,2
OLGANDINA,2,0,2
OLGEN,2,0,2
OLIANA,2,0,2
OLIBERO,2,0,2
OLINSON,2,0,2
OLISMO,2,0,2
OLIVERAS,2,0,2
OLIVERIOS,2,0,2
OLIVERTA,2,0,2
OLMI,2,0,2
OLSY,2,0,2
OLVIM,2,0,2
OLVING,2,0,2
OLVY,2,0,2
OLWAN,2,0,2
OMAD,2,0,2
OMAR DE JESUS,2,0,2
OMERLIN,2,0,2
OMNIS,2,0,2
OMRI,2,0,2
ONDIANA,2,0,2
ONECIFERO,2,0,2
ONECIFORA,2,0,2
ONECIFORO,2,0,2
ONIA,2,0,2
ONILTON,2,0,2
ONISE,2,0,2
ONIVAR,2,0,2
ONIZ,2,0,2
ONNYS,2,0,2
ONRI,2,0,2
ONRRY,2,0,2
ORALPALI,2,0,2
ORBER,2,0,2
ORCI,2,0,2
ORCY,2,0,2
ORDEMILA,2,0,2
ORDY,2,0,2
ORENSO,2,0,2
ORFIDALIA,2,0,2
ORI,2,0,2
ORITA,2,0,2
ORIX,2,0,2
ORIZON,2,0,2
ORLANDI,2,0,2
ORLANDIS,2,0,2
ORLEAN,2,0,2
ORLEM,2,0,2
ORLENS,2,0,2
ORLER,2,0,2
ORLINDO,2,0,2
ORLO,2,0,2
ORMEN,2,0,2
ORNIE,2,0,2
ORTEGA,2,0,2
ORTEGO,2,0,2
ORTENEZ,2,0,2
ORVAN,2,0,2
ORVELINDO,2,0,2
ORVEN,2,0,2
OSALDO,2,0,2
OSBELINA,2,0,2
OSBY,2,0,2
OSCARR,2,0,2
OSCIRIS,2,0,2
OSDIN,2,0,2
OSDULIA,2,0,2
OSELA,2,0,2
OSEVIA,2,0,2
OSGUAL,2,0,2
OSMANIS,2,0,2
OSMARIA,2,0,2
OSMELINA,2,0,2
OSNIN,2,0,2
OSTACIANO,2,0,2
OSTIL,2,0,2
OSTROBERTO,2,0,2
OSVELIA,2,0,2
OSWARD,2,0,2
OSWARDO,2,0,2
OTNY,2,0,2
OTTY,2,0,2
OUGLA,2,0,2
OVAD,2,0,2
OVAL,2,0,2
OVALDA,2,0,2
OVEDIA,2,0,2
OVENTINA,2,0,2
OWENY,2,0,2
OXMAN,2,0,2
OZNY,2,0,2
PABLITA,2,0,2
PAINARIA,2,0,2
PAIRIL,2,0,2
PAKY,2,0,2
PALADINO,2,0,2
PALTY,2,0,2
PAPIN,2,0,2
PARICIO,2,0,2
PARK,2,0,2
PARMENA,2,0,2
PASCUALE,2,0,2
PASCUALINA,2,0,2
PASTORITA,2,0,2
PATALEON,2,0,2
PATSYLEE,2,0,2
PATT,2,0,2
PATTIE,2,0,2
PAULISTO,2,0,2
PAULITO,2,0,2
PAXI,2,0,2
PAZCUAL,2,0,2
PAZZIS,2,0,2
PEDOR,2,0,2
PEGGI,2,0,2
PEGRINA,2,0,2
PEGUI,2,0,2
PELVIS,2,0,2
PERCI,2,0,2
PERCIANO,2,0,2
PERCIDES,2,0,2
PERCIVAL,2,0,2
PERSIS,2,0,2
PETAR,2,0,2
PETI,2,0,2
PETRINA,2,0,2
PETRONITA,2,0,2
PETROSINIA,2,0,2
PHARAY,2,0,2
PICTAN,2,0,2
PIERINO,2,0,2
PILO,2,0,2
PILY,2,0,2
PLENY,2,0,2
POL,2,0,2
POLLY,2,0,2
POLY,2,0,2
PONCEANO,2,0,2
PORTACIA,2,0,2
PORTAL,2,0,2
PORTILLOCARLOS,2,0,2
POTANIA,2,0,2
PRACCIDES,2,0,2
PRECIDILIA,2,0,2
PRECILA,2,0,2
PRECIOSA,2,0,2
PREDERMINDA,2,0,2
PREDY,2,0,2
PRESCILIANO,2,0,2
PRESILIA,2,0,2
PRESVINDO,2,0,2
PREVELITA,2,0,2
PREXADIS,2,0,2
PRIAMO,2,0,2
PRINCIPE,2,0,2
PRINCIPIA,2,0,2
PRINCIS,2,0,2
PRISCO,2,0,2
PROCAPIO,2,0,2
PROCERPINO,2,0,2
PRODIGIO,2,0,2
PROSERPINA,2,0,2
PROVI,2,0,2
PROXEDES,2,0,2
PURIDAD,2,0,2
PURIFICASION,2,0,2
QUEILYN,2,0,2
QUEIRA,2,0,2
QUELDIN,2,0,2
QUELSI,2,0,2
QUENDI,2,0,2
QUENETH,2,0,2
QUENFOR,2,0,2
QUENYA,2,0,2
QUETA,2,0,2
QUEYBY,2,0,2
QUEYSI,2,0,2
QUIELA,2,0,2
QUILMER,2,0,2
QUINIA,2,0,2
QUINTILIA,2,0,2
QUIOROLINDA,2,0,2
QUIRA,2,0,2
QUIRCIA,2,0,2
QUIRIAN,2,0,2
QUISIA,2,0,2
QUITA,2,0,2
QUITO,2,0,2
QUIXIA,2,0,2
RACIEL,2,0,2
RADAI,2,0,2
RAFAELITO,2,0,2
RAFELA,2,0,2
RAGEL,2,0,2
RAIDEL,2,0,2
RAIMULDO,2,0,2
RAINELIA,2,0,2
RAINOL,2,0,2
RAMEZ,2,0,2
RAMILDA,2,0,2
RAMMEL,2,0,2
RAMSLY,2,0,2
RAMZI,2,0,2
RANDI,2,0,2
RANDOLFH,2,0,2
RANIS,2,0,2
RANLY,2,0,2
RAOUL,2,0,2
RARAEL,2,0,2
RASHELL,2,0,2
RAUDALES,2,0,2
RAUDILIA,2,0,2
RAYLENE,2,0,2
RAYNA,2,0,2
RAYNALDA,2,0,2
RECUERDO,2,0,2
REDUSINDO,2,0,2
REGULIA,2,0,2
REHINALDO,2,0,2
REIBIN,2,0,2
REIDY,2,0,2
REIMA,2,0,2
REIMER,2,0,2
REINA   MARIA,2,0,2
REINADO,2,0,2
REINILIA,2,0,2
REINOY,2,0,2
REMBERTH,2,0,2
REMBERTHO,2,0,2
REMZON,2,0,2
RENALDA,2,0,2
RENARDO,2,0,2
RENEIRO,2,0,2
RENILDES,2,0,2
RENNEY,2,0,2
RENULFA,2,0,2
RENYS,2,0,2
RENZZO,2,0,2
REUGILIO,2,0,2
REVEL,2,0,2
REYBA,2,0,2
REYBI,2,0,2
REYLI,2,0,2
REYMER,2,0,2
REYMON,2,0,2
REYNAL,2,0,2
REYNI,2,0,2
REYTHYK,2,0,2
REYVI,2,0,2
RHUT,2,0,2
RIA,2,0,2
RIBBEN,2,0,2
RIBIO,2,0,2
RICCE,2,0,2
RICHAL,2,0,2
RICHERD,2,0,2
RICHY,2,0,2
RICY,2,0,2
RIENA,2,0,2
RIGIBERTO,2,0,2
RILO,2,0,2
RINAVEL,2,0,2
RINGO,2,0,2
RINY,2,0,2
RINZA,2,0,2
RIQUI,2,0,2
RISA,2,0,2
RITSI,2,0,2
RITSSI,2,0,2
RITSY,2,0,2
RITTA,2,0,2
RITZE,2,0,2
RIZ,2,0,2
RMAON,2,0,2
ROBBER,2,0,2
ROBEIDA,2,0,2
ROBELA,2,0,2
ROBIEL,2,0,2
ROBINZO,2,0,2
ROBLEDO,2,0,2
ROBUSTIANA,2,0,2
ROCENDA,2,0,2
ROCICELA,2,0,2
ROCK,2,0,2
RODECINDA,2,0,2
RODELINA,2,0,2
RODERNO,2,0,2
RODIGO,2,0,2
RODISOINER,2,0,2
RODITH,2,0,2
RODMEL,2,0,2
RODMERY,2,0,2
RODMY,2,0,2
RODOLF,2,0,2
RODULO,2,0,2
RODWIN,2,0,2
ROGAMO,2,0,2
ROGERIO,2,0,2
ROGIL,2,0,2
ROGINA,2,0,2
ROHDE,2,0,2
ROHI,2,0,2
ROIDY,2,0,2
ROJEN,2,0,2
ROKY,2,0,2
ROLBI,2,0,2
ROLFI,2,0,2
ROLING,2,0,2
ROLLY,2,0,2
ROLLYN,2,0,2
ROLVER,2,0,2
ROLVINDA,2,0,2
ROMEN,2,0,2
ROMIDIO,2,0,2
ROMIS,2,0,2
ROMNEL,2,0,2
ROMOLDO,2,0,2
ROMOLO,2,0,2
RONAD,2,0,2
RONALES,2,0,2
RONALL,2,0,2
RONATO,2,0,2
RONE,2,0,2
RONELIA,2,0,2
RONER,2,0,2
RONIO,2,0,2
RONIR,2,0,2
RONMEN,2,0,2
RONMIL,2,0,2
RONMY,2,0,2
RONNYE,2,0,2
RONUALDO,2,0,2
RONUEL,2,0,2
RONYL,2,0,2
ROOMELL,2,0,2
ROOY,2,0,2
ROPELIO,2,0,2
ROSAANGELA,2,0,2
ROSABELIA,2,0,2
ROSAIDA,2,0,2
ROSALEDA,2,0,2
ROSALENA,2,0,2
ROSALFINA,2,0,2
ROSALILA,2,0,2
ROSALILIAN,2,0,2
ROSALMA,2,0,2
ROSALVINA,2,0,2
ROSAMOND,2,0,2
ROSANELY,2,0,2
ROSANNE,2,0,2
ROSBYN,2,0,2
ROSCELY,2,0,2
ROSELIO,2,0,2
ROSENTAN,2,0,2
ROSERY,2,0,2
ROSIANA,2,0,2
ROSIBELLE,2,0,2
ROSIDELMA,2,0,2
ROSILVA,2,0,2
ROSIMARI,2,0,2
ROSIMERI,2,0,2
ROSMAL,2,0,2
ROSMAY,2,0,2
ROSORIO,2,0,2
ROSSANGEL,2,0,2
ROSSLYN,2,0,2
ROSTIN,2,0,2
ROSWIN,2,0,2
ROTHA,2,0,2
ROUMUALDO,2,0,2
ROVI,2,0,2
ROVIS,2,0,2
ROVISON,2,0,2
ROWER,2,0,2
ROXNER,2,0,2
ROYCI,2,0,2
ROYDIS,2,0,2
ROYMAR,2,0,2
ROYVIN,2,0,2
RUANDY,2,0,2
RUBEN DE JESUS,2,0,2
RUBENTINO,2,0,2
RUBITA,2,0,2
RUBLIA,2,0,2
RUDBELINA,2,0,2
RUDESCINDA,2,0,2
RUDESINDA,2,0,2
RUDIY,2,0,2
RUDVELIA,2,0,2
RUDVINDA,2,0,2
RUDYN,2,0,2
RUFFORD,2,0,2
RULBEN,2,0,2
RULBI,2,0,2
RULBY,2,0,2
RULDI,2,0,2
RULDY,2,0,2
RULLY,2,0,2
RULVER,2,0,2
RUMULO,2,0,2
RUMY,2,0,2
RUNIE,2,0,2
RUSBY,2,0,2
RUSINA,2,0,2
RUST,2,0,2
RUSTICO,2,0,2
RUSTINO,2,0,2
RUSY,2,0,2
RUTH MARIA,2,0,2
RUTHBELINDA,2,0,2
RUTHFORD,2,0,2
RUTMILA,2,0,2
RUVIN,2,0,2
SABENA,2,0,2
SABIS,2,0,2
SADAM,2,0,2
SADINA,2,0,2
SADRA,2,0,2
SADRI,2,0,2
SADRY,2,0,2
SADYE,2,0,2
SAERA,2,0,2
SAHAIRA,2,0,2
SAHURY,2,0,2
SAILIN,2,0,2
SAILITA,2,0,2
SAIRUS,2,0,2
SALIO,2,0,2
SALMAN,2,0,2
SALS,2,0,2
SALVADORITA,2,0,2
SAME,2,0,2
SAMYA,2,0,2
SANBUENAVENTURA,2,0,2
SANDIE,2,0,2
SANDIS,2,0,2
SANDRIS,2,0,2
SANELIA,2,0,2
SANGELINA,2,0,2
SANGRELIA,2,0,2
SANMY,2,0,2
SANNDY,2,0,2
SANORA,2,0,2
SANTIA,2,0,2
SANTOLINA,2,0,2
SANTS,2,0,2
SANYI,2,0,2
SARAFIN,2,0,2
SARAINA,2,0,2
SARATINA,2,0,2
SARHI,2,0,2
SARICELY,2,0,2
SARIXA,2,0,2
SARLY,2,0,2
SASHA,2,0,2
SASKYA,2,0,2
SASNTOS,2,0,2
SASQUIA,2,0,2
SASTOS,2,0,2
SAULITA,2,0,2
SAVI,2,0,2
SAYO,2,0,2
SAYRI,2,0,2
SCARLEN,2,0,2
SCHULEM,2,0,2
SEBERINA,2,0,2
SECY,2,0,2
SEDER,2,0,2
SEDITH,2,0,2
SEDRAK,2,0,2
SEE,2,0,2
SEENDY,2,0,2
SEGNY,2,0,2
SEGUNDINO,2,0,2
SEHILA,2,0,2
SEIDIN,2,0,2
SEINY,2,0,2
SEIRI,2,0,2
SEIRIS,2,0,2
SELAIN,2,0,2
SELBIS,2,0,2
SELDENCIA,2,0,2
SELSON,2,0,2
SELVER,2,0,2
SEMILDA,2,0,2
SENDER,2,0,2
SENEYDE,2,0,2
SENFORIANA,2,0,2
SENIL,2,0,2
SENMA,2,0,2
SENNY,2,0,2
SENTIA,2,0,2
SEPENTANIO,2,0,2
SERA,2,0,2
SERBULO,2,0,2
SERENO,2,0,2
SERGIDA,2,0,2
SERLIO,2,0,2
SERMAN,2,0,2
SERMANITA,2,0,2
SERMINDA,2,0,2
SERNITA,2,0,2
SERTA,2,0,2
SERTIDA,2,0,2
SERVIS,2,0,2
SERWYN,2,0,2
SESI,2,0,2
SESKIA,2,0,2
SESMA,2,0,2
SESSY,2,0,2
SESTER,2,0,2
SEYRI,2,0,2
SHAAN,2,0,2
SHADRACH,2,0,2
SHADY,2,0,2
SHADYA,2,0,2
SHAIDA,2,0,2
SHANA,2,0,2
SHAO,2,0,2
SHARAN,2,0,2
SHARLENE,2,0,2
SHARLYN,2,0,2
SHAROON,2,0,2
SHAYDA,2,0,2
SHAYRA,2,0,2
SHEBA,2,0,2
SHEEN,2,0,2
SHEILAH,2,0,2
SHELVIN,2,0,2
SHELY,2,0,2
SHENE,2,0,2
SHERIAN,2,0,2
SHERIDAN,2,0,2
SHERIEL,2,0,2
SHERILL,2,0,2
SHERLIN,2,0,2
SHERLINE,2,0,2
SHERLLEY,2,0,2
SHIARA,2,0,2
SHIELA,2,0,2
SHIRLE,2,0,2
SHORLIN,2,0,2
SHORLYN,2,0,2
SHOWN,2,0,2
SIANA,2,0,2
SIBRIAN,2,0,2
SIBY,2,0,2
SICRI,2,0,2
SIDEL,2,0,2
SIENA,2,0,2
SIGRI,2,0,2
SIJAM,2,0,2
SILALIDIA,2,0,2
SILAX,2,0,2
SILAZ,2,0,2
SILBERT,2,0,2
SILFRIDO,2,0,2
SILIS,2,0,2
SILKY,2,0,2
SILMAN,2,0,2
SILONI,2,0,2
SILVAINA,2,0,2
SILVANNA,2,0,2
SILVIANO,2,0,2
SIMACO,2,0,2
SIMOR,2,0,2
SINAR,2,0,2
SINDAINA,2,0,2
SINEIDA,2,0,2
SINICIA,2,0,2
SINITA,2,0,2
SINNIA,2,0,2
SINRRY,2,0,2
SINRY,2,0,2
SIONA,2,0,2
SIPRIAN,2,0,2
SIRRO,2,0,2
SIRTA,2,0,2
SISI,2,0,2
SISO,2,0,2
SISTER,2,0,2
SITRI,2,0,2
SIUGAN,2,0,2
SIUKEN,2,0,2
SIYU,2,0,2
SKARLA,2,0,2
SLUN,2,0,2
SMELY,2,0,2
SOANNY,2,0,2
SOBAIDA,2,0,2
SOCHY,2,0,2
SODELVA,2,0,2
SOFAIDA,2,0,2
SOHEIL,2,0,2
SOLBY,2,0,2
SOLE,2,0,2
SOLMEN,2,0,2
SOLOMON,2,0,2
SOLVI,2,0,2
SOLVY,2,0,2
SOLVYN,2,0,2
SOMERLED,2,0,2
SOMOZA,2,0,2
SONDEL,2,0,2
SONITA,2,0,2
SOOLBING,2,0,2
SOOR,2,0,2
SORBELINA,2,0,2
SORI,2,0,2
SOYANARA,2,0,2
SPODIAN,2,0,2
SRANDRA,2,0,2
STALEN,2,0,2
STAVELY,2,0,2
STEICY,2,0,2
STHELA,2,0,2
STIFON,2,0,2
STORLIN,2,0,2
SUAMES,2,0,2
SUANA,2,0,2
SUANKY,2,0,2
SUCI,2,0,2
SUDY,2,0,2
SUELO,2,0,2
SUEMY,2,0,2
SUEY,2,0,2
SUGA,2,0,2
SUGENNI,2,0,2
SUHEYS,2,0,2
SUJEILY,2,0,2
SUKY,2,0,2
SUL,2,0,2
SULAYA,2,0,2
SULIANA,2,0,2
SULMARINA,2,0,2
SULME,2,0,2
SULMEN,2,0,2
SUMA,2,0,2
SUMARI,2,0,2
SUMMER,2,0,2
SUN,2,0,2
SUNA,2,0,2
SURAYDA,2,0,2
SUSSI,2,0,2
SYBILL,2,0,2
SYLVIE,2,0,2
SYNDI,2,0,2
TABATA,2,0,2
TACIANA,2,0,2
TAHANIA,2,0,2
TAIRIS,2,0,2
TALI,2,0,2
TALMAGE,2,0,2
TAM,2,0,2
TAMI,2,0,2
TAMMAR,2,0,2
TANISHA,2,0,2
TANNY,2,0,2
TARA,2,0,2
TARECK,2,0,2
TARI,2,0,2
TARIN,2,0,2
TARSON,2,0,2
TARZAN,2,0,2
TAUFICK,2,0,2
TAYNOR,2,0,2
TAYRON,2,0,2
TEDI,2,0,2
TEHLMA,2,0,2
TELCIA,2,0,2
TELDY,2,0,2
TELENTINA,2,0,2
TELSI,2,0,2
TELSIA,2,0,2
TEMBELINA,2,0,2
TEMPOROSA,2,0,2
TENCY,2,0,2
TEODILA,2,0,2
TEODORE,2,0,2
TEODORINA,2,0,2
TEODORITA,2,0,2
TEOTIMO,2,0,2
TERI,2,0,2
TERIO,2,0,2
TESSLA,2,0,2
TESY,2,0,2
TEXA,2,0,2
THEDY,2,0,2
THELMIS,2,0,2
THELVINA,2,0,2
THEO,2,0,2
THERLING,2,0,2
THIMOTHY,2,0,2
THOMY,2,0,2
THYRONE,2,0,2
TIBO,2,0,2
TICHA,2,0,2
TILCIA,2,0,2
TIMAR,2,0,2
TIMPOROSA,2,0,2
TIMY,2,0,2
TING,2,0,2
TINOLITA,2,0,2
TIODOLA,2,0,2
TIRONE,2,0,2
TISHA,2,0,2
TOBY,2,0,2
TOCHA,2,0,2
TOEDORA,2,0,2
TOIME,2,0,2
TOMACITA,2,0,2
TOMAR,2,0,2
TOMOTEO,2,0,2
TORRY,2,0,2
TRACEY,2,0,2
TRASLADACION,2,0,2
TRASY,2,0,2
TRAVIS,2,0,2
TREJO,2,0,2
TREYSI,2,0,2
TRIJIDIA,2,0,2
TRIS,2,0,2
TRISIA,2,0,2
TRIUMAN,2,0,2
TULITA,2,0,2
TURINA,2,0,2
TYANA,2,0,2
UBED,2,0,2
UBENSESLAO,2,0,2
UBIS,2,0,2
UBODORO,2,0,2
UDELINDA,2,0,2
UDENCIA,2,0,2
UDY,2,0,2
UILFREDO,2,0,2
UKLIDES,2,0,2
ULA,2,0,2
ULBANA,2,0,2
ULBER,2,0,2
ULBERTA,2,0,2
ULDINA,2,0,2
ULIN,2,0,2
UMERCILDA,2,0,2
UMINILDA,2,0,2
URBIN,2,0,2
URCILIA,2,0,2
URMINIO,2,0,2
URPIANO,2,0,2
URTECHO,2,0,2
URZULO,2,0,2
USALIO,2,0,2
UTILA,2,0,2
UVA,2,0,2
UVELIO,2,0,2
UVENSESLAO,2,0,2
UVERTILA,2,0,2
UVIL,2,0,2
UVILSON,2,0,2
UZIAS,2,0,2
VALDETRUDIS,2,0,2
VALETINA,2,0,2
VANDEEN,2,0,2
VANDINE,2,0,2
VANGELINA,2,0,2
VANGELIO,2,0,2
VANNA,2,0,2
VANNI,2,0,2
VANNIA,2,0,2
VANNYA,2,0,2
VANSEAL,2,0,2
VARIS,2,0,2
VAUDELIO,2,0,2
VEBERLY,2,0,2
VECKY,2,0,2
VECY,2,0,2
VELBA,2,0,2
VELMIS,2,0,2
VELSIS,2,0,2
VELZASAR,2,0,2
VENDELL,2,0,2
VENDI,2,0,2
VENIA,2,0,2
VENISIA,2,0,2
VENO,2,0,2
VENUSTIANA,2,0,2
VENUSTIANO,2,0,2
VENVENUTO,2,0,2
VENYS,2,0,2
VERALICIA,2,0,2
VERIA,2,0,2
VERIN,2,0,2
VERLA,2,0,2
VERLENE,2,0,2
VERLY,2,0,2
VERNEY,2,0,2
VERNICE,2,0,2
VERNO,2,0,2
VERSY,2,0,2
VERTHA,2,0,2
VEYSI,2,0,2
VIACELLI,2,0,2
VIAVICENCIO,2,0,2
VIC,2,0,2
VICDONIA,2,0,2
VICENZINA,2,0,2
VICHARA,2,0,2
VICTA,2,0,2
VICTIA,2,0,2
VIDALDINO,2,0,2
VIDALIO,2,0,2
VIDCAR,2,0,2
VIDIAN,2,0,2
VIDITA,2,0,2
VIDOLINA,2,0,2
VIENNA,2,0,2
VIERY,2,0,2
VIGIL,2,0,2
VIGILIO,2,0,2
VIKKI,2,0,2
VILAMA,2,0,2
VILBA,2,0,2
VILCAR,2,0,2
VILDE,2,0,2
VILDO,2,0,2
VILIADO,2,0,2
VILIALDA,2,0,2
VILKI,2,0,2
VILLAGRAN,2,0,2
VILLAMIL,2,0,2
VILLEDA,2,0,2
VILMANIA,2,0,2
VILMO,2,0,2
VILNIE,2,0,2
VILSA,2,0,2
VILSIA,2,0,2
VILSON,2,0,2
VILVA,2,0,2
VILVIA,2,0,2
VILY,2,0,2
VIMA,2,0,2
VINI,2,0,2
VINNY,2,0,2
VIRCINIA,2,0,2
VIRGILO,2,0,2
VIRIGINIA,2,0,2
VIRTA,2,0,2
VIRTOR,2,0,2
VISABEL,2,0,2
VISMEL,2,0,2
VISTALINA,2,0,2
VITIA,2,0,2
VITILIO,2,0,2
VIVIANE,2,0,2
VIVIN,2,0,2
VOLDI,2,0,2
VRENDA,2,0,2
VYRNA,2,0,2
WACHIN,2,0,2
WADILIA,2,0,2
WADIN,2,0,2
WADYS,2,0,2
WAINER,2,0,2
WAIWAR,2,0,2
WALDAN,2,0,2
WALDHEIM,2,0,2
WALDINIA,2,0,2
WALDIRA,2,0,2
WALINTAN,2,0,2
WALKIRIAN,2,0,2
WALLER,2,0,2
WALLYS,2,0,2
WALTERINO,2,0,2
WALTERS,2,0,2
WALTIN,2,0,2
WANELITA,2,0,2
WANER,2,0,2
WANIA,2,0,2
WARDINIA,2,0,2
WARMAN,2,0,2
WASCAR,2,0,2
WASLINA,2,0,2
WAYNERIS,2,0,2
WAYRA,2,0,2
WBENCESLAO,2,0,2
WEDUIN,2,0,2
WELBYN,2,0,2
WELDAN,2,0,2
WELINGTON,2,0,2
WELNITA,2,0,2
WELQUIN,2,0,2
WELSEN,2,0,2
WELSI,2,0,2
WELVIN,2,0,2
WENCENLAO,2,0,2
WENDAL,2,0,2
WENDDY,2,0,2
WENDEEL,2,0,2
WENDLY,2,0,2
WENNER,2,0,2
WENNY,2,0,2
WENRAIT,2,0,2
WERNA,2,0,2
WESSLEY,2,0,2
WESTHER,2,0,2
WEWARD,2,0,2
WHILFREDO,2,0,2
WHUENDY,2,0,2
WILBO,2,0,2
WILDRING,2,0,2
WILFERDO,2,0,2
WILFRAN,2,0,2
WILFREDI,2,0,2
WILFREN,2,0,2
WILIVALDO,2,0,2
WILKER,2,0,2
WILLAN,2,0,2
WILLBERT,2,0,2
WILLINTON,2,0,2
WILLYAN,2,0,2
WILMEL,2,0,2
WILMES,2,0,2
WILMWE,2,0,2
WILPIDO,2,0,2
WILSA,2,0,2
WILSHON,2,0,2
WILSTON,2,0,2
WILTO,2,0,2
WILTTON,2,0,2
WILVOR,2,0,2
WINDA,2,0,2
WINDI,2,0,2
WINFIEL,2,0,2
WINGSTON,2,0,2
WINNER,2,0,2
WINNESPER,2,0,2
WINNY,2,0,2
WINSES,2,0,2
WINSISLAO,2,0,2
WINSTAN,2,0,2
WINTAN,2,0,2
WIRLIN,2,0,2
WITMAN,2,0,2
WIULMER,2,0,2
WLAMIR,2,0,2
WLATER,2,0,2
WM,2,0,2
WOLFANG,2,0,2
WOLMAN,2,0,2
WUALKIRIA,2,0,2
WUATHER,2,0,2
WUBER,2,0,2
WUENCESLADO,2,0,2
WUENDEL,2,0,2
WUILFRIDO,2,0,2
WUILIBALDO,2,0,2
WUILLAN,2,0,2
WUILNAN,2,0,2
WUILQUIN,2,0,2
WUIMER,2,0,2
WUNDY,2,0,2
WUVENCESLAO,2,0,2
XARY,2,0,2
XEYDA,2,0,2
XILIA,2,0,2
XIMENO,2,0,2
XIODIRIS,2,0,2
XIRYS,2,0,2
XISTO,2,0,2
XUAN,2,0,2
YABEL,2,0,2
YACELINA,2,0,2
YACSON,2,0,2
YADIA,2,0,2
YAIMY,2,0,2
YAJHAIRA,2,0,2
YAK,2,0,2
YALBITA,2,0,2
YALILIA,2,0,2
YALMI,2,0,2
YAM,2,0,2
YAMYS,2,0,2
YANARYS,2,0,2
YANCELITA,2,0,2
YANCO,2,0,2
YANELITA,2,0,2
YANEP,2,0,2
YANIZ,2,0,2
YANKELL,2,0,2
YANNA,2,0,2
YANQUEL,2,0,2
YANSYS,2,0,2
YAREN,2,0,2
YARITZAN,2,0,2
YARIV,2,0,2
YARLY,2,0,2
YARMINIA,2,0,2
YAROL,2,0,2
YASCARA,2,0,2
YASNA,2,0,2
YAUDI,2,0,2
YBIS,2,0,2
YECSON,2,0,2
YEFFRI,2,0,2
YEFFRYN,2,0,2
YEFRIE,2,0,2
YEIBY,2,0,2
YEIMIS,2,0,2
YEIRY,2,0,2
YELEN,2,0,2
YELIZA,2,0,2
YELKIN,2,0,2
YELMA,2,0,2
YELMI,2,0,2
YELSIRA,2,0,2
YELVIS,2,0,2
YELZON,2,0,2
YEMEN,2,0,2
YENCIE,2,0,2
YENDE,2,0,2
YENEZ,2,0,2
YENIBETH,2,0,2
YENICA,2,0,2
YENRI,2,0,2
YENRRI,2,0,2
YENRY,2,0,2
YENSE,2,0,2
YENSSI,2,0,2
YERIKA,2,0,2
YERIZ,2,0,2
YERLA,2,0,2
YERLI,2,0,2
YERLING,2,0,2
YERLINS,2,0,2
YERLYS,2,0,2
YERMAN,2,0,2
YERMIS,2,0,2
YERSI,2,0,2
YERWIN,2,0,2
YESIA,2,0,2
YESLYN,2,0,2
YESNI,2,0,2
YESNY,2,0,2
YESYKA,2,0,2
YETHY,2,0,2
YETIS,2,0,2
YEXA,2,0,2
YEXIS,2,0,2
YEXSI,2,0,2
YEYBYN,2,0,2
YEYMIN,2,0,2
YEYMIS,2,0,2
YEYNI,2,0,2
YHONIS,2,0,2
YHONNY,2,0,2
YICELL,2,0,2
YILBIS,2,0,2
YILDIZ,2,0,2
YILLIAM,2,0,2
YILVER,2,0,2
YIMES,2,0,2
YINMER,2,0,2
YINMI,2,0,2
YINNA,2,0,2
YISCENIA,2,0,2
YISI,2,0,2
YNDIRA,2,0,2
YNGRID,2,0,2
YOAMY,2,0,2
YOCSI,2,0,2
YODAILA,2,0,2
YOGAN,2,0,2
YOGEN,2,0,2
YOGENES,2,0,2
YOHARA,2,0,2
YOIS,2,0,2
YOISE,2,0,2
YOJANYS,2,0,2
YOJER,2,0,2
YOLEY,2,0,2
YOLIA,2,0,2
YOLMEN,2,0,2
YOLMIN,2,0,2
YOLYN,2,0,2
YOMNI,2,0,2
YONAISY,2,0,2
YONDY,2,0,2
YONEN,2,0,2
YONIY,2,0,2
YONJER,2,0,2
YONSIS,2,0,2
YONSO,2,0,2
YORBI,2,0,2
YORCINA,2,0,2
YORDAN,2,0,2
YORENTIN,2,0,2
YORI,2,0,2
YORIN,2,0,2
YORK,2,0,2
YORKLENY,2,0,2
YORMA,2,0,2
YOSAINA,2,0,2
YOSER,2,0,2
YOSSI,2,0,2
YSAAC,2,0,2
YSIDORA,2,0,2
YUBLI,2,0,2
YUCI,2,0,2
YUDDY,2,0,2
YUDEN,2,0,2
YUDIA,2,0,2
YUDIAN,2,0,2
YUDIH,2,0,2
YUGNI,2,0,2
YULA,2,0,2
YULER,2,0,2
YULIOR,2,0,2
YULMIN,2,0,2
YULMY,2,0,2
YUMAN,2,0,2
YUNAICY,2,0,2
YUNDIS,2,0,2
YUNELA,2,0,2
YUNIORS,2,0,2
YUNIY,2,0,2
YUNIZ,2,0,2
YURA,2,0,2
YURGEN,2,0,2
YURIK,2,0,2
YURIZ,2,0,2
YUSME,2,0,2
YUSMIN,2,0,2
YUSTIN,2,0,2
YUTAN,2,0,2
YUTELY,2,0,2
YUVIS,2,0,2
YVO,2,0,2
ZAGLA,2,0,2
ZAIRI,2,0,2
ZAIRO,2,0,2
ZAIRY,2,0,2
ZAMAEL,2,0,2
ZAMIA,2,0,2
ZARON,2,0,2
ZAYDY,2,0,2
ZEIDI,2,0,2
ZEIN,2,0,2
ZELIM,2,0,2
ZELIX,2,0,2
ZELMAN,2,0,2
ZELMIRA,2,0,2
ZELVIN,2,0,2
ZELYN,2,0,2
ZENNIA,2,0,2
ZENYA,2,0,2
ZETA,2,0,2
ZEVERINO,2,0,2
ZEYRA,2,0,2
ZHAO,2,0,2
ZHENYA,2,0,2
ZIAD,2,0,2
ZIDIA,2,0,2
ZILIA,2,0,2
ZILMA,2,0,2
ZIMRI,2,0,2
ZIMRY,2,0,2
ZINGRID,2,0,2
ZINIE,2,0,2
ZOEE,2,0,2
ZOETH,2,0,2
ZOHIRA,2,0,2
ZOILA GRACIELA,2,0,2
ZOILA SEGUNDA,2,0,2
ZONIE,2,0,2
ZORA,2,0,2
ZUCEL,2,0,2
ZUHA,2,0,2
ZULEMIA,2,0,2
ZUNA,2,0,2
ZUNIA,2,0,2
ZUREYA,2,0,2
ZURIA,2,0,2
ZURISADDAI,2,0,2
ZYLA,2,0,2
ZYNTHIA,2,0,2
DE JESUS,0,1,1
LUSILA,0,1,1
NOMBRE,0,1,1
ROSA,0,1,1
RUTHLWINA,0,1,1
WILFREDO,0,1,1
O BRIAN,0,1,1
YAMILETH,0,1,1
BETULIO,0,1,1
ENRIQUE,0,1,1
EULOGIA,0,1,1
FREDO,0,1,1
RODEMEN,0,1,1
SANDIBAR,0,1,1
SUYAPA,0,1,1
JOSE,0,1,1
YAELI,0,1,1
AEMOM,0,1,1
PETRONILA,0,1,1
ALCIDES,0,1,1
ALEXANDER,0,1,1
AACELY,0,1,1
AADOLFO,0,1,1
AADRIL,0,1,1
AALONZO,0,1,1
AANTONIO,0,1,1
AARGENTINA,0,1,1
AARMANDO,0,1,1
AARON ERIQUE,0,1,1
AATON,0,1,1
AAYDEE,0,1,1
ABAB,0,1,1
ABACUB,0,1,1
ABACUR,0,1,1
ABACUS,0,1,1
ABACUTH,0,1,1
ABAD DE JESUS,0,1,1
ABADD,0,1,1
ABADECIS,0,1,1
ABADED,0,1,1
ABADER,0,1,1
ABADESSA,0,1,1
ABADEZ,0,1,1
ABADEZZA,0,1,1
ABADIC,0,1,1
ABADOR,0,1,1
ABAGA,0,1,1
ABAHAIL,0,1,1
ABAL,0,1,1
ABALDINO,0,1,1
ABALESCA,0,1,1
ABALIS,0,1,1
ABALUZ,0,1,1
ABAMILEC,0,1,1
ABAMILETH,0,1,1
ABANA,0,1,1
ABANDO,0,1,1
ABANER,0,1,1
ABANY,0,1,1
ABAO,0,1,1
ABARECIA,0,1,1
ABARIAS,0,1,1
ABARO,0,1,1
ABARUC,0,1,1
ABAS,0,1,1
ABAUD,0,1,1
ABAYARDO,0,1,1
ABAZ,0,1,1
ABBAT,0,1,1
ABBERTO,0,1,1
ABBET,0,1,1
ABBISAI,0,1,1
ABBOTS,0,1,1
ABBSSANDRI,0,1,1
ABD,0,1,1
ABDALLAH JAHA,0,1,1
ABDALLANH,0,1,1
ABDDEL,0,1,1
ABDEL KADDER,0,1,1
ABDENIA,0,1,1
ABDIER,0,1,1
ABDILEB,0,1,1
ABDOLIO,0,1,1
ABDOMILA,0,1,1
ABDONIA,0,1,1
ABDOOL,0,1,1
ABDOR,0,1,1
ABDORIN,0,1,1
ABDOU,0,1,1
ABDUIAS,0,1,1
ABDUL FRANCISCO,0,1,1
ABDUVAL,0,1,1
ABECINA,0,1,1
ABEDI,0,1,1
ABEDIZ,0,1,1
ABEDO,0,1,1
ABEDYS,0,1,1
ABEK,0,1,1
ABEL',0,1,1
ABEL ABDEL,0,1,1
ABEL AIDE,0,1,1
ABEL ANGEL,0,1,1
ABEL ANTONIO,0,1,1
ABELARADO,0,1,1
ABELARDE,0,1,1
ABELARDINO,0,1,1
ABELARIO,0,1,1
ABELENDA,0,1,1
ABELINDI,0,1,1
ABELINE,0,1,1
ABELIRDES,0,1,1
ABELISA,0,1,1
ABELITA,0,1,1
ABELITZA,0,1,1
ABELIX,0,1,1
ABELIXIA,0,1,1
ABELLANEH,0,1,1
ABELO,0,1,1
ABELSIO,0,1,1
ABELYA,0,1,1
ABEMAEL,0,1,1
ABEMELEC,0,1,1
ABEMILE,0,1,1
ABEMILETH,0,1,1
ABEMILEX,0,1,1
ABENID,0,1,1
ABENIU,0,1,1
ABENIZ,0,1,1
ABERALI,0,1,1
ABERDAN,0,1,1
ABERGIDA,0,1,1
ABERI,0,1,1
ABERLE,0,1,1
ABERLIN,0,1,1
ABERNEGO,0,1,1
ABERNETH,0,1,1
ABERSIS,0,1,1
ABERSTO,0,1,1
ABERT,0,1,1
ABERTILIA,0,1,1
ABESAHI,0,1,1
ABESAID,0,1,1
ABESAIDA,0,1,1
ABESAIN,0,1,1
ABESARIO,0,1,1
ABETULIA,0,1,1
ABETY,0,1,1
ABEXABETH,0,1,1
ABEXAIDA,0,1,1
ABI HAIL,0,1,1
ABIAL,0,1,1
ABIAR,0,1,1
ABIBEL,0,1,1
ABICELI,0,1,1
ABIDAL,0,1,1
ABIDEYRE,0,1,1
ABIDGAID,0,1,1
ABIEN,0,1,1
ABIGAHEL,0,1,1
ABIGAI,0,1,1
ABIGAILDA,0,1,1
ABIGAIN,0,1,1
ABIGALINA,0,1,1
ABIGANEY,0,1,1
ABIGNAEL,0,1,1
ABIGSAI,0,1,1
ABIHAEL,0,1,1
ABIHEI,0,1,1
ABIKAHIL,0,1,1
ABILDO,0,1,1
ABILDOR,0,1,1
ABILEC,0,1,1
ABILET,0,1,1
ABILETH,0,1,1
ABILEX,0,1,1
ABILGAI,0,1,1
ABILLO,0,1,1
ABIMASEL,0,1,1
ABIMEL,0,1,1
ABIMELE,0,1,1
ABIMELEK,0,1,1
ABIMELES,0,1,1
ABIMELEXI,0,1,1
ABIMILED,0,1,1
ABIMILET,0,1,1
ABIMILIC,0,1,1
ABIMLEC,0,1,1
ABINA,0,1,1
ABINABAD,0,1,1
ABINADY,0,1,1
ABINAIL,0,1,1
ABINAVEL,0,1,1
ABINDA,0,1,1
ABINHAEL,0,1,1
ABIRNAEL,0,1,1
ABISA,0,1,1
ABISAC,0,1,1
ABISAE,0,1,1
ABISAHIL,0,1,1
ABISAIAS,0,1,1
ABISY,0,1,1
ABKINS,0,1,1
ABNELI,0,1,1
ABNERY,0,1,1
ABNET,0,1,1
ABNIER,0,1,1
ABOD,0,1,1
ABODULIO,0,1,1
ABOGADES,0,1,1
ABOL,0,1,1
ABOLAN,0,1,1
ABOLDO,0,1,1
ABOLI,0,1,1
ABONERGES,0,1,1
ABRA,0,1,1
ABRAH,0,1,1
ABRAHAAM,0,1,1
ABRAHAM MOICES,0,1,1
ABRAHAMIDAS,0,1,1
ABRAHAMS,0,1,1
ABRAHAN  RAMON,0,1,1
ABRAHAN ALBERTO,0,1,1
ABRAHAN WILLIAM,0,1,1
ABRALM,0,1,1
ABRE,0,1,1
ABREL,0,1,1
ABRELIANA,0,1,1
ABRENET,0,1,1
ABRHAMS,0,1,1
ABRIAN,0,1,1
ABRICELIA,0,1,1
ABRIDAN,0,1,1
ABRISTEL,0,1,1
ABRONICIO,0,1,1
ABRORA,0,1,1
ABSAEL,0,1,1
ABSOLIE,0,1,1
ABSTALINA,0,1,1
ABSTINENCIA,0,1,1
ABSZALON,0,1,1
ABTEDESIA,0,1,1
ABUDILIO,0,1,1
ABULEY,0,1,1
ABULL,0,1,1
ABUNIO,0,1,1
ABYGAIL,0,1,1
ABYU,0,1,1
ACABEDO,0,1,1
ACACIANA,0,1,1
ACALAZAN,0,1,1
ACBINA,0,1,1
ACCEL,0,1,1
ACCIDE,0,1,1
ACCIDEZ,0,1,1
ACCILI,0,1,1
ACCION,0,1,1
ACCSARVI,0,1,1
ACDAUL,0,1,1
ACDEA,0,1,1
ACDEMIR,0,1,1
ACDENIA,0,1,1
ACDES,0,1,1
ACDIDES,0,1,1
ACDILIA,0,1,1
ACDONA,0,1,1
ACDONI,0,1,1
ACDONY,0,1,1
ACDUBAL,0,1,1
ACDUL,0,1,1
ACDULD,0,1,1
ACDUNIO,0,1,1
ACEBES,0,1,1
ACEDES,0,1,1
ACEITUNO,0,1,1
ACEL,0,1,1
ACELSOR,0,1,1
ACEMA,0,1,1
ACENA,0,1,1
ACENIA,0,1,1
ACERE,0,1,1
ACEVEDO,0,1,1
ACEVEZ,0,1,1
ACGIMI,0,1,1
ACHILLE,0,1,1
ACHUDELY,0,1,1
ACIADEE,0,1,1
ACID,0,1,1
ACIELO,0,1,1
ACILIO,0,1,1
ACINZAR,0,1,1
ACIRES,0,1,1
ACISTO,0,1,1
ACKIM,0,1,1
ACKLEY,0,1,1
ACLAE,0,1,1
ACLAYVA,0,1,1
ACLIRES,0,1,1
ACMED,0,1,1
ACSENIS,0,1,1
ACSOVIX,0,1,1
ACTALIA,0,1,1
ACTINIA,0,1,1
ACTRIZ,0,1,1
ACTURO,0,1,1
ACUBINA,0,1,1
ACZIB,0,1,1
ACZUBY,0,1,1
ADA  LEISY,0,1,1
ADA ALICIA,0,1,1
ADA BETI,0,1,1
ADA CELINA,0,1,1
ADA EDITH,0,1,1
ADA ELENA,0,1,1
ADA EVA,0,1,1
ADA LETICIA,0,1,1
ADA LETT,0,1,1
ADA LINA,0,1,1
ADA LIZETH,0,1,1
ADA MIRIAN,0,1,1
ADA NUVIA,0,1,1
ADA ONDINA,0,1,1
ADA VEIVA,0,1,1
ADAËA,0,1,1
ADAB,0,1,1
ADABEIDA,0,1,1
ADABER,0,1,1
ADABESY,0,1,1
ADABETIS,0,1,1
ADAC,0,1,1
ADACELIA,0,1,1
ADACELIS,0,1,1
ADACELLIS,0,1,1
ADADAY,0,1,1
ADADENIA,0,1,1
ADADILIA,0,1,1
ADAEIDE,0,1,1
ADAEL,0,1,1
ADAELSY,0,1,1
ADAELY,0,1,1
ADAGRIEL,0,1,1
ADAHAN,0,1,1
ADAHIR,0,1,1
ADAIANA,0,1,1
ADAIDA,0,1,1
ADAILA,0,1,1
ADAIREZ,0,1,1
ADAK,0,1,1
ADAL AMIVAR,0,1,1
ADALBA,0,1,1
ADALBERTI,0,1,1
ADALBERTIS,0,1,1
ADALBERTO BANI,0,1,1
ADALBERTO VELIZ,0,1,1
ADALDINA,0,1,1
ADALDO,0,1,1
ADALECXIS,0,1,1
ADALED,0,1,1
ADALEDY,0,1,1
ADALEICI,0,1,1
ADALEIOIG,0,1,1
ADALEIVA,0,1,1
ADALESI,0,1,1
ADALETH,0,1,1
ADALEY,0,1,1
ADALEYMA,0,1,1
ADALEYSI DENEYS,0,1,1
ADALGICSA,0,1,1
ADALGIPSIA,0,1,1
ADALGITA,0,1,1
ADALHITZA,0,1,1
ADALIBIDA,0,1,1
ADALIC,0,1,1
ADALICI,0,1,1
ADALICXA,0,1,1
ADALICYS,0,1,1
ADALID ESTELA,0,1,1
ADALIEL,0,1,1
ADALIMA,0,1,1
ADALINDA SUYAPA,0,1,1
ADALIRIO,0,1,1
ADALISEC,0,1,1
ADALISIO,0,1,1
ADALIXT,0,1,1
ADALIYD,0,1,1
ADALIZA,0,1,1
ADALJICIA,0,1,1
ADALLIZA,0,1,1
ADALMARY,0,1,1
ADALMILTON,0,1,1
ADALQUISA,0,1,1
ADALSIO,0,1,1
ADALSO,0,1,1
ADALSON,0,1,1
ADALTO,0,1,1
ADALUP,0,1,1
ADALUX,0,1,1
ADALYL,0,1,1
ADALYN,0,1,1
ADAMA,0,1,1
ADAMANTINA,0,1,1
ADAMARIS,0,1,1
ADAMARY,0,1,1
ADAMBERTO,0,1,1
ADAMBUR,0,1,1
ADAMECK,0,1,1
ADAMERIN,0,1,1
ADAMIA,0,1,1
ADAMIAN,0,1,1
ADAMIC,0,1,1
ADAMIL,0,1,1
ADAMILETH,0,1,1
ADAMIRIAM,0,1,1
ADAMIRIANS,0,1,1
ADAN ABEL,0,1,1
ADAN ALBINO,0,1,1
ADANADIS,0,1,1
ADANAEL,0,1,1
ADANAY,0,1,1
ADANBERTO,0,1,1
ADANELYN,0,1,1
ADANERI,0,1,1
ADANERIN,0,1,1
ADANETH,0,1,1
ADANIBAL,0,1,1
ADANID,0,1,1
ADANILDO,0,1,1
ADANIO,0,1,1
ADANLID,0,1,1
ADANO,0,1,1
ADANYS,0,1,1
ADARATH,0,1,1
ADARLENY,0,1,1
ADARLINA,0,1,1
ADARLINDA,0,1,1
ADARMIDIA,0,1,1
ADARMIRA,0,1,1
ADARRUT,0,1,1
ADARUTH,0,1,1
ADARVIN,0,1,1
ADARY,0,1,1
ADASI,0,1,1
ADASMIN,0,1,1
ADATIVA,0,1,1
ADATZON,0,1,1
ADAVAD,0,1,1
ADAYANI,0,1,1
ADAYLENA,0,1,1
ADAYNA,0,1,1
ADBA,0,1,1
ADBANI,0,1,1
ADBEED,0,1,1
ADBELA,0,1,1
ADBERDY,0,1,1
ADBERTINA,0,1,1
ADBINCULA,0,1,1
ADDALI,0,1,1
ADDALID,0,1,1
ADDALY,0,1,1
ADDANARY,0,1,1
ADDELY,0,1,1
ADDET,0,1,1
ADDIELT,0,1,1
ADDIT,0,1,1
ADDONIE,0,1,1
ADDORES,0,1,1
ADDUBIN,0,1,1
ADEALBERTO,0,1,1
ADEANNE,0,1,1
ADEBELIA,0,1,1
ADEBI,0,1,1
ADECEL,0,1,1
ADECSER,0,1,1
ADECSI,0,1,1
ADEGMA,0,1,1
ADEIDE,0,1,1
ADEINE,0,1,1
ADEISE,0,1,1
ADEITHA,0,1,1
ADELA DEL CARME,0,1,1
ADELAILA,0,1,1
ADELAIRA,0,1,1
ADELBINA,0,1,1
ADELBIS,0,1,1
ADELELMO,0,1,1
ADELFIRA,0,1,1
ADELHEID,0,1,1
ADELIA MARITSA,0,1,1
ADELIE,0,1,1
ADELILIA,0,1,1
ADELINA DEL CAR,0,1,1
ADELINDES,0,1,1
ADELISAY,0,1,1
ADELITH,0,1,1
ADELIX,0,1,1
ADELIXA,0,1,1
ADELIXI,0,1,1
ADELLA,0,1,1
ADELME,0,1,1
ADELMO',0,1,1
ADELMO ADELI,0,1,1
ADELMON,0,1,1
ADELNIA,0,1,1
ADELSA ISABEL,0,1,1
ADELSIS,0,1,1
ADELSO ANTONIO,0,1,1
ADELVIS,0,1,1
ADELYDA,0,1,1
ADEMILDA,0,1,1
ADENAQUER,0,1,1
ADENAUER,0,1,1
ADENAY,0,1,1
ADENEL,0,1,1
ADENILSO,0,1,1
ADENOR,0,1,1
ADENUAER,0,1,1
ADENVAEZ,0,1,1
ADEP,0,1,1
ADERAILA,0,1,1
ADERICA,0,1,1
ADERMA,0,1,1
ADERMI,0,1,1
ADERMINIA,0,1,1
ADERMO,0,1,1
ADESH,0,1,1
ADESLANDES,0,1,1
ADESMIN,0,1,1
ADESMO,0,1,1
ADESSA,0,1,1
ADETINA,0,1,1
ADETTE,0,1,1
ADEXI,0,1,1
ADEXY,0,1,1
ADEYDE,0,1,1
ADEYDO,0,1,1
ADEYSY,0,1,1
ADGANY,0,1,1
ADGNER,0,1,1
ADGUIN,0,1,1
ADHOLGISSA,0,1,1
ADIACENIA,0,1,1
ADIALINDA,0,1,1
ADIANA,0,1,1
ADIBAN,0,1,1
ADIBER,0,1,1
ADICELDA,0,1,1
ADICIO,0,1,1
ADICSON,0,1,1
ADICTO,0,1,1
ADIDBERTO,0,1,1
ADIDTA,0,1,1
ADIESON,0,1,1
ADIFONZA,0,1,1
ADIGAIL,0,1,1
ADIKH,0,1,1
ADILBERT,0,1,1
ADILCE,0,1,1
ADILCER,0,1,1
ADILED,0,1,1
ADILEE,0,1,1
ADILEMIA,0,1,1
ADILENA,0,1,1
ADILES,0,1,1
ADILEY,0,1,1
ADILFIA,0,1,1
ADILIA BLANCA,0,1,1
ADILIA DOLORES,0,1,1
ADILMER,0,1,1
ADILMO,0,1,1
ADILTA,0,1,1
ADILZO,0,1,1
ADIMANDINA,0,1,1
ADIMILETH,0,1,1
ADIMS,0,1,1
ADINAH,0,1,1
ADINARDA,0,1,1
ADINELDIA,0,1,1
ADINIS,0,1,1
ADINNA,0,1,1
ADINOL,0,1,1
ADINS,0,1,1
ADIR,0,1,1
ADIRCA,0,1,1
ADIRCIA,0,1,1
ADIRO,0,1,1
ADISANDER,0,1,1
ADISIMACO,0,1,1
ADISON,0,1,1
ADISTERE,0,1,1
ADITER,0,1,1
ADITLES,0,1,1
ADITZA,0,1,1
ADIVIN,0,1,1
ADJAMIT,0,1,1
ADJELY,0,1,1
ADLABERTO,0,1,1
ADLAID,0,1,1
ADLER RAQUEL,0,1,1
ADLID,0,1,1
ADLIRIO,0,1,1
ADLYN,0,1,1
ADMANDO,0,1,1
ADMEKS,0,1,1
ADMET,0,1,1
ADMIDA,0,1,1
ADMINDO,0,1,1
ADMIRA,0,1,1
ADMIRACION,0,1,1
ADMIRCAR,0,1,1
ADMIRIO,0,1,1
ADMIRY,0,1,1
ADNEDA,0,1,1
ADNER JERZAN,0,1,1
ADNERIS,0,1,1
ADNES,0,1,1
ADNIRAN,0,1,1
ADOALBERTO,0,1,1
ADOCSAR,0,1,1
ADOCTINA,0,1,1
ADODANIN,0,1,1
ADOGNY,0,1,1
ADOLANDO,0,1,1
ADOLANIN,0,1,1
ADOLANY,0,1,1
ADOLBERTO,0,1,1
ADOLEO,0,1,1
ADOLFO BAUTISTA,0,1,1
ADOLFO CRUZ,0,1,1
ADOLFO ENRIQUE,0,1,1
ADOLFO MORAZAN,0,1,1
ADOLGAR,0,1,1
ADOLICIA,0,1,1
ADOLIRAN,0,1,1
ADOLNALDO,0,1,1
ADOLO,0,1,1
ADOLORISA,0,1,1
ADOLP,0,1,1
ADOLPHOUS,0,1,1
ADOLVIN,0,1,1
ADOLYN,0,1,1
ADOMIRAN,0,1,1
ADOMIS,0,1,1
ADOMO,0,1,1
ADONA,0,1,1
ADONAGER,0,1,1
ADONAHY,0,1,1
ADONAIDE,0,1,1
ADONAIRE,0,1,1
ADONAIT,0,1,1
ADONALBA,0,1,1
ADONAR,0,1,1
ADONARIA,0,1,1
ADONAT,0,1,1
ADONATILA,0,1,1
ADONAY ALCIDES,0,1,1
ADONDINA,0,1,1
ADONELIO,0,1,1
ADONELY,0,1,1
ADONERY,0,1,1
ADONEZ,0,1,1
ADONIAL,0,1,1
ADONIC,0,1,1
ADONICIO,0,1,1
ADONIEE,0,1,1
ADONIHAS,0,1,1
ADONIRON,0,1,1
ADONIS MANUEL,0,1,1
ADONISEDEC,0,1,1
ADONISS,0,1,1
ADONO,0,1,1
ADONOI,0,1,1
ADONOY,0,1,1
ADOPH,0,1,1
ADORACIOM,0,1,1
ADORCAS,0,1,1
ADORGIDA,0,1,1
ADORLYN,0,1,1
ADORO,0,1,1
ADORVIN,0,1,1
ADORY,0,1,1
ADOULFUART,0,1,1
ADOVENIS,0,1,1
ADQUIMIRES,0,1,1
ADRAMALEC,0,1,1
ADREBIL,0,1,1
ADRENA,0,1,1
ADRIAN EFRAIN,0,1,1
ADRIAN JOSE,0,1,1
ADRIAN OSCAR,0,1,1
ADRIANA DE JESU,0,1,1
ADRICELA,0,1,1
ADRID,0,1,1
ADRIER,0,1,1
ADRIL,0,1,1
ADRIONETH,0,1,1
ADRUGAL,0,1,1
ADRULFO,0,1,1
ADSMA BETY,0,1,1
ADTERIO,0,1,1
ADUAIN,0,1,1
ADUANY,0,1,1
ADUBAR,0,1,1
ADUBAY,0,1,1
ADUBERTO,0,1,1
ADUID,0,1,1
ADULANY,0,1,1
ADULCARIN,0,1,1
ADULFA,0,1,1
ADULFEROS,0,1,1
ADULI,0,1,1
ADUNAY,0,1,1
ADUWER,0,1,1
ADVERIA,0,1,1
ADVITRUDES,0,1,1
ADYANI,0,1,1
ADYLI,0,1,1
ADYNA ISABEL,0,1,1
ADYNSON,0,1,1
ADYT,0,1,1
AEDOMILIA,0,1,1
AEL,0,1,1
AELI,0,1,1
AELIDA,0,1,1
AELIN,0,1,1
AELISABET,0,1,1
AELLYNE,0,1,1
AELSI,0,1,1
AELXANDER,0,1,1
AENA,0,1,1
AENI,0,1,1
AERENIA,0,1,1
AERITO,0,1,1
AEROLY,0,1,1
AEROPAGA,0,1,1
AERY,0,1,1
AESPERANZA,0,1,1
AEXANDER,0,1,1
AEYDE,0,1,1
AFELIA,0,1,1
AFELIO,0,1,1
AFET,0,1,1
AFFERSON,0,1,1
AFFIF,0,1,1
AFID,0,1,1
AFITH,0,1,1
AFONZO,0,1,1
AFRADICIO,0,1,1
AFRADITA,0,1,1
AFREEN,0,1,1
AFREN,0,1,1
AFROCINA,0,1,1
AFRODAY,0,1,1
AFRODESIS,0,1,1
AFRODI,0,1,1
AFRODIGIO,0,1,1
AFRUDY,0,1,1
AFSALON,0,1,1
AFTRIDA,0,1,1
AGAFITO,0,1,1
AGAI,0,1,1
AGALID,0,1,1
AGALTEL,0,1,1
AGAPETO,0,1,1
AGAPIO,0,1,1
AGAPITA DE LA C,0,1,1
AGAPITO  ISMAEL,0,1,1
AGART,0,1,1
AGARTHA,0,1,1
AGATHER,0,1,1
AGATILA,0,1,1
AGDALA,0,1,1
AGDALINA,0,1,1
AGDANI,0,1,1
AGDE,0,1,1
AGDIAS,0,1,1
AGDIEL,0,1,1
AGDONATO,0,1,1
AGDONIA,0,1,1
AGDONIO,0,1,1
AGDORO,0,1,1
AGEDERDO,0,1,1
AGELIA,0,1,1
AGHNETA,0,1,1
AGICELA,0,1,1
AGIGAIL,0,1,1
AGLACELIA,0,1,1
AGLADETH,0,1,1
AGLAEL,0,1,1
AGLINITO,0,1,1
AGMELETH,0,1,1
AGMILIO,0,1,1
AGNAR,0,1,1
AGNELIZ,0,1,1
AGNEST,0,1,1
AGNOLIA,0,1,1
AGOTONA,0,1,1
AGRACIELI,0,1,1
AGRARIA,0,1,1
AGRARIO,0,1,1
AGRASELY,0,1,1
AGRASELYS,0,1,1
AGRECELIZ,0,1,1
AGREGACION,0,1,1
AGRELIO,0,1,1
AGRENIO,0,1,1
AGREOPACITA,0,1,1
AGRESEL,0,1,1
AGRICERIO,0,1,1
AGRIMALDA,0,1,1
AGRINO,0,1,1
AGRIPILA,0,1,1
AGRIPINA MARCOS,0,1,1
AGRIPINY,0,1,1
AGRISEL,0,1,1
AGTA,0,1,1
AGUARIAS,0,1,1
AGUDELIA,0,1,1
AGUEDA DE JESUS,0,1,1
AGUEDA OLIMPIA,0,1,1
AGUEDA VIRGINIA,0,1,1
AGUENDIS,0,1,1
AGUIDIO,0,1,1
AGUILETH,0,1,1
AGUILEX,0,1,1
AGUILIMO,0,1,1
AGUILIZ,0,1,1
AGUILLERMINA DE,0,1,1
AGUILNALDO,0,1,1
AGUINELDA,0,1,1
AGUIRALDO,0,1,1
AGUIRIANO,0,1,1
AGUIRREEMERITA,0,1,1
AGUISEL,0,1,1
AGUISMALDO,0,1,1
AGUR,0,1,1
AGUSMALDO,0,1,1
AGUSTAR,0,1,1
AGUSTAS,0,1,1
AGUSTIANO,0,1,1
AGUSTIN B,0,1,1
AGUSTIN DE LA L,0,1,1
AGUSTINA PIORY,0,1,1
AGUSTINI,0,1,1
AGUSTINOS,0,1,1
AGUSTINUS,0,1,1
AGUSTO CESAR,0,1,1
AHABRAN,0,1,1
AHARHEL,0,1,1
AHBRAN,0,1,1
AHERY,0,1,1
AHIBA,0,1,1
AHICETA,0,1,1
AHIDED,0,1,1
AHIEZEZ,0,1,1
AHIMILEC,0,1,1
AHINOAM,0,1,1
AHIZA,0,1,1
AHIZEL,0,1,1
AHIZER,0,1,1
AHMEED,0,1,1
AHOLY,0,1,1
AHONAL,0,1,1
AHONO,0,1,1
AHORA,0,1,1
AHORALY,0,1,1
AHORTA,0,1,1
AHOVANNY,0,1,1
AHOVARE,0,1,1
AHRON,0,1,1
AHUA,0,1,1
AHUDELINA,0,1,1
AHUDI,0,1,1
AHUDIZALAN,0,1,1
AHUDREY,0,1,1
AHUMER,0,1,1
AHUNEL,0,1,1
AHURELIO,0,1,1
AIBAR,0,1,1
AICELI,0,1,1
AICIDES,0,1,1
AIDA ADMIRABLE,0,1,1
AIDA AMPARO,0,1,1
AIDA AZUCENA,0,1,1
AIDA DONATILA,0,1,1
AIDA FRANCISCA,0,1,1
AIDA LICET,0,1,1
AIDA YOLANDA,0,1,1
AIDARA,0,1,1
AIDAS,0,1,1
AIDE ARACELI,0,1,1
AIDE DE JESUS,0,1,1
AIDE ESPERANZA,0,1,1
AIDE RAMONA,0,1,1
AIDEA,0,1,1
AIDEC,0,1,1
AIDELINDA,0,1,1
AIDENCY,0,1,1
AIDME,0,1,1
AIDOLY,0,1,1
AIDYN,0,1,1
AIELLO,0,1,1
AIJUN,0,1,1
AIL,0,1,1
AILCIA,0,1,1
AILE,0,1,1
AILED,0,1,1
AILENE,0,1,1
AILLIN,0,1,1
AILOM,0,1,1
AIMAEL,0,1,1
AIMME,0,1,1
AINN,0,1,1
AINSLEY,0,1,1
AINTHY,0,1,1
AIRALDI,0,1,1
AIRALDINA,0,1,1
AIREY,0,1,1
AIRIOS,0,1,1
AIROCEMA,0,1,1
AIRONES,0,1,1
AIROSEMA,0,1,1
AIRTO,0,1,1
AIRUD,0,1,1
AITA,0,1,1
AIXDALIA,0,1,1
AIXIRE,0,1,1
AIYDE,0,1,1
AIYME,0,1,1
AJAX,0,1,1
AJESTER,0,1,1
AJEXCENIA,0,1,1
AJIAS,0,1,1
AJIB,0,1,1
AJIL,0,1,1
AJUDITH,0,1,1
AJUSTINA,0,1,1
AL CID,0,1,1
ALACIEL,0,1,1
ALACK,0,1,1
ALADI,0,1,1
ALADID,0,1,1
ALADITH,0,1,1
ALAI,0,1,1
ALAJANDRINA,0,1,1
ALAL,0,1,1
ALALI,0,1,1
ALALY,0,1,1
ALAMAN,0,1,1
ALAMAR,0,1,1
ALAMEDA,0,1,1
ALAMID,0,1,1
ALAMIRO,0,1,1
ALAMN,0,1,1
ALAN RODER,0,1,1
ALANDA,0,1,1
ALANDI,0,1,1
ALANDRES,0,1,1
ALANED,0,1,1
ALANI,0,1,1
ALANLLON,0,1,1
ALARIA,0,1,1
ALARICO,0,1,1
ALASELIS,0,1,1
ALASSMAN,0,1,1
ALASTIANA,0,1,1
ALASTON,0,1,1
ALATIEL,0,1,1
ALAUVI,0,1,1
ALAVAN,0,1,1
ALAXENDER,0,1,1
ALAY,0,1,1
ALAYNES,0,1,1
ALAZAR,0,1,1
ALBA  BESIA,0,1,1
ALBA ARACELY,0,1,1
ALBA AZUCENA,0,1,1
ALBA CONCEPCION,0,1,1
ALBA CORINA,0,1,1
ALBA DALILA,0,1,1
ALBA DEL CARMEN,0,1,1
ALBA DIGNA,0,1,1
ALBA DORIS,0,1,1
ALBA EMELINA,0,1,1
ALBA FRANCISCA,0,1,1
ALBA HORTENCIA,0,1,1
ALBA IRIS,0,1,1
ALBA ISABEL,0,1,1
ALBA JOVITA,0,1,1
ALBA LILA,0,1,1
ALBA LORENA,0,1,1
ALBA LUZ AZUCEN,0,1,1
ALBA MIRIAM,0,1,1
ALBA REYES,0,1,1
ALBA SIMONA,0,1,1
ALBA SONIA,0,1,1
ALBA SUSANA,0,1,1
ALBA SUYAPA,0,1,1
ALBA TIRZA,0,1,1
ALBA VICTORIA,0,1,1
ALBA YOLANDA,0,1,1
ALBAAN,0,1,1
ALBAHAN,0,1,1
ALBALUX,0,1,1
ALBANINGA,0,1,1
ALBANIZ,0,1,1
ALBANOR,0,1,1
ALBARID,0,1,1
ALBATROSS,0,1,1
ALBBERTO,0,1,1
ALBEDA,0,1,1
ALBEDINA,0,1,1
ALBEIRO,0,1,1
ALBELI,0,1,1
ALBELIO,0,1,1
ALBELTRAN,0,1,1
ALBENIO,0,1,1
ALBERA,0,1,1
ALBERBIS,0,1,1
ALBERDIN,0,1,1
ALBERLINA,0,1,1
ALBERLIS,0,1,1
ALBERONY,0,1,1
ALBERRO,0,1,1
ALBERSI,0,1,1
ALBERSIO,0,1,1
ALBERT CARLIE,0,1,1
ALBERT NORMAN,0,1,1
ALBERT SLOCAM,0,1,1
ALBERTA MARIA,0,1,1
ALBERTHO,0,1,1
ALBERTIC,0,1,1
ALBERTINA DE JE,0,1,1
ALBERTO ATANACI,0,1,1
ALBERTO ELIAS,0,1,1
ALBERTO F,0,1,1
ALBERTO GUSTAVO,0,1,1
ALBERTO HERCULE,0,1,1
ALBERTO JOSE,0,1,1
ALBERTO JUNIOR,0,1,1
ALBERTO L,0,1,1
ALBERTO LEON,0,1,1
ALBERTO LORENZO,0,1,1
ALBERTO MARINO,0,1,1
ALBERTO NERI,0,1,1
ALBERTO OVIDIO,0,1,1
ALBERTO PEDRO,0,1,1
ALBERTO REYES,0,1,1
ALBERTO TADEO,0,1,1
ALBERTO TULES,0,1,1
ALBERTON,0,1,1
ALBERTOSI,0,1,1
ALBERTOSSY,0,1,1
ALBERTT,0,1,1
ALBES OMAR,0,1,1
ALBESTA,0,1,1
ALBET,0,1,1
ALBETRUDIS,0,1,1
ALBIA,0,1,1
ALBIAN,0,1,1
ALBICIA,0,1,1
ALBILIO,0,1,1
ALBIM,0,1,1
ALBIMA,0,1,1
ALBINA DE JESUS,0,1,1
ALBINA SALVADOR,0,1,1
ALBINDA,0,1,1
ALBINIA,0,1,1
ALBINIS,0,1,1
ALBINTAN,0,1,1
ALBIRA,0,1,1
ALBIRO,0,1,1
ALBIS DE LA PAZ,0,1,1
ALBITO,0,1,1
ALBIZ,0,1,1
ALBOSTH,0,1,1
ALBRETI,0,1,1
ALBRETO,0,1,1
ALBRIS,0,1,1
ALBRY,0,1,1
ALBUDY,0,1,1
ALBURY,0,1,1
ALCANDIA,0,1,1
ALCANTARES,0,1,1
ALCANTARO,0,1,1
ALCANTERES,0,1,1
ALCANTOR,0,1,1
ALCARESE,0,1,1
ALCARME,0,1,1
ALCEDE,0,1,1
ALCENER,0,1,1
ALCENORA,0,1,1
ALCESI,0,1,1
ALCESTHER,0,1,1
ALCIBIADIS,0,1,1
ALCIDAS,0,1,1
ALCIDES ISABEL,0,1,1
ALCIDES TOMAS,0,1,1
ALCIDI,0,1,1
ALCIDIZ,0,1,1
ALCIDS,0,1,1
ALCIDY,0,1,1
ALCIEDES,0,1,1
ALCINA,0,1,1
ALCINDO,0,1,1
ALCIR,0,1,1
ALCIRA DE JESUS,0,1,1
ALCIRUS,0,1,1
ALCIRY,0,1,1
ALCIT,0,1,1
ALCOBY,0,1,1
ALCOHA,0,1,1
ALCON,0,1,1
ALCSANDER,0,1,1
ALCYERI,0,1,1
ALDA LETICIA,0,1,1
ALDA LIDIA,0,1,1
ALDALI,0,1,1
ALDAMARIS,0,1,1
ALDANERI,0,1,1
ALDANIE,0,1,1
ALDEBAR,0,1,1
ALDEENIE,0,1,1
ALDELFONZA,0,1,1
ALDELKY,0,1,1
ALDELMINIA,0,1,1
ALDEMIA,0,1,1
ALDENA,0,1,1
ALDERCY,0,1,1
ALDERSON,0,1,1
ALDERTY,0,1,1
ALDERZAN,0,1,1
ALDESIA,0,1,1
ALDHEMAR,0,1,1
ALDIAZ,0,1,1
ALDIBAR,0,1,1
ALDIBER,0,1,1
ALDIBET,0,1,1
ALDICENDA,0,1,1
ALDID,0,1,1
ALDIDELIO,0,1,1
ALDIG,0,1,1
ALDILFONSO,0,1,1
ALDINORA,0,1,1
ALDIOMAR,0,1,1
ALDIVET,0,1,1
ALDIVIL,0,1,1
ALDIVIN,0,1,1
ALDO JOSE,0,1,1
ALDO RENIERI,0,1,1
ALDOBER,0,1,1
ALDOFINA,0,1,1
ALDOLFIDO,0,1,1
ALDOMAN,0,1,1
ALDONI,0,1,1
ALDRAMINA,0,1,1
ALDRE,0,1,1
ALDRIE,0,1,1
ALDRINA,0,1,1
ALDRUAN,0,1,1
ALDRUBAS,0,1,1
ALDRUBER,0,1,1
ALDRUDES,0,1,1
ALDRUMAN,0,1,1
ALDRUVEL,0,1,1
ALDRUVIN,0,1,1
ALDUBAL,0,1,1
ALDUBAS,0,1,1
ALDUBIK,0,1,1
ALDUBINIA,0,1,1
ALDUI,0,1,1
ALDUMER,0,1,1
ALDUNIE,0,1,1
ALDUVA,0,1,1
ALDUVAY,0,1,1
ALDUVER,0,1,1
ALDUVIS,0,1,1
ALDUVIT,0,1,1
ALDYNE,0,1,1
ALEANDER,0,1,1
ALEASER,0,1,1
ALEB,0,1,1
ALEBIN,0,1,1
ALECCITO,0,1,1
ALECDER,0,1,1
ALECICIS,0,1,1
ALECID,0,1,1
ALECSANIA,0,1,1
ALECSE,0,1,1
ALECSENDER,0,1,1
ALECSES,0,1,1
ALECSIZ,0,1,1
ALECXANDER,0,1,1
ALECY,0,1,1
ALECZI,0,1,1
ALEDAY,0,1,1
ALEDILIO,0,1,1
ALEDITH,0,1,1
ALEDSANDER,0,1,1
ALEES,0,1,1
ALEEXI,0,1,1
ALEGANDRA,0,1,1
ALEGITA,0,1,1
ALEGOS,0,1,1
ALEHANDRINA,0,1,1
ALEHIDA,0,1,1
ALEHSIS,0,1,1
ALEHT,0,1,1
ALEIBIADES,0,1,1
ALEICES,0,1,1
ALEICY,0,1,1
ALEIDE,0,1,1
ALEIMELAC,0,1,1
ALEIN,0,1,1
ALEITHA,0,1,1
ALEIXANDER,0,1,1
ALEIYDA,0,1,1
ALEIZE,0,1,1
ALEJADNRO,0,1,1
ALEJAMDRINA,0,1,1
ALEJAND,0,1,1
ALEJANDRAINA,0,1,1
ALEJANDRI,0,1,1
ALEJANDRIA,0,1,1
ALEJANDRO CESAR,0,1,1
ALEJNADRO,0,1,1
ALEKSI,0,1,1
ALEKSIS,0,1,1
ALEKXE,0,1,1
ALELEX,0,1,1
ALENCY,0,1,1
ALENDRA,0,1,1
ALENDRINA,0,1,1
ALENIN,0,1,1
ALENIX,0,1,1
ALENJANDRO,0,1,1
ALENNA,0,1,1
ALENORE,0,1,1
ALENSANDER,0,1,1
ALEPCIS,0,1,1
ALEPSANDRE,0,1,1
ALEPSIS,0,1,1
ALERANDER,0,1,1
ALERDAN,0,1,1
ALERGIO,0,1,1
ALERIS,0,1,1
ALERSI,0,1,1
ALERTON,0,1,1
ALESADRE,0,1,1
ALESANDREZ,0,1,1
ALESBIN,0,1,1
ALESCI,0,1,1
ALESKY,0,1,1
ALESQUY,0,1,1
ALESSANDRI,0,1,1
ALESSANDRY,0,1,1
ALESTENIA,0,1,1
ALESTHER,0,1,1
ALESTON,0,1,1
ALESVIN,0,1,1
ALETCI,0,1,1
ALETCY,0,1,1
ALETSANDRA,0,1,1
ALETTE,0,1,1
ALETXANDER,0,1,1
ALEVIA,0,1,1
ALEVIVI,0,1,1
ALEVY,0,1,1
ALEX ALBERTO,0,1,1
ALEX ANDER,0,1,1
ALEX ANTONIO,0,1,1
ALEX LINDER,0,1,1
ALEX MERIDAN,0,1,1
ALEX RENE,0,1,1
ALEX YOVANI,0,1,1
ALEXAHI,0,1,1
ALEXAI,0,1,1
ALEXANA,0,1,1
ALEXANDE,0,1,1
ALEXANDEER,0,1,1
ALEXANDER',0,1,1
ALEXANDER  N,0,1,1
ALEXANDER BALAD,0,1,1
ALEXANDER RAMON,0,1,1
ALEXANDRY,0,1,1
ALEXANI,0,1,1
ALEXAUDES,0,1,1
ALEXCE,0,1,1
ALEXCES,0,1,1
ALEXCISIS,0,1,1
ALEXEE,0,1,1
ALEXEIEV,0,1,1
ALEXENA,0,1,1
ALEXESI,0,1,1
ALEXESY,0,1,1
ALEXEYEVA,0,1,1
ALEXEYEVISH,0,1,1
ALEXHY,0,1,1
ALEXI JEOVANY,0,1,1
ALEXI SALOMON,0,1,1
ALEXIANA,0,1,1
ALEXIER,0,1,1
ALEXILIAR,0,1,1
ALEXIN,0,1,1
ALEXIOS,0,1,1
ALEXIS DE JESUS,0,1,1
ALEXIS EUGENIO,0,1,1
ALEXIS HUMBERTO,0,1,1
ALEXIS LETICIA,0,1,1
ALEXIS ORLANDO,0,1,1
ALEXIS RAMON,0,1,1
ALEXIS RICARDO,0,1,1
ALEXIS SANTIAGO,0,1,1
ALEXIS YOANIA,0,1,1
ALEXIS YOVANI,0,1,1
ALEXIS YOVANNI,0,1,1
ALEXISI,0,1,1
ALEXISS,0,1,1
ALEXKY,0,1,1
ALEXLI,0,1,1
ALEXNADER,0,1,1
ALEXNIS,0,1,1
ALEXSANDREX,0,1,1
ALEXSIY,0,1,1
ALEXXS,0,1,1
ALEXYZ,0,1,1
ALEXZANDES,0,1,1
ALEXZENI,0,1,1
ALEXZO,0,1,1
ALEXZON,0,1,1
ALEYANDRE,0,1,1
ALEYDER,0,1,1
ALEYDI LETICIA,0,1,1
ALEYMIN,0,1,1
ALEYMIS,0,1,1
ALEYNIS,0,1,1
ALEYSANDRO,0,1,1
ALEYSE,0,1,1
ALEYSIE,0,1,1
ALEZCE,0,1,1
ALEZI,0,1,1
ALEZON,0,1,1
ALEZTENIA,0,1,1
ALFA ARELY,0,1,1
ALFABIO,0,1,1
ALFEDO,0,1,1
ALFERDO,0,1,1
ALFFREDO,0,1,1
ALFHONSO,0,1,1
ALFIAS,0,1,1
ALFIDIO,0,1,1
ALFIERI,0,1,1
ALFINO,0,1,1
ALFIRA,0,1,1
ALFON,0,1,1
ALFONCITA,0,1,1
ALFONSINA DEL R,0,1,1
ALFONSO ANTONIO,0,1,1
ALFONSO DE MARI,0,1,1
ALFONSO MARIA,0,1,1
ALFONSO OBED,0,1,1
ALFONSO OTILIO,0,1,1
ALFONSO\\,0,1,1
ALFONSOS,0,1,1
ALFONZINA,0,1,1
ALFOZO,0,1,1
ALFRAITA,0,1,1
ALFREADO,0,1,1
ALFREDEZ,0,1,1
ALFREDITA,0,1,1
ALFREDIZ,0,1,1
ALFREDO DE J,0,1,1
ALFREDO DE JESU,0,1,1
ALFREDO MISAEL,0,1,1
ALFREDO YOVANNI,0,1,1
ALFREDOO,0,1,1
ALFREDP,0,1,1
ALFREDRO,0,1,1
ALFREIS,0,1,1
ALFRESIS,0,1,1
ALFRID,0,1,1
ALFRIDA,0,1,1
ALFRIDO,0,1,1
ALGADO,0,1,1
ALGARALES,0,1,1
ALGARDO,0,1,1
ALGELA,0,1,1
ALGELDRI,0,1,1
ALGESIRA,0,1,1
ALGETRUDIS,0,1,1
ALGHISI,0,1,1
ALGIDA,0,1,1
ALGIDER,0,1,1
ALGIMIR,0,1,1
ALGISA,0,1,1
ALGOL,0,1,1
ALGRACIA,0,1,1
ALGREDO,0,1,1
ALGUEDAS,0,1,1
ALGUIRY,0,1,1
ALHI,0,1,1
ALIANO,0,1,1
ALIAQUIN,0,1,1
ALIAZER,0,1,1
ALIBETH,0,1,1
ALICCEX,0,1,1
ALICEK,0,1,1
ALICELI,0,1,1
ALICEMA,0,1,1
ALICENA,0,1,1
ALICENDA,0,1,1
ALICETY,0,1,1
ALICIA ADONAYDA,0,1,1
ALICIA CAROL,0,1,1
ALICIA CAROLINA,0,1,1
ALICIA LORENA,0,1,1
ALICIA MARIA,0,1,1
ALICIA PASTORA,0,1,1
ALICIA RAQUEL,0,1,1
ALICIA SUSANA,0,1,1
ALICIA SUYAPA,0,1,1
ALICIA VERONICA,0,1,1
ALICIE ROSALIE,0,1,1
ALICITA,0,1,1
ALICSELBY,0,1,1
ALIDEC,0,1,1
ALIDET,0,1,1
ALIDOBERTO,0,1,1
ALIEKSIEVNA,0,1,1
ALIELI,0,1,1
ALIENAI,0,1,1
ALIETH,0,1,1
ALIFF,0,1,1
ALIGDA,0,1,1
ALIH,0,1,1
ALIHIERI,0,1,1
ALIJANDRINA,0,1,1
ALIK,0,1,1
ALILCAR,0,1,1
ALILCIA,0,1,1
ALILEX,0,1,1
ALILEY,0,1,1
ALILLER,0,1,1
ALIME,0,1,1
ALIMELEX,0,1,1
ALIMI,0,1,1
ALINDO,0,1,1
ALINE YARIN,0,1,1
ALINERS,0,1,1
ALINGTON,0,1,1
ALINJANIN,0,1,1
ALINOR,0,1,1
ALINTHON,0,1,1
ALINTLER,0,1,1
ALINTO,0,1,1
ALION,0,1,1
ALIONKA,0,1,1
ALIONSA,0,1,1
ALIPA,0,1,1
ALIPI,0,1,1
ALIRIO DE JESUS,0,1,1
ALIRION,0,1,1
ALIRIX,0,1,1
ALISABETH,0,1,1
ALISADAR,0,1,1
ALISAI,0,1,1
ALISE,0,1,1
ALISEC,0,1,1
ALISED,0,1,1
ALISENDER,0,1,1
ALISENIA,0,1,1
ALISES,0,1,1
ALISEZ,0,1,1
ALISHA,0,1,1
ALISI,0,1,1
ALISIS,0,1,1
ALISSA,0,1,1
ALISSETH,0,1,1
ALISSIS,0,1,1
ALITEX,0,1,1
ALITHA,0,1,1
ALITRUDIS,0,1,1
ALIVEN,0,1,1
ALIVIO,0,1,1
ALIXANDRO,0,1,1
ALIXBEL,0,1,1
ALIXEC,0,1,1
ALIXENDA,0,1,1
ALIXET,0,1,1
ALIXETH,0,1,1
ALIXIO,0,1,1
ALIXN,0,1,1
ALIXSANDRO,0,1,1
ALIXSET,0,1,1
ALIYERY,0,1,1
ALIZABA,0,1,1
ALIZANDER,0,1,1
ALIZANDRA,0,1,1
ALIZDEL,0,1,1
ALIZEET,0,1,1
ALIZEL,0,1,1
ALIZES,0,1,1
ALIZETE,0,1,1
ALIZITH,0,1,1
ALIZONA,0,1,1
ALJENOR,0,1,1
ALKAANA,0,1,1
ALKENIA,0,1,1
ALL,0,1,1
ALLAD,0,1,1
ALLAHIN,0,1,1
ALLAINE,0,1,1
ALLAMAE,0,1,1
ALLAN IVAN,0,1,1
ALLARD,0,1,1
ALLAWY,0,1,1
ALLELY,0,1,1
ALLEMBY,0,1,1
ALLENBAY,0,1,1
ALLENBY,0,1,1
ALLENLY,0,1,1
ALLENSEN,0,1,1
ALLENYIMI,0,1,1
ALLERY,0,1,1
ALLESA,0,1,1
ALLEXI,0,1,1
ALLEXIS,0,1,1
ALLFREDO,0,1,1
ALLI JOSE,0,1,1
ALLICE,0,1,1
ALLICIA,0,1,1
ALLIGHIERI,0,1,1
ALLILIS,0,1,1
ALLINBY,0,1,1
ALLIS YORYANA,0,1,1
ALLIVI,0,1,1
ALLIZON,0,1,1
ALLLANIRA,0,1,1
ALLONY,0,1,1
ALMA ESPERANZA,0,1,1
ALMA ESTELA,0,1,1
ALMA JANETH,0,1,1
ALMA NATIVIDAD,0,1,1
ALMA OLIMPIA,0,1,1
ALMA ONDINA,0,1,1
ALMA ROSA,0,1,1
ALMA RUTH,0,1,1
ALMABETH,0,1,1
ALMADILIA,0,1,1
ALMADINA,0,1,1
ALMADO,0,1,1
ALMADY,0,1,1
ALMAIRA,0,1,1
ALMAL,0,1,1
ALMANELY,0,1,1
ALMANTA,0,1,1
ALMAYDA,0,1,1
ALME,0,1,1
ALMEDES,0,1,1
ALMEE,0,1,1
ALMELARDO,0,1,1
ALMENA,0,1,1
ALMENCER,0,1,1
ALMENGOL,0,1,1
ALMENGOS,0,1,1
ALMENTINA,0,1,1
ALMERA,0,1,1
ALMERGOD,0,1,1
ALMERIS,0,1,1
ALMIDAN,0,1,1
ALMIDETH,0,1,1
ALMILA,0,1,1
ALMILEN,0,1,1
ALMINTA,0,1,1
ALMIRIANY,0,1,1
ALMIRUDIS,0,1,1
ALMONELY,0,1,1
ALMULDINA,0,1,1
ALMUNIA,0,1,1
ALNABEL,0,1,1
ALNFONSO,0,1,1
ALNIBAR,0,1,1
ALNIDER,0,1,1
ALNOLDO,0,1,1
ALNURFO,0,1,1
ALOA,0,1,1
ALODI,0,1,1
ALODIS,0,1,1
ALODY,0,1,1
ALOFNSO,0,1,1
ALOFONSO,0,1,1
ALONAHEL,0,1,1
ALONAY,0,1,1
ALONCO,0,1,1
ALONDIA,0,1,1
ALONSO ESTUARDO,0,1,1
ALONSO RENE,0,1,1
ALONSO SALOMON,0,1,1
ALONZO ADALYD,0,1,1
ALONZO ORTIZ,0,1,1
ALOVA,0,1,1
ALOVAN,0,1,1
ALOVICHAS,0,1,1
ALOYDINA,0,1,1
ALOYSIUS,0,1,1
ALOZO,0,1,1
ALPERT,0,1,1
ALPHONSO,0,1,1
ALPINIO,0,1,1
ALPINO,0,1,1
ALPINTA,0,1,1
ALQUILME,0,1,1
ALQUIMER,0,1,1
ALQUIMIDEZ,0,1,1
ALQUIMINES,0,1,1
ALQUITAR,0,1,1
ALRECK,0,1,1
ALRICH,0,1,1
ALRICK,0,1,1
ALRIE,0,1,1
ALROY,0,1,1
ALSAD,0,1,1
ALSAZAR,0,1,1
ALSECIO,0,1,1
ALSELIO,0,1,1
ALSELMO,0,1,1
ALSELSA,0,1,1
ALSENIO,0,1,1
ALSIAN,0,1,1
ALSID,0,1,1
ALSIDIS,0,1,1
ALSINORI,0,1,1
ALSIR,0,1,1
ALSIRES,0,1,1
ALSIS,0,1,1
ALSISTER,0,1,1
ALSURIS,0,1,1
ALSYRA,0,1,1
ALTA ROSA,0,1,1
ALTABY,0,1,1
ALTAGRADER,0,1,1
ALTAHIR,0,1,1
ALTALINA,0,1,1
ALTALY,0,1,1
ALTANIA,0,1,1
ALTEBERTA,0,1,1
ALTEGRIS,0,1,1
ALTELMA,0,1,1
ALTENIDA,0,1,1
ALTER,0,1,1
ALTIA,0,1,1
ALTIMO,0,1,1
ALTMOND,0,1,1
ALTOBELI,0,1,1
ALTRAGACIA,0,1,1
ALUCIO,0,1,1
ALUCIY,0,1,1
ALUCRIANO,0,1,1
ALUIN,0,1,1
ALUMINIA,0,1,1
ALURDINO,0,1,1
ALURENCY,0,1,1
ALUS,0,1,1
ALUVIN,0,1,1
ALVA  ANGELICA,0,1,1
ALVA AMPARO,0,1,1
ALVA ANGELA,0,1,1
ALVA ELENA,0,1,1
ALVA ESPERANZA,0,1,1
ALVA ESTELY,0,1,1
ALVA NURIA,0,1,1
ALVADOR,0,1,1
ALVALEE,0,1,1
ALVALUZ,0,1,1
ALVAMELIA,0,1,1
ALVANEZ,0,1,1
ALVANIS,0,1,1
ALVANO,0,1,1
ALVANZA,0,1,1
ALVARENGA,0,1,1
ALVARIC,0,1,1
ALVARITA,0,1,1
ALVAZER,0,1,1
ALVENEGO,0,1,1
ALVENEL,0,1,1
ALVENIZ,0,1,1
ALVERNIE,0,1,1
ALVERTINA IRENE,0,1,1
ALVES,0,1,1
ALVEY,0,1,1
ALVIDES,0,1,1
ALVIDIA,0,1,1
ALVIEL,0,1,1
ALVIRES,0,1,1
ALVIREZ,0,1,1
ALVY,0,1,1
ALWAY,0,1,1
ALXANDRES,0,1,1
ALYANIRA,0,1,1
ALYANIS,0,1,1
ALYE,0,1,1
ALYEN,0,1,1
ALYERLY,0,1,1
ALYERO,0,1,1
ALYIKE,0,1,1
ALYUBANY,0,1,1
ALYXA,0,1,1
ALZESTER,0,1,1
ALZIBIADES,0,1,1
AM,0,1,1
AMABELA,0,1,1
AMABELIS,0,1,1
AMABELL,0,1,1
AMABELY,0,1,1
AMABERTO,0,1,1
AMABILIS,0,1,1
AMABRI,0,1,1
AMACIA,0,1,1
AMACIAS,0,1,1
AMADA ELENA,0,1,1
AMADA FELIPA,0,1,1
AMADA LIDIA,0,1,1
AMADA PASTORA,0,1,1
AMADA ZULEIRA,0,1,1
AMADALIN,0,1,1
AMADAY,0,1,1
AMADEC,0,1,1
AMADELI,0,1,1
AMADELIS,0,1,1
AMADENCIO,0,1,1
AMADESA,0,1,1
AMADIEL,0,1,1
AMADILETH,0,1,1
AMADITA,0,1,1
AMADO MANUEL,0,1,1
AMADYS,0,1,1
AMAELY,0,1,1
AMAFALDA,0,1,1
AMAFRY,0,1,1
AMAGRIS,0,1,1
AMAHEL,0,1,1
AMAHELIA,0,1,1
AMAIDENY,0,1,1
AMAINZA,0,1,1
AMALEK,0,1,1
AMALEXY,0,1,1
AMALEZ,0,1,1
AMALFIN,0,1,1
AMALIA MARIVEL,0,1,1
AMALIS,0,1,1
AMALTI,0,1,1
AMANDA DEL CARM,0,1,1
AMANDA DEYSI,0,1,1
AMANDA LETICIA,0,1,1
AMANDA MIRES,0,1,1
AMANDA NOHEMY,0,1,1
AMANDIS,0,1,1
AMANECER,0,1,1
AMANIA,0,1,1
AMANSIO,0,1,1
AMANSIS,0,1,1
AMANZZIO,0,1,1
AMARDA,0,1,1
AMARDINA,0,1,1
AMAREL,0,1,1
AMARELI,0,1,1
AMARENTE,0,1,1
AMARGOTH,0,1,1
AMARICELA,0,1,1
AMARIDIS,0,1,1
AMARILEX,0,1,1
AMARILIIS,0,1,1
AMARILLA,0,1,1
AMARINDA,0,1,1
AMARIS,0,1,1
AMARIVIS,0,1,1
AMARLENY,0,1,1
AMARTA,0,1,1
AMARUTH,0,1,1
AMARYLIS,0,1,1
AMATALIA,0,1,1
AMAUEL,0,1,1
AMAUGRIS,0,1,1
AMAUL,0,1,1
AMAVELL,0,1,1
AMAVY,0,1,1
AMAXA,0,1,1
AMAYSA,0,1,1
AMAZINE,0,1,1
AMBERTA,0,1,1
AMBINA,0,1,1
AMBOCIO,0,1,1
AMBOSTINE,0,1,1
AMBROCIA CONCEP,0,1,1
AMBROSE,0,1,1
AMBROSIO H,0,1,1
AMCELI,0,1,1
AMEBELIA,0,1,1
AMEDO,0,1,1
AMEED,0,1,1
AMEEDD,0,1,1
AMELDIN,0,1,1
AMELDOR,0,1,1
AMELET,0,1,1
AMELFY,0,1,1
AMELI,0,1,1
AMELIA MARIA,0,1,1
AMELIA VANESSA,0,1,1
AMELIANA,0,1,1
AMELIBAN,0,1,1
AMELIC,0,1,1
AMELINO,0,1,1
AMELION,0,1,1
AMELIU,0,1,1
AMELIZA,0,1,1
AMELL,0,1,1
AMELLE,0,1,1
AMELSE,0,1,1
AMENA,0,1,1
AMENADAD,0,1,1
AMENHOTEP,0,1,1
AMENOFIS,0,1,1
AMERCA,0,1,1
AMERIAN,0,1,1
AMERICA MAGDALE,0,1,1
AMERICA MARIA,0,1,1
AMERICA SUYAPA,0,1,1
AMERICIO,0,1,1
AMERILDO,0,1,1
AMERITINA,0,1,1
AMERTO,0,1,1
AMEXTA,0,1,1
AMGEL,0,1,1
AMIBERTA,0,1,1
AMICIA,0,1,1
AMICIS,0,1,1
AMICTA,0,1,1
AMIDIO,0,1,1
AMIGDA,0,1,1
AMIGDALI,0,1,1
AMIGDALIA,0,1,1
AMILADIS,0,1,1
AMILANIA,0,1,1
AMILBER,0,1,1
AMILCA,0,1,1
AMILCAAR,0,1,1
AMILCAR  DANILO,0,1,1
AMILCAR ALEXI,0,1,1
AMILCAR ANGEL,0,1,1
AMILCAR JEOVANY,0,1,1
AMILCAR JOEL,0,1,1
AMILDAR,0,1,1
AMILGAR,0,1,1
AMILIANA,0,1,1
AMILSO,0,1,1
AMILSON,0,1,1
AMILTHON,0,1,1
AMILVAR,0,1,1
AMILZA,0,1,1
AMINABAR,0,1,1
AMINABEK,0,1,1
AMINABET,0,1,1
AMINATH,0,1,1
AMINDA DE JESUS,0,1,1
AMINE,0,1,1
AMINITA,0,1,1
AMINRA,0,1,1
AMINTA  MARINA,0,1,1
AMINTA DE JESUS,0,1,1
AMINTA MARINA,0,1,1
AMINTHA,0,1,1
AMIRIDA,0,1,1
AMIRIO,0,1,1
AMIRNA,0,1,1
AMIRTA,0,1,1
AMIRTALINA,0,1,1
AMISABAD,0,1,1
AMISANDAY,0,1,1
AMISARAY,0,1,1
AMISDONIA,0,1,1
AMISELDA,0,1,1
AMISSIS,0,1,1
AMITDA,0,1,1
AMITELH,0,1,1
AMIUD,0,1,1
AMIVELEC,0,1,1
AMIVELECT,0,1,1
AMIXADAY,0,1,1
AMIXAR,0,1,1
AMLIA,0,1,1
AMMANUEL,0,1,1
AMMEBILET,0,1,1
AMMERIS,0,1,1
AMMONIO,0,1,1
AMN,0,1,1
AM-N,0,1,1
AMNEL,0,1,1
AMNERY,0,1,1
AMNETH,0,1,1
AMNETT,0,1,1
AMNICIA,0,1,1
AMNTONIA,0,1,1
AMNUEL,0,1,1
AMOBONO,0,1,1
AMODA,0,1,1
AMOLEC,0,1,1
AMOLFIN,0,1,1
AMORA,0,1,1
AMORES,0,1,1
AMPARO AMBROSIA,0,1,1
AMPARO DONAIRA,0,1,1
AMPARO IDUVINA,0,1,1
AMPARO PATRICIA,0,1,1
AMPERATRIS,0,1,1
AMPRI,0,1,1
AMREL,0,1,1
AMRIQUETA,0,1,1
AMRLENE,0,1,1
AMSELA,0,1,1
AMSTRAM,0,1,1
AMSTRONG,0,1,1
AMSY,0,1,1
AMTONIO,0,1,1
AMUNDIO,0,1,1
AMURI,0,1,1
AMYHEL,0,1,1
ANA    JULIA,0,1,1
ANA   LIZETH,0,1,1
ANA  LUZ,0,1,1
ANA  MARIBEL,0,1,1
ANA  MARLEN,0,1,1
ANA  RUTH,0,1,1
ANA  SUYAPA,0,1,1
ANA ADIL,0,1,1
ANA ADILIA,0,1,1
ANA AGUSTINA,0,1,1
ANA ALBA,0,1,1
ANA AMERICA,0,1,1
ANA ARELI,0,1,1
ANA ARGELIA,0,1,1
ANA BELINDA,0,1,1
ANA BELY,0,1,1
ANA BESY,0,1,1
ANA BETIS,0,1,1
ANA BETTY,0,1,1
ANA BETY,0,1,1
ANA BRIGIDA,0,1,1
ANA CLARA,0,1,1
ANA CLETA,0,1,1
ANA CRISTINA,0,1,1
ANA DE LIS,0,1,1
ANA DELIS,0,1,1
ANA EDA,0,1,1
ANA ELENA,0,1,1
ANA ELIA,0,1,1
ANA ELODIA,0,1,1
ANA EMELINA,0,1,1
ANA EUGENIA,0,1,1
ANA GIL,0,1,1
ANA GLORIA,0,1,1
ANA HELY,0,1,1
ANA IDIA,0,1,1
ANA ISLADA,0,1,1
ANA IVES,0,1,1
ANA IZEL,0,1,1
ANA IZELL,0,1,1
ANA IZZEL,0,1,1
ANA JESUS,0,1,1
ANA JOAQUINA,0,1,1
ANA JORGE,0,1,1
ANA JUDIT,0,1,1
ANA LETICIA,0,1,1
ANA LEYSI,0,1,1
ANA LIA,0,1,1
ANA LICIA,0,1,1
ANA LILIA,0,1,1
ANA LILY,0,1,1
ANA LINA,0,1,1
ANA LLENCY,0,1,1
ANA LUCRECIA,0,1,1
ANA LUDIS,0,1,1
ANA MARIBEL,0,1,1
ANA MARITZA,0,1,1
ANA MARLEN,0,1,1
ANA MEY,0,1,1
ANA RODIMIRO,0,1,1
ANA ROGELIA,0,1,1
ANA ROMELIA,0,1,1
ANA RUT,0,1,1
ANA SILVIA,0,1,1
ANA SOLEDAD,0,1,1
ANA SUSANA,0,1,1
ANA TELMA,0,1,1
ANA THELMA,0,1,1
ANA TURNEL,0,1,1
ANA VALENTINA,0,1,1
ANA VENTURA,0,1,1
ANA VESSY,0,1,1
ANA VIVA,0,1,1
ANA ZOILA,0,1,1
ANAAVEL,0,1,1
ANAB ELL,0,1,1
ANABANO,0,1,1
ANABEC,0,1,1
ANABECIL,0,1,1
ANABECY,0,1,1
ANABELIX,0,1,1
ANABELLI,0,1,1
ANABELTH,0,1,1
ANABETHY,0,1,1
ANABETI,0,1,1
ANABEXI,0,1,1
ANABEYS,0,1,1
ANABIL,0,1,1
ANABIM,0,1,1
ANABIN,0,1,1
ANACCIMIDES,0,1,1
ANACEDI,0,1,1
ANACEIL,0,1,1
ANACELIN,0,1,1
ANACELIS,0,1,1
ANACETH,0,1,1
ANADA,0,1,1
ANADALBERTO,0,1,1
ANADALY,0,1,1
ANADELCY,0,1,1
ANADELSI,0,1,1
ANADELVIA,0,1,1
ANADELYS,0,1,1
ANADESTA,0,1,1
ANADEX,0,1,1
ANADEYDA,0,1,1
ANADEZNA,0,1,1
ANADIEL,0,1,1
ANADILSE,0,1,1
ANADIT,0,1,1
ANADONY,0,1,1
ANAEDA,0,1,1
ANAELIS,0,1,1
ANAELL,0,1,1
ANAELMO,0,1,1
ANAELSI,0,1,1
ANAEM,0,1,1
ANAFELIA,0,1,1
ANAFREDY,0,1,1
ANAGALY,0,1,1
ANAGENIS,0,1,1
ANAGLETA,0,1,1
ANAHAY,0,1,1
ANAHELKA,0,1,1
ANAHORIA,0,1,1
ANAHUALTH,0,1,1
ANAIBET,0,1,1
ANAICELY,0,1,1
ANAICENIS,0,1,1
ANAIDEE,0,1,1
ANAIRIA,0,1,1
ANAISE,0,1,1
ANAITZA,0,1,1
ANAIVIS,0,1,1
ANAIYN,0,1,1
ANAIZEL,0,1,1
ANAIZZEL,0,1,1
ANAJANCY,0,1,1
ANALADY,0,1,1
ANALCEY,0,1,1
ANALECY,0,1,1
ANALEISIS,0,1,1
ANALEN,0,1,1
ANALENA,0,1,1
ANALFI,0,1,1
ANALIBETH,0,1,1
ANALIBIA,0,1,1
ANALICIS,0,1,1
ANALILIAN,0,1,1
ANALISETH,0,1,1
ANALITH,0,1,1
ANALIYA,0,1,1
ANALIZEL,0,1,1
ANALIZET,0,1,1
ANALIZZETH,0,1,1
ANALLIBE,0,1,1
ANALSI,0,1,1
ANALUISA,0,1,1
ANALYN,0,1,1
ANALYS,0,1,1
ANALYTH,0,1,1
ANAMABEL,0,1,1
ANAMINIO,0,1,1
ANAMY,0,1,1
ANANEL,0,1,1
ANANELI,0,1,1
ANANIM,0,1,1
ANANRY,0,1,1
ANANSTACIO,0,1,1
ANANUVIA,0,1,1
ANAQUELIN,0,1,1
ANARDI,0,1,1
ANARDY,0,1,1
ANARE,0,1,1
ANAREITHA,0,1,1
ANAREL,0,1,1
ANARELA MARIA,0,1,1
ANARGELIO,0,1,1
ANARIBAR,0,1,1
ANARIBES,0,1,1
ANARICEL,0,1,1
ANARID,0,1,1
ANARILIZ,0,1,1
ANARIN,0,1,1
ANARIVAL,0,1,1
ANARIVAS,0,1,1
ANARROZA,0,1,1
ANASAR,0,1,1
ANASARIO,0,1,1
ANASELIN,0,1,1
ANASENIA,0,1,1
ANASES,0,1,1
ANASILVIA,0,1,1
ANASOY,0,1,1
ANASTAC IO,0,1,1
ANASTACIANO,0,1,1
ANASTACIO PASTO,0,1,1
ANASTASIOS,0,1,1
ANASTHASIA,0,1,1
ANATACIO,0,1,1
ANATAHEL,0,1,1
ANATALCO,0,1,1
ANATALINA,0,1,1
ANATELIA,0,1,1
ANATERIO,0,1,1
ANATIEL,0,1,1
ANATILO,0,1,1
ANATOLA,0,1,1
ANATOLI,0,1,1
ANATOLY,0,1,1
ANATORIA,0,1,1
ANAUD,0,1,1
ANAVELIO,0,1,1
ANAVELY,0,1,1
ANAVETT,0,1,1
ANAVID,0,1,1
ANAVILETH,0,1,1
ANAVILIA,0,1,1
ANAWART MOAMMER,0,1,1
ANAWAT,0,1,1
ANAXIMANDRO,0,1,1
ANAYANAI,0,1,1
ANAYANCIY,0,1,1
ANAYCELI,0,1,1
ANAYDE,0,1,1
ANAYENCE,0,1,1
ANAYME,0,1,1
ANAYTEE,0,1,1
ANBELINO,0,1,1
ANBROCIA,0,1,1
ANCANGEL,0,1,1
ANCARGEL,0,1,1
ANCARLOS,0,1,1
ANCARNACION,0,1,1
ANCAROL,0,1,1
ANCELETA,0,1,1
ANCELMY,0,1,1
ANCENI,0,1,1
ANCENOR,0,1,1
ANCENY,0,1,1
ANCHANETH,0,1,1
ANCISAR,0,1,1
ANCLETO,0,1,1
ANDADINA,0,1,1
ANDALE,0,1,1
ANDALECIO,0,1,1
ANDALICIO,0,1,1
ANDALID,0,1,1
ANDALINA,0,1,1
ANDALL,0,1,1
ANDAMARI,0,1,1
ANDAR,0,1,1
ANDARA,0,1,1
ANDARE,0,1,1
ANDAREZ,0,1,1
ANDDONYS,0,1,1
ANDEHUT,0,1,1
ANDELCI,0,1,1
ANDELCY,0,1,1
ANDELIK,0,1,1
ANDELIN,0,1,1
ANDELJO,0,1,1
ANDELMO,0,1,1
ANDEMARY,0,1,1
ANDENA,0,1,1
ANDENCIO,0,1,1
ANDENE,0,1,1
ANDENIO,0,1,1
ANDERCIS,0,1,1
ANDERE,0,1,1
ANDERIS,0,1,1
ANDERS,0,1,1
ANDERSE,0,1,1
ANDERSIS,0,1,1
ANDERZON,0,1,1
ANDIE MARCO,0,1,1
ANDILET,0,1,1
ANDILUVIS,0,1,1
ANDIN,0,1,1
ANDINA LIZET,0,1,1
ANDINIS,0,1,1
ANDIRANEL,0,1,1
ANDIRSAY,0,1,1
ANDIRZA,0,1,1
ANDISAY,0,1,1
ANDOBE,0,1,1
ANDOBERTO,0,1,1
ANDOLY,0,1,1
ANDOMELIA,0,1,1
ANDOMILIA,0,1,1
ANDONAI,0,1,1
ANDONAL,0,1,1
ANDONALDO,0,1,1
ANDONE,0,1,1
ANDONELLY,0,1,1
ANDONEYRE,0,1,1
ANDONIC,0,1,1
ANDONIL,0,1,1
ANDRADES,0,1,1
ANDRADI,0,1,1
ANDREA ABELINA,0,1,1
ANDREA RAQUEL,0,1,1
ANDREAKIS,0,1,1
ANDRECITA,0,1,1
ANDREINA,0,1,1
ANDRELIX,0,1,1
ANDRELIY,0,1,1
ANDRES ANTONIO,0,1,1
ANDRES DE LA SO,0,1,1
ANDRES DOMINGO,0,1,1
ANDRES ELIGIO,0,1,1
ANDRES FAUSTO,0,1,1
ANDRES LINO,0,1,1
ANDRES MAURICIO,0,1,1
ANDREVNA,0,1,1
ANDREVY,0,1,1
ANDREWEL,0,1,1
ANDRIANOVA,0,1,1
ANDRONIO,0,1,1
ANDRONIS,0,1,1
ANDROWS,0,1,1
ANDRSOM,0,1,1
ANDRUAS,0,1,1
ANDRUEY,0,1,1
ANDRUVAL,0,1,1
ANDRWS,0,1,1
ANDUBAL,0,1,1
ANDUBBY,0,1,1
ANDUBI,0,1,1
ANDUL,0,1,1
ANDULI,0,1,1
ANDULY,0,1,1
ANDURIËA,0,1,1
ANDUVAL,0,1,1
ANDUVY,0,1,1
ANDY HARVEY,0,1,1
ANDYYANY,0,1,1
ANECCI,0,1,1
ANECXIS,0,1,1
ANEDA,0,1,1
ANEDDA,0,1,1
ANEDILIO,0,1,1
ANEGL,0,1,1
ANEHEL,0,1,1
ANEICE,0,1,1
ANEIDO,0,1,1
ANEIL,0,1,1
ANELGER,0,1,1
ANELIZ,0,1,1
ANELIZO,0,1,1
ANELLA,0,1,1
ANELLE,0,1,1
ANELORIS,0,1,1
ANELSANDRO,0,1,1
ANELVY,0,1,1
ANEMAR,0,1,1
ANENGOL,0,1,1
ANENJI,0,1,1
ANERGE,0,1,1
ANERIO,0,1,1
ANERYS,0,1,1
ANESTINE,0,1,1
ANESTORA,0,1,1
ANEURIN,0,1,1
ANEXO,0,1,1
ANEXSA,0,1,1
ANEXSI,0,1,1
ANEXTALY,0,1,1
ANEYDIN,0,1,1
ANFONSO,0,1,1
ANFREN,0,1,1
ANGEL   REMIGIO,0,1,1
ANGEL  ALFONZO,0,1,1
ANGEL  EDGARDO,0,1,1
ANGEL  EVELIO,0,1,1
ANGEL ADALBERTO,0,1,1
ANGEL ALCIDES,0,1,1
ANGEL ALEJANDRO,0,1,1
ANGEL ALEXANDER,0,1,1
ANGEL AMPARO,0,1,1
ANGEL ANIBAL,0,1,1
ANGEL APOLONIO,0,1,1
ANGEL AQUILEO,0,1,1
ANGEL AQUILINO,0,1,1
ANGEL ARGUELAO,0,1,1
ANGEL ARISTIDES,0,1,1
ANGEL BAUDILIO,0,1,1
ANGEL BONIFACIO,0,1,1
ANGEL CAYETANO,0,1,1
ANGEL CIRILO,0,1,1
ANGEL CRISTOBAL,0,1,1
ANGEL DANILO,0,1,1
ANGEL DARIO,0,1,1
ANGEL DE DIOS,0,1,1
ANGEL DE LA CRU,0,1,1
ANGEL DE LA GUA,0,1,1
ANGEL DE SULEMA,0,1,1
ANGEL DEJESUS,0,1,1
ANGEL DIONICIO,0,1,1
ANGEL DONALDO,0,1,1
ANGEL EDEN,0,1,1
ANGEL EDGARDO,0,1,1
ANGEL EMILIO,0,1,1
ANGEL EUGENIO,0,1,1
ANGEL EULALIO,0,1,1
ANGEL EXIDES,0,1,1
ANGEL FELIPE,0,1,1
ANGEL FREDIS,0,1,1
ANGEL FRESVINDO,0,1,1
ANGEL FREY,0,1,1
ANGEL GUILLERMO,0,1,1
ANGEL HERMINIO,0,1,1
ANGEL INA,0,1,1
ANGEL ISABEL,0,1,1
ANGEL ISIDORO,0,1,1
ANGEL ISMAEL,0,1,1
ANGEL ISRAEL,0,1,1
ANGEL IVAN,0,1,1
ANGEL JACINTO,0,1,1
ANGEL JOSE,0,1,1
ANGEL LENIN,0,1,1
ANGEL LEONIDAS,0,1,1
ANGEL LITO,0,1,1
ANGEL MARIZEL,0,1,1
ANGEL MATEO,0,1,1
ANGEL MERICI,0,1,1
ANGEL MIGUEL,0,1,1
ANGEL NICOLAS,0,1,1
ANGEL OMAR,0,1,1
ANGEL OTILIO,0,1,1
ANGEL REGINALDO,0,1,1
ANGEL REYES,0,1,1
ANGEL RODOLFO,0,1,1
ANGEL ROLANDO,0,1,1
ANGEL ROMELIO,0,1,1
ANGEL SAMUEL,0,1,1
ANGEL SIMEON,0,1,1
ANGEL TRIMINIO,0,1,1
ANGEL URBINA,0,1,1
ANGEL WENCESLAO,0,1,1
ANGEL WILFREDO,0,1,1
ANGEL YAESMIN,0,1,1
ANGEL YOBANY,0,1,1
ANGEL YOVANNY,0,1,1
ANGELA  BERNABE,0,1,1
ANGELA ALBINA,0,1,1
ANGELA AMPARO,0,1,1
ANGELA ANTONIA,0,1,1
ANGELA CRISTINA,0,1,1
ANGELA DEL SOCO,0,1,1
ANGELA DORILA,0,1,1
ANGELA E,0,1,1
ANGELA EMERITA,0,1,1
ANGELA ESTELA,0,1,1
ANGELA GUDELIA,0,1,1
ANGELA JACOBINA,0,1,1
ANGELA KAY,0,1,1
ANGELA LIA,0,1,1
ANGELA MARIA,0,1,1
ANGELA MERIX,0,1,1
ANGELA MICAELA,0,1,1
ANGELA MIRIAN,0,1,1
ANGELA OLIMPIA,0,1,1
ANGELA ROSENDA,0,1,1
ANGELA RUTH,0,1,1
ANGELA SANTOS,0,1,1
ANGELA TERESA,0,1,1
ANGELA TRANSITO,0,1,1
ANGELA VERONICA,0,1,1
ANGELARIA,0,1,1
ANGELCIA,0,1,1
ANGELELA,0,1,1
ANGELES DE J,0,1,1
ANGELES DE LA G,0,1,1
ANGELES ERCILIA,0,1,1
ANGELES MIREYA,0,1,1
ANGELES RAMONA,0,1,1
ANGELES ROSARIO,0,1,1
ANGELEZ,0,1,1
ANGELICA DANILA,0,1,1
ANGELICA ELENA,0,1,1
ANGELICA RENE,0,1,1
ANGELICA ROMELI,0,1,1
ANGELICA SALVAD,0,1,1
ANGELIE,0,1,1
ANGELINA DE JES,0,1,1
ANGELLY,0,1,1
ANGELUTTE,0,1,1
ANGEOLINA,0,1,1
ANGERTINA,0,1,1
ANGIELEE,0,1,1
ANGILBERTO,0,1,1
ANGINA,0,1,1
ANGLIA,0,1,1
ANGLY,0,1,1
ANGLYN,0,1,1
ANGRACIA,0,1,1
ANGRICELIA,0,1,1
ANGUELICA,0,1,1
ANGUIMAR,0,1,1
ANGUSTA,0,1,1
ANGUSTO,0,1,1
ANHAEL,0,1,1
ANHNAR,0,1,1
ANIBAEL,0,1,1
ANIBAL ADAN,0,1,1
ANIBAL CARLOS F,0,1,1
ANIBAL FROILAN,0,1,1
ANIBAL OCTAVIO,0,1,1
ANIBAL RAFAEL,0,1,1
ANIBELSY,0,1,1
ANIBESI,0,1,1
ANIBETTE,0,1,1
ANIBIR,0,1,1
ANIBOL,0,1,1
ANICASIO,0,1,1
ANICEPTI,0,1,1
ANICIA AUXILIAD,0,1,1
ANICIE,0,1,1
ANIDE,0,1,1
ANIDOMING,0,1,1
ANIELO,0,1,1
ANILBA,0,1,1
ANILCAR,0,1,1
ANILDA ESPERANZ,0,1,1
ANILDAR,0,1,1
ANILDES,0,1,1
ANILEO,0,1,1
ANILETH,0,1,1
ANILEX,0,1,1
ANILFREDO,0,1,1
ANILIZ,0,1,1
ANILSO,0,1,1
ANIMA ANTONIA,0,1,1
ANIMEA,0,1,1
ANINCIA,0,1,1
ANINETTE,0,1,1
ANISELDA,0,1,1
ANISSET,0,1,1
ANITA DE JESUS,0,1,1
ANITA ELIZETTE,0,1,1
ANIVEHT,0,1,1
ANIVEL,0,1,1
ANIVER,0,1,1
ANIVEY,0,1,1
ANIXELINA,0,1,1
ANIXIA,0,1,1
ANIZABETH,0,1,1
ANIZE,0,1,1
ANIZETA,0,1,1
ANJANETTE,0,1,1
ANJANNETTE,0,1,1
ANJEANNETE,0,1,1
ANJIOLINA,0,1,1
ANJONA,0,1,1
ANLIZIS,0,1,1
ANLLELO,0,1,1
ANLOAY,0,1,1
ANLY,0,1,1
ANMI JEZREEL,0,1,1
ANMOGEN,0,1,1
ANN ADIANA,0,1,1
ANN CRISTINA,0,1,1
ANN MARLEAN,0,1,1
ANN SUELLA,0,1,1
ANN SUYAPA,0,1,1
ANN VICTORIA,0,1,1
ANNA MARLENY,0,1,1
ANNADINE,0,1,1
ANNAGRETH,0,1,1
ANNALISE,0,1,1
ANNARELLA,0,1,1
ANNE WALESKA,0,1,1
ANNELIS,0,1,1
ANNELLIESSE,0,1,1
ANNELYN,0,1,1
ANNEMAN,0,1,1
ANNEMARI,0,1,1
ANNEO,0,1,1
ANNERIF,0,1,1
ANNERMARIE,0,1,1
ANNETE,0,1,1
ANNEVIS,0,1,1
ANNEYDY,0,1,1
ANNGELA,0,1,1
ANNIC,0,1,1
ANNICE,0,1,1
ANNICETH,0,1,1
ANNICIA,0,1,1
ANNICY,0,1,1
ANNIE LEE,0,1,1
ANNIELEE,0,1,1
ANNIELLE,0,1,1
ANNISA,0,1,1
ANNITA,0,1,1
ANNIVETH,0,1,1
ANNKEY,0,1,1
ANNLINN,0,1,1
ANNTONIO,0,1,1
ANNUAR,0,1,1
ANO,0,1,1
ANOAIDA,0,1,1
ANOBAR,0,1,1
ANOBIL,0,1,1
ANOLBERTA,0,1,1
ANOLI,0,1,1
ANOLINDA,0,1,1
ANOMIS,0,1,1
ANOMIS MARIA,0,1,1
ANONAY,0,1,1
ANORE,0,1,1
ANORIS,0,1,1
ANORY,0,1,1
ANOTNIA,0,1,1
ANOTOLIA,0,1,1
ANOTONIA,0,1,1
ANOTONIO,0,1,1
ANOY,0,1,1
ANRCANGEL,0,1,1
ANRIQUEZ,0,1,1
ANRONIO,0,1,1
ANRTURO,0,1,1
ANSELLA,0,1,1
ANSELMA SOTERA,0,1,1
ANSELMI,0,1,1
ANSELMO  DAVID,0,1,1
ANSENCION,0,1,1
ANSENIA,0,1,1
ANSENY,0,1,1
ANSIN,0,1,1
ANSIONY,0,1,1
ANSONAM,0,1,1
ANSSONY,0,1,1
ANSTANCIA,0,1,1
ANSTREBERTA,0,1,1
ANSULAY,0,1,1
ANSUNTINA,0,1,1
ANTALI,0,1,1
ANTALINA,0,1,1
ANTANIO,0,1,1
ANTE  PORTAN,0,1,1
ANTE PORTA,0,1,1
ANTE PORTAM,0,1,1
ANTEA,0,1,1
ANTELA,0,1,1
ANTEMIO,0,1,1
ANTEPARTAN,0,1,1
ANTHONE,0,1,1
ANTHONET,0,1,1
ANTHONETH,0,1,1
ANTHONI,0,1,1
ANTHONIS,0,1,1
ANTHONIT,0,1,1
ANTI PAZ,0,1,1
ANTIDORO,0,1,1
ANTIL,0,1,1
ANTILIA,0,1,1
ANTINA,0,1,1
ANTINEA,0,1,1
ANTINIA,0,1,1
ANTINIO,0,1,1
ANTIPAR,0,1,1
ANTIS,0,1,1
ANTO NIO,0,1,1
ANTOBUO,0,1,1
ANTOCNIO,0,1,1
ANTOGNIONY,0,1,1
ANTOHNY,0,1,1
ANTOINE,0,1,1
ANTOINE MARIA,0,1,1
ANTOINETT,0,1,1
ANTOIO,0,1,1
ANTOLI,0,1,1
ANTOLIA,0,1,1
ANTOLIM,0,1,1
ANTOLINN,0,1,1
ANTOLYN,0,1,1
ANTOMI,0,1,1
ANTON IO,0,1,1
ANTONELI,0,1,1
ANTONELLO,0,1,1
ANTONETY,0,1,1
ANTONH,0,1,1
ANTONIA ABAD,0,1,1
ANTONIA AVAD,0,1,1
ANTONIA AZUCENA,0,1,1
ANTONIA DALILA,0,1,1
ANTONIA DE JESU,0,1,1
ANTONIA DELIDA,0,1,1
ANTONIA EMBERTA,0,1,1
ANTONIA ESMERAL,0,1,1
ANTONIA ISABEL,0,1,1
ANTONIA IVETTE,0,1,1
ANTONIA JESUS,0,1,1
ANTONIA MARIBEL,0,1,1
ANTONIA MARINA,0,1,1
ANTONIA MELINDA,0,1,1
ANTONIA OFELIA,0,1,1
ANTONIA RUMILDA,0,1,1
ANTONIA},0,1,1
ANTONIELLA,0,1,1
ANTONIENTA,0,1,1
ANTONIETA DE JE,0,1,1
ANTONIETT,0,1,1
ANTONIMA,0,1,1
ANTONIO ADAN,0,1,1
ANTONIO ALBERTO,0,1,1
ANTONIO AUGUSTO,0,1,1
ANTONIO AURELIO,0,1,1
ANTONIO AVELINO,0,1,1
ANTONIO AWAD,0,1,1
ANTONIO BENIGNO,0,1,1
ANTONIO BENITO,0,1,1
ANTONIO CELIN,0,1,1
ANTONIO DARIO,0,1,1
ANTONIO DE ASIS,0,1,1
ANTONIO DE J,0,1,1
ANTONIO DE LEON,0,1,1
ANTONIO DEJESUS,0,1,1
ANTONIO DIMAS,0,1,1
ANTONIO DORIS,0,1,1
ANTONIO E,0,1,1
ANTONIO ELIAS,0,1,1
ANTONIO ENRIQUE,0,1,1
ANTONIO FCO,0,1,1
ANTONIO GABRIEL,0,1,1
ANTONIO GERMA,0,1,1
ANTONIO H,0,1,1
ANTONIO HANNA,0,1,1
ANTONIO HORACIO,0,1,1
ANTONIO IBAN,0,1,1
ANTONIO ISIDORO,0,1,1
ANTONIO JESUS,0,1,1
ANTONIO JOD,0,1,1
ANTONIO JULIO,0,1,1
ANTONIO LEMPIRA,0,1,1
ANTONIO MARCO,0,1,1
ANTONIO MARIA,0,1,1
ANTONIO MATILDE,0,1,1
ANTONIO MIGUEL,0,1,1
ANTONIO NEPTALY,0,1,1
ANTONIO ORLANDO,0,1,1
ANTONIO OSCAR,0,1,1
ANTONIO RAMIRO,0,1,1
ANTONIO RENIER,0,1,1
ANTONIO REYNA,0,1,1
ANTONIO RODOLFO,0,1,1
ANTONIO ROGELIO,0,1,1
ANTONIO ROY,0,1,1
ANTONIO RUBIS,0,1,1
ANTONIO SALOMON,0,1,1
ANTONIO SALVADO,0,1,1
ANTONIO SIMON,0,1,1
ANTONIO SIXTO,0,1,1
ANTONIO TADEO,0,1,1
ANTONIO TULIO,0,1,1
ANTONIO VICH,0,1,1
ANTONIO VIDAL,0,1,1
ANTONIO YUNIOR,0,1,1
ANTONIO!,0,1,1
ANTONIOI,0,1,1
ANTONIOS,0,1,1
ANTONIOUNA,0,1,1
ANTONITA,0,1,1
ANTONITO,0,1,1
ANTONITTE,0,1,1
ANTONNETT,0,1,1
ANTONUET,0,1,1
ANTONUETH,0,1,1
ANTONYT,0,1,1
ANTOQUIA,0,1,1
ANTORNIO,0,1,1
ANTOYNE,0,1,1
ANTPONIA,0,1,1
ANTPORTAM,0,1,1
ANTRIONINA,0,1,1
ANTTISTA,0,1,1
ANTTONY,0,1,1
ANTULIA,0,1,1
ANTUNUETT,0,1,1
ANUAR ANTONIO,0,1,1
ANUBALEN,0,1,1
ANUBEL,0,1,1
ANUC,0,1,1
ANUEY,0,1,1
ANUL,0,1,1
ANUM,0,1,1
ANUNCIATA,0,1,1
ANUNIO,0,1,1
ANUNSACION,0,1,1
ANUNZIATA,0,1,1
ANURELIO,0,1,1
ANUTH,0,1,1
ANVELID,0,1,1
ANVIDIO,0,1,1
ANWARN,0,1,1
ANYALU,0,1,1
ANYELIS,0,1,1
ANYELLY,0,1,1
ANYELY,0,1,1
ANYETHE,0,1,1
ANYILU,0,1,1
ANYN,0,1,1
ANZON,0,1,1
AOCTAVIO,0,1,1
AOEGELINA,0,1,1
AOLICIA,0,1,1
AOME,0,1,1
AONDINA,0,1,1
AONEYDA,0,1,1
AONSO,0,1,1
AORESTILA,0,1,1
AORTA,0,1,1
AORURA,0,1,1
APALID,0,1,1
APATRICIA,0,1,1
APCELON,0,1,1
APDON,0,1,1
APIDIA,0,1,1
APIRIA,0,1,1
APLICANO,0,1,1
APLINIA,0,1,1
APOLIGENIA,0,1,1
APOLIJENO,0,1,1
APOLIMAR,0,1,1
APOLINARAR,0,1,1
APRONIAS,0,1,1
APXALON,0,1,1
AQUELIX,0,1,1
AQUILEDO,0,1,1
AQUILER,0,1,1
AQUILETH,0,1,1
AQUILIEO,0,1,1
AQUILIMACO,0,1,1
AQUILIN,0,1,1
AQUILIX,0,1,1
AQUILTER,0,1,1
AQUIMEDEZ,0,1,1
AQUIMIDES,0,1,1
AQUINTANIA,0,1,1
AQUITINO,0,1,1
ARABEA,0,1,1
ARABESY,0,1,1
ARABEYA,0,1,1
ARABID,0,1,1
ARABOLA,0,1,1
ARACADIO,0,1,1
ARACALY,0,1,1
ARACCEL,0,1,1
ARACECI,0,1,1
ARACELDA,0,1,1
ARACELDY,0,1,1
ARACELIT,0,1,1
ARACELMY,0,1,1
ARACELTY,0,1,1
ARACELY SUYAPA,0,1,1
ARACEMA,0,1,1
ARACENI,0,1,1
ARACENIE,0,1,1
ARACHITO,0,1,1
ARACIELE,0,1,1
ARACILY,0,1,1
ARACK,0,1,1
ARADELA,0,1,1
ARADELMI,0,1,1
ARADELY,0,1,1
ARADENIA,0,1,1
ARADI,0,1,1
ARADIEL,0,1,1
ARADYS,0,1,1
ARAELY,0,1,1
ARAFATH,0,1,1
ARAFELIX,0,1,1
ARAFELIZ,0,1,1
ARAHELY,0,1,1
ARAHI,0,1,1
ARAHNY,0,1,1
ARAHONY,0,1,1
ARAHUN,0,1,1
ARAID,0,1,1
ARAIDE,0,1,1
ARAIS,0,1,1
ARALID,0,1,1
ARALINE,0,1,1
ARALYLY,0,1,1
ARAMANTI,0,1,1
ARAMELIT,0,1,1
ARAMETH,0,1,1
ARAMID,0,1,1
ARAMIENTA,0,1,1
ARAMILLO,0,1,1
ARAMINIA,0,1,1
ARAMINTHA,0,1,1
ARAMNDO,0,1,1
ARAMY,0,1,1
ARANBELIS,0,1,1
ARANEL,0,1,1
ARANELIZ,0,1,1
ARANELLY,0,1,1
ARANHI,0,1,1
ARANIA,0,1,1
ARANIN,0,1,1
ARANIS,0,1,1
ARANUBIA,0,1,1
ARAQUE,0,1,1
ARARDA,0,1,1
ARASCELI,0,1,1
ARASELA,0,1,1
ARASELIO,0,1,1
ARASELIX,0,1,1
ARASENY,0,1,1
ARASETH,0,1,1
ARASEY,0,1,1
ARASIEL,0,1,1
ARASTELI,0,1,1
ARAVEL,0,1,1
ARAVELI,0,1,1
ARAVEYA,0,1,1
ARAVILSA,0,1,1
ARAYSEL,0,1,1
ARBACA,0,1,1
ARBANIA,0,1,1
ARBELA,0,1,1
ARBELIN,0,1,1
ARBELIS,0,1,1
ARBELLA,0,1,1
ARBER,0,1,1
ARBILIO,0,1,1
ARBIN ANTONIO,0,1,1
ARBIO,0,1,1
ARBIR,0,1,1
ARCADIO MODESTO,0,1,1
ARCADIOS,0,1,1
ARCALIY,0,1,1
ARCANGEK,0,1,1
ARCANGELES,0,1,1
ARCANGET,0,1,1
ARCARDIO,0,1,1
ARCECIO,0,1,1
ARCED,0,1,1
ARCELINDA,0,1,1
ARCELINE,0,1,1
ARCEMIA,0,1,1
ARCEMIO,0,1,1
ARCENYO,0,1,1
ARCERCIO,0,1,1
ARCHAGA,0,1,1
ARCHIBELD,0,1,1
ARCIDY,0,1,1
ARCIERI,0,1,1
ARCINIO,0,1,1
ARCINOE,0,1,1
ARCIRES,0,1,1
ARCLY,0,1,1
ARCULIANA,0,1,1
ARDALDO,0,1,1
ARDALINA,0,1,1
ARDANI,0,1,1
ARDAVIN,0,1,1
ARDELIA,0,1,1
ARDELIUS,0,1,1
ARDELY,0,1,1
ARDENIO,0,1,1
ARDENIS,0,1,1
ARDENSON,0,1,1
ARDERBI,0,1,1
ARDERSON,0,1,1
ARDIER,0,1,1
ARDILUVIS,0,1,1
ARDIOMAR,0,1,1
ARDOLDO,0,1,1
ARDOLFO,0,1,1
ARDONIA,0,1,1
ARDONY,0,1,1
ARDRUBAL,0,1,1
ARDRUIN,0,1,1
ARDUAL,0,1,1
ARDUIN,0,1,1
ARDUINO,0,1,1
ARDULEMA,0,1,1
ARDUNES,0,1,1
ARDUVAL,0,1,1
ARDWIN,0,1,1
AREBER,0,1,1
AREBY,0,1,1
ARECA,0,1,1
ARECEL,0,1,1
ARECELIY,0,1,1
ARECILA,0,1,1
ARECILI,0,1,1
ARECIMA,0,1,1
AREDIS,0,1,1
AREEL,0,1,1
AREGNTINA,0,1,1
AREICI,0,1,1
AREIL,0,1,1
AREIRA,0,1,1
ARELIC,0,1,1
ARELINDA,0,1,1
ARELITA,0,1,1
ARELIZA,0,1,1
ARELLI,0,1,1
ARELUY,0,1,1
ARELY CRISTINA,0,1,1
ARELY MARIA,0,1,1
ARELY SANTIAGO,0,1,1
ARELYN,0,1,1
AREMI,0,1,1
ARENILDA,0,1,1
ARENIO,0,1,1
AREO,0,1,1
AREOJAGITA,0,1,1
AREOPAGUITA,0,1,1
AREOPAGUITO,0,1,1
ARESANIA,0,1,1
ARESMILDA,0,1,1
ARESTA,0,1,1
ARESXALIA,0,1,1
ARESY,0,1,1
ARETY,0,1,1
AREXALIA,0,1,1
AREXALY,0,1,1
AREXCILIO,0,1,1
AREXILIA,0,1,1
AREXY,0,1,1
AREYDA,0,1,1
ARFADAR,0,1,1
ARFAXAD SALE,0,1,1
ARFELI,0,1,1
ARFEMIA,0,1,1
ARFI,0,1,1
ARFIDES,0,1,1
ARFIDIO,0,1,1
ARFINDA,0,1,1
ARGAENTINA,0,1,1
ARGANGELA,0,1,1
ARGANTINA,0,1,1
ARGDON,0,1,1
ARGEANTINA,0,1,1
ARGEL AUGUSTO,0,1,1
ARGELIA HERMILA,0,1,1
ARGELICIA,0,1,1
ARGENOL,0,1,1
ARGENTI,0,1,1
ARGENTIMA,0,1,1
ARGENTINA DEL C,0,1,1
ARGENTINA LUZ,0,1,1
ARGENTINA MARIB,0,1,1
ARGENTINA ROSA,0,1,1
ARGENYS,0,1,1
ARGERIO,0,1,1
ARGETNINA,0,1,1
ARGIEN,0,1,1
ARGILIO,0,1,1
ARGONIA,0,1,1
ARGUETINA,0,1,1
ARGUILIO,0,1,1
ARHLET,0,1,1
ARHON,0,1,1
ARIAL,0,1,1
ARIAMUNDO,0,1,1
ARIANA WALKIDIA,0,1,1
ARIANE,0,1,1
ARIANIE,0,1,1
ARIC,0,1,1
ARICEDI,0,1,1
ARICELES,0,1,1
ARICELI,0,1,1
ARICELL,0,1,1
ARICEMI,0,1,1
ARICIDES,0,1,1
ARICLE,0,1,1
ARICSALIA,0,1,1
ARIDA,0,1,1
ARIDALI,0,1,1
ARIDE,0,1,1
ARIDELIS,0,1,1
ARIDIES,0,1,1
ARIDISTES,0,1,1
ARIECIS,0,1,1
ARIELLS,0,1,1
ARIENE,0,1,1
ARIETE,0,1,1
ARIKS,0,1,1
ARILETH,0,1,1
ARILSON,0,1,1
ARIMATEO,0,1,1
ARINEX,0,1,1
ARINEY,0,1,1
ARINSSON,0,1,1
ARIOC,0,1,1
ARIRI,0,1,1
ARISCELA,0,1,1
ARISCELDA,0,1,1
ARISELI,0,1,1
ARISELIZ,0,1,1
ARISION,0,1,1
ARISMELA,0,1,1
ARISMENDEZ,0,1,1
ARISTADAS,0,1,1
ARISTALIA,0,1,1
ARISTAS,0,1,1
ARISTASCO,0,1,1
ARISTEDE,0,1,1
ARISTELI,0,1,1
ARISTELMA,0,1,1
ARISTENIA,0,1,1
ARISTERE,0,1,1
ARISTIDES M,0,1,1
ARISTILIA,0,1,1
ARISTINES,0,1,1
ARISTIR,0,1,1
ARISTIS,0,1,1
ARISTOBULO,0,1,1
ARISTODEMO,0,1,1
ARISTOFANES,0,1,1
ARISTOTENIS,0,1,1
ARISTY,0,1,1
ARIT,0,1,1
ARITA MARIA ANG,0,1,1
ARITIRES,0,1,1
ARITMENDY,0,1,1
ARITSALIA,0,1,1
ARITSON,0,1,1
ARITT,0,1,1
ARIXA,0,1,1
ARIXIO,0,1,1
ARIXISIS,0,1,1
ARIXZALIA,0,1,1
ARIZEL,0,1,1
ARIZEMA,0,1,1
ARIZENA,0,1,1
ARIZETH,0,1,1
ARJANEE,0,1,1
ARJENIO,0,1,1
ARJILIA,0,1,1
ARJUNA,0,1,1
ARLAND,0,1,1
ARLECIA,0,1,1
ARLECTED,0,1,1
ARLEENE,0,1,1
ARLEG,0,1,1
ARLEGH,0,1,1
ARLEN SIU,0,1,1
ARLENCIA,0,1,1
ARLENYS,0,1,1
ARLES EDGARDO,0,1,1
ARLES LINDOLFO,0,1,1
ARLESKA,0,1,1
ARLETTI,0,1,1
ARLEX RENATO,0,1,1
ARLIC,0,1,1
ARLIEC,0,1,1
ARLIETT,0,1,1
ARLINGNTON,0,1,1
ARLINTHON,0,1,1
ARLINTOM,0,1,1
ARLLANE,0,1,1
ARLLERY,0,1,1
ARLLET,0,1,1
ARLLETTE,0,1,1
ARLOTA,0,1,1
ARMADNO,0,1,1
ARMANADO,0,1,1
ARMANCIO,0,1,1
ARMANDA LETICIA,0,1,1
ARMANDO ARTURO,0,1,1
ARMANDO ENRIQUE,0,1,1
ARMANDO JESUS,0,1,1
ARMANDO MARIA,0,1,1
ARMANDODELACRUZ,0,1,1
ARMANDOS,0,1,1
ARME,0,1,1
ARMELGOL,0,1,1
ARMELLE,0,1,1
ARMENCHA,0,1,1
ARMENDINA,0,1,1
ARMENDO,0,1,1
ARMENDOL,0,1,1
ARMENGOD,0,1,1
ARMENGOOD,0,1,1
ARMENTA,0,1,1
ARMERINDA,0,1,1
ARMET,0,1,1
ARMICELDA,0,1,1
ARMIDAS,0,1,1
ARMIDEZ,0,1,1
ARMIDIAM,0,1,1
ARMIDIS,0,1,1
ARMIE,0,1,1
ARMIENTO,0,1,1
ARMILE,0,1,1
ARMILIAN,0,1,1
ARMILIO,0,1,1
ARMIM,0,1,1
ARMIN ANTONIO,0,1,1
ARMINGOL,0,1,1
ARMINO,0,1,1
ARMINSENDA,0,1,1
ARMINTHIA,0,1,1
ARMITAÑO,0,1,1
ARMOSINIO,0,1,1
ARMOTE,0,1,1
ARMSRY,0,1,1
ARNADLDO,0,1,1
ARNAI,0,1,1
ARNALDE,0,1,1
ARNALDO AUGUSTO,0,1,1
ARNALDOZ,0,1,1
ARNALDY,0,1,1
ARNALNO,0,1,1
ARNANLDO,0,1,1
ARNATON,0,1,1
ARNAX,0,1,1
ARNELDY,0,1,1
ARNELIS,0,1,1
ARNELJE,0,1,1
ARNELSON,0,1,1
ARNERI,0,1,1
ARNESTINA,0,1,1
ARNET,0,1,1
ARNETH,0,1,1
ARNETT,0,1,1
ARNIBAL,0,1,1
ARNIBER,0,1,1
ARNIDA,0,1,1
ARNIDIO,0,1,1
ARNINE,0,1,1
ARNIRO,0,1,1
ARNIVEL,0,1,1
ARNNE,0,1,1
ARNOLDINA,0,1,1
ARNOLDY,0,1,1
ARNOLIO,0,1,1
ARNOLL,0,1,1
ARNORIS,0,1,1
ARNOVA,0,1,1
ARNTRONG,0,1,1
ARNUFO,0,1,1
ARNULFO ANTONIO,0,1,1
ARNULFO MICHAEL,0,1,1
ARNULFON,0,1,1
AROBI,0,1,1
AROBIA,0,1,1
AROCEMENA,0,1,1
AROCSERI,0,1,1
ARODELY,0,1,1
ARODES,0,1,1
ARODIC,0,1,1
ARODIL,0,1,1
ARODITA,0,1,1
AROER,0,1,1
AROGELITA,0,1,1
AROLANDO,0,1,1
AROLEY,0,1,1
AROLI,0,1,1
AROLID,0,1,1
AROLINDA,0,1,1
AROLL,0,1,1
AROMILDA,0,1,1
AROMIS,0,1,1
ARONAY,0,1,1
ARONHY,0,1,1
ARONICA,0,1,1
ARONNI,0,1,1
ARONNIE,0,1,1
ARONYS,0,1,1
AROOM,0,1,1
AROSMAN,0,1,1
AROSVIN,0,1,1
AROWNE,0,1,1
ARPEMIO,0,1,1
ARQUELI,0,1,1
ARQUIBALDO,0,1,1
ARQUIDUO,0,1,1
ARQUILINO,0,1,1
ARQUILIS,0,1,1
ARQUIME,0,1,1
ARQUIMEL,0,1,1
ARQUIMER,0,1,1
ARQUIMI,0,1,1
ARQUIMY,0,1,1
ARQUINES,0,1,1
ARQUINIDES,0,1,1
ARQUIRES,0,1,1
ARQUIRIS,0,1,1
ARQUIVIS,0,1,1
ARRAND,0,1,1
ARREGALADO,0,1,1
ARRELIS,0,1,1
ARREO PAQUITA,0,1,1
ARRIANE,0,1,1
ARRID,0,1,1
ARRIELLEE,0,1,1
ARRISTARES,0,1,1
ARRMIN,0,1,1
ARRON,0,1,1
ARSA,0,1,1
ARSACIA,0,1,1
ARSALIA,0,1,1
ARSCELY,0,1,1
ARSELA,0,1,1
ARSELE,0,1,1
ARSELIZ,0,1,1
ARSELY,0,1,1
ARSEMIA,0,1,1
ARSIDAS,0,1,1
ARSIDE,0,1,1
ARSOBE,0,1,1
ARSOLINA,0,1,1
ARSOMNIA,0,1,1
ARSTERIO,0,1,1
ARSUMINA,0,1,1
ARSUVVIN,0,1,1
ARSY,0,1,1
ARTALIZ,0,1,1
ARTEL,0,1,1
ARTELL,0,1,1
ARTENO,0,1,1
ARTENTON,0,1,1
ARTET,0,1,1
ARTHUR GWYN,0,1,1
ARTHURS,0,1,1
ARTHWOOD,0,1,1
ARTICA,0,1,1
ARTIDES,0,1,1
ARTILES,0,1,1
ARTILIA,0,1,1
ARTILIANA,0,1,1
ARTIMA,0,1,1
ARTIMINIO,0,1,1
ARTOLIA,0,1,1
ARTTURO,0,1,1
ARTURIANA,0,1,1
ARTURO',0,1,1
ARTURO ARAMANDO,0,1,1
ARTURO DANIEL,0,1,1
ARTURO HUMBERTO,0,1,1
ARTURO JOSE,0,1,1
ARTURO LENIN,0,1,1
ARTURO PLUTARCO,0,1,1
ARTURO SANTOS,0,1,1
ARTURO XAVIER,0,1,1
ARTUTRO,0,1,1
ARUALDO,0,1,1
ARUB,0,1,1
ARUBI,0,1,1
ARUELIANO,0,1,1
ARUELIE,0,1,1
ARUM,0,1,1
ARUSTIANO,0,1,1
ARUTRO,0,1,1
ARUZ,0,1,1
ARVELICA,0,1,1
ARVERTINA,0,1,1
ARYCEL,0,1,1
ARYINY,0,1,1
ARZELIA,0,1,1
ARZELIS,0,1,1
ARZIRA,0,1,1
ARZUBIN,0,1,1
ARZUREID,0,1,1
ARZURI,0,1,1
ASABAEL,0,1,1
ASABTH,0,1,1
ASABY,0,1,1
ASAC,0,1,1
ASAD,0,1,1
ASAF,0,1,1
ASAHI,0,1,1
ASAI,0,1,1
ASAIAS,0,1,1
ASALCIO,0,1,1
ASARACEL,0,1,1
ASARAI,0,1,1
ASARAIL,0,1,1
ASAUL,0,1,1
ASAYAHU,0,1,1
ASAYDA,0,1,1
ASBANY,0,1,1
ASBER,0,1,1
ASBIEL,0,1,1
ASBRONI,0,1,1
ASCARI,0,1,1
ASCENIA,0,1,1
ASCINSION,0,1,1
ASDRUA,0,1,1
ASDRUDIS,0,1,1
ASDUL,0,1,1
ASECCION,0,1,1
ASECION,0,1,1
ASELA IDAL,0,1,1
ASELY,0,1,1
ASENAAYDA,0,1,1
ASENATH,0,1,1
ASENCIANO,0,1,1
ASENCION LORENZ,0,1,1
ASENETH,0,1,1
ASENSI,0,1,1
ASENY,0,1,1
ASEPCION,0,1,1
ASHANTE,0,1,1
ASHBELL,0,1,1
ASHBIL,0,1,1
ASHEBELL,0,1,1
ASHELY,0,1,1
ASHEMELL,0,1,1
ASHUA,0,1,1
ASICLO,0,1,1
ASID,0,1,1
ASIDES,0,1,1
ASIDORA,0,1,1
ASILOS,0,1,1
ASIMAEL,0,1,1
ASINIA,0,1,1
ASIR,0,1,1
ASIRIO,0,1,1
ASISCOL,0,1,1
ASISLO,0,1,1
ASISS,0,1,1
ASISSE,0,1,1
ASISTINA,0,1,1
ASIYADETH,0,1,1
ASIZELA,0,1,1
ASKENAZ,0,1,1
ASLAN,0,1,1
ASLDRUBAL,0,1,1
ASLIAN,0,1,1
ASLITO,0,1,1
ASMABETH,0,1,1
ASMARI,0,1,1
ASMEDA,0,1,1
ASMEDY,0,1,1
ASMEL,0,1,1
ASMERY,0,1,1
ASMEX,0,1,1
ASMINIO,0,1,1
ASMIRNA,0,1,1
ASNAIL,0,1,1
ASNALDO,0,1,1
ASNEC,0,1,1
ASNETH,0,1,1
ASNEY,0,1,1
ASNI,0,1,1
ASNOBIN,0,1,1
ASNOVIN,0,1,1
ASNOVY,0,1,1
ASOLIA,0,1,1
ASOLINA,0,1,1
ASONAIDA,0,1,1
ASOR,0,1,1
ASPAR,0,1,1
ASQUESNAS,0,1,1
ASQUITH,0,1,1
ASRAIL,0,1,1
ASSAD,0,1,1
ASSAN,0,1,1
ASSELA,0,1,1
ASSEN,0,1,1
ASSENETH,0,1,1
ASSENIT,0,1,1
ASSIR,0,1,1
ASSOF,0,1,1
ASTACIO,0,1,1
ASTAYL,0,1,1
ASTECAN,0,1,1
ASTEDIA,0,1,1
ASTENE,0,1,1
ASTERIL,0,1,1
ASTERLI,0,1,1
ASTHERDE,0,1,1
ASTHON,0,1,1
ASTIDAMIA,0,1,1
ASTLEY,0,1,1
ASTONICA,0,1,1
ASTRADY,0,1,1
ASTREVERTA,0,1,1
ASTREVERTO,0,1,1
ASTREY,0,1,1
ASTRIDA,0,1,1
ASTRIX,0,1,1
ASTUD,0,1,1
ASTULFO,0,1,1
ASTURINA,0,1,1
ASUAN,0,1,1
ASUBA,0,1,1
ASUCEMA,0,1,1
ASUCEY,0,1,1
ASUE,0,1,1
ASUED,0,1,1
ASULAY,0,1,1
ASULENA,0,1,1
ASUNA,0,1,1
ASUNCINI,0,1,1
ASUNCION AMPARO,0,1,1
ASUSANO,0,1,1
ASUSEL,0,1,1
ASWILD,0,1,1
ATAGUALPA,0,1,1
ATAIDA,0,1,1
ATALBERT,0,1,1
ATALI,0,1,1
ATALIO,0,1,1
ATANACY,0,1,1
ATANAELL,0,1,1
ATANALY,0,1,1
ATANGEL,0,1,1
ATANICIA,0,1,1
ATANISLADO,0,1,1
ATAURIANO,0,1,1
ATBEL,0,1,1
ATELIE,0,1,1
ATELINO,0,1,1
ATELSY,0,1,1
ATEMIO,0,1,1
ATENA,0,1,1
ATENAIDE,0,1,1
ATENCE,0,1,1
ATENICA,0,1,1
ATEPORTAN,0,1,1
ATERNAN,0,1,1
ATHALICIO,0,1,1
ATHAME,0,1,1
ATHANAY,0,1,1
ATHELVINA,0,1,1
ATHENCE,0,1,1
ATHENS,0,1,1
ATHIL,0,1,1
ATHINE,0,1,1
ATHLING,0,1,1
ATICUS,0,1,1
ATILMA,0,1,1
ATILVINA,0,1,1
ATITA,0,1,1
ATKINSON,0,1,1
ATLACAT,0,1,1
ATLANTE,0,1,1
ATLANTIDA,0,1,1
ATMED,0,1,1
ATNONIO,0,1,1
ATO,0,1,1
ATOLIN,0,1,1
ATRACTIVA,0,1,1
ATRE,0,1,1
ATTALEE,0,1,1
ATTALY,0,1,1
ATTLEE,0,1,1
ATTOMAN,0,1,1
ATURO,0,1,1
ATZIRA,0,1,1
AUBDELI,0,1,1
AUBDONA,0,1,1
AUBDOSIA,0,1,1
AUBELIO,0,1,1
AUBERTINA,0,1,1
AUBSALON,0,1,1
AUCDIEL,0,1,1
AUCDUL,0,1,1
AUCDY,0,1,1
AUCEDA,0,1,1
AUCEMIA,0,1,1
AUCENA,0,1,1
AUCENIA,0,1,1
AUCIDE,0,1,1
AUCINA,0,1,1
AUCTORA,0,1,1
AUDALICIA,0,1,1
AUDALIS,0,1,1
AUDBALDO,0,1,1
AUDDINA,0,1,1
AUDECIO,0,1,1
AUDEE,0,1,1
AUDELIANA,0,1,1
AUDELISA,0,1,1
AUDELIT,0,1,1
AUDELITH,0,1,1
AUDELIZ,0,1,1
AUDEMAR,0,1,1
AUDENSO,0,1,1
AUDERI,0,1,1
AUDETI,0,1,1
AUDEY,0,1,1
AUDFRENDA,0,1,1
AUDICENCIA,0,1,1
AUDIENCIA,0,1,1
AUDILA,0,1,1
AUDILEE,0,1,1
AUDILFIO,0,1,1
AUDINI,0,1,1
AUDISMEL,0,1,1
AUDITO,0,1,1
AUDLY,0,1,1
AUDOLINO,0,1,1
AUDOLIO,0,1,1
AUDOMINIA,0,1,1
AUDON DANILO,0,1,1
AUDONI,0,1,1
AUDONIAS,0,1,1
AUDONIFIA,0,1,1
AUDONILIA,0,1,1
AUDONIO,0,1,1
AUDONIS,0,1,1
AUDONY,0,1,1
AUDORIS,0,1,1
AUDRUVAL,0,1,1
AUDYL,0,1,1
AUFIDENY,0,1,1
AUGDALI,0,1,1
AUGDI,0,1,1
AUGDONIO,0,1,1
AUGELICA,0,1,1
AUGENIA,0,1,1
AUGNER,0,1,1
AUGOSTO,0,1,1
AUGRA,0,1,1
AUGUSLUS,0,1,1
AUGUST,0,1,1
AUGUSTO RODOLFO,0,1,1
AUGUSTO SANDINO,0,1,1
AUGUSTOS,0,1,1
AUGUSTOZEM,0,1,1
AUINCINIO,0,1,1
AUITH,0,1,1
AUL,0,1,1
AULERIANO,0,1,1
AULFIDO,0,1,1
AULI,0,1,1
AULICSE,0,1,1
AULISES,0,1,1
AULOGIO,0,1,1
AULY,0,1,1
AUMARU,0,1,1
AUMILIA,0,1,1
AUN,0,1,1
AUNDILIO,0,1,1
AUNDONIO,0,1,1
AUNE,0,1,1
AUNELIA,0,1,1
AUNELIO,0,1,1
AUNNELIZA,0,1,1
AURA ESTELA,0,1,1
AURALEE,0,1,1
AURDELY,0,1,1
AURELI,0,1,1
AURELIA SUYAPA,0,1,1
AURENTINA,0,1,1
AURGENCIO,0,1,1
AURIANA,0,1,1
AURIANIA,0,1,1
AURICEL,0,1,1
AURICIO,0,1,1
AURIELINDA,0,1,1
AURINA,0,1,1
AURINDA,0,1,1
AURISTELIA,0,1,1
AUROLINA,0,1,1
AUROPASITA,0,1,1
AURORA DE JESUS,0,1,1
AURORA DEL CARM,0,1,1
AURURA,0,1,1
AURY ESTELA,0,1,1
AUSALDA,0,1,1
AUSBY,0,1,1
AUSDELY,0,1,1
AUSDILIA,0,1,1
AUSEDES,0,1,1
AUSEMIO,0,1,1
AUSESENA,0,1,1
AUSGUSTIN,0,1,1
AUSGUSTO,0,1,1
AUSHA,0,1,1
AUSIDE,0,1,1
AUSIRY,0,1,1
AUSMAN,0,1,1
AUSOLINE,0,1,1
AUSPERTO,0,1,1
AUSTACIA,0,1,1
AUSTASIA,0,1,1
AUSTBRANI,0,1,1
AUSTEBERTO,0,1,1
AUSTELL,0,1,1
AUSTENIA,0,1,1
AUSTERLEE,0,1,1
AUSTO,0,1,1
AUSTRE BERTA,0,1,1
AUSTRUBERTA,0,1,1
AUSTRY,0,1,1
AUSTUBERTO,0,1,1
AUTDELY,0,1,1
AUTELI,0,1,1
AUTICO,0,1,1
AUTINO,0,1,1
AUTIPEZ,0,1,1
AUTIQUIO,0,1,1
AUTOMAR,0,1,1
AUXDELID,0,1,1
AUXEL,0,1,1
AUXENCIA,0,1,1
AUXENCIO,0,1,1
AUXIADORA,0,1,1
AUXIALIADORA,0,1,1
AUXILIA,0,1,1
AUXILIADORA HAY,0,1,1
AUXILIADORA NUV,0,1,1
AUXILIODORA,0,1,1
AUYAPAH,0,1,1
AUZUCENA,0,1,1
AVAC,0,1,1
AVADID,0,1,1
AVADO,0,1,1
AVADY,0,1,1
AVAIL,0,1,1
AVALORIS,0,1,1
AVALY,0,1,1
AVANDO,0,1,1
AVANELD,0,1,1
AVANELL,0,1,1
AVANESA,0,1,1
AVANGELISTA,0,1,1
AVANNI,0,1,1
AVANORY,0,1,1
AVATH,0,1,1
AVED,0,1,1
AVEDA,0,1,1
AVEDO,0,1,1
AVEHT,0,1,1
AVELAY,0,1,1
AVELI,0,1,1
AVELIDA,0,1,1
AVELIS,0,1,1
AVELIXIA,0,1,1
AVELIZARIO,0,1,1
AVELLIN,0,1,1
AVELOCK,0,1,1
AVEMILET,0,1,1
AVENANCIA,0,1,1
AVENAR,0,1,1
AVENDY,0,1,1
AVENEHR,0,1,1
AVENEZET,0,1,1
AVENIEL,0,1,1
AVENISIO,0,1,1
AVENIZA,0,1,1
AVENTURA,0,1,1
AVENTURADO,0,1,1
AVERALDA,0,1,1
AVERIAS,0,1,1
AVERICIO,0,1,1
AVERIO,0,1,1
AVERSIA,0,1,1
AVERSY,0,1,1
AVESAI,0,1,1
AVESSIO,0,1,1
AVETTE,0,1,1
AVEYANEY,0,1,1
AVIADIL,0,1,1
AVIAHIL,0,1,1
AVICDOR,0,1,1
AVICEL,0,1,1
AVICELI,0,1,1
AVIDAHIL,0,1,1
AVIDAHIP,0,1,1
AVIDALI,0,1,1
AVIDON,0,1,1
AVIEZEER,0,1,1
AVIGABIL,0,1,1
AVIHAYL,0,1,1
AVILENI,0,1,1
AVILENY,0,1,1
AVILINO,0,1,1
AVILSO,0,1,1
AVILSON,0,1,1
AVIMALEX,0,1,1
AVIMELETH,0,1,1
AVIMELEX,0,1,1
AVIMETH,0,1,1
AVINA,0,1,1
AVINDIO,0,1,1
AVINEA,0,1,1
AVINEDO,0,1,1
AVISAHI,0,1,1
AVISAID,0,1,1
AVISELA,0,1,1
AVISHAI,0,1,1
AVISMAEL,0,1,1
AVISTELA,0,1,1
AVIT,0,1,1
AVIVA,0,1,1
AVIVILECT,0,1,1
AVIXAIC,0,1,1
AVIZ,0,1,1
AVONALE,0,1,1
AVOON,0,1,1
AVQELINO,0,1,1
AVRELL,0,1,1
AVSOLON,0,1,1
AVUNDIO,0,1,1
AWAD,0,1,1
AWAR,0,1,1
AWARD,0,1,1
AWEN,0,1,1
AWN,0,1,1
AXABEL,0,1,1
AXCEL,0,1,1
AXDALY,0,1,1
AXDUHAL,0,1,1
AXEELL,0,1,1
AXELIA,0,1,1
AXIA,0,1,1
AXIDIS,0,1,1
AXIOMARA,0,1,1
AXIQUIO,0,1,1
AXMUNDO,0,1,1
AXOLON,0,1,1
AXOMAR,0,1,1
AXRICIA,0,1,1
AXUILIADORA,0,1,1
AYABIL,0,1,1
AYACENI,0,1,1
AYACIANTA,0,1,1
AYADANARA,0,1,1
AYADI,0,1,1
AYADIL,0,1,1
AYADIN,0,1,1
AYADIR,0,1,1
AYAHANA,0,1,1
AYAK,0,1,1
AYAKS,0,1,1
AYALENI,0,1,1
AYALI,0,1,1
AYALID,0,1,1
AYANAESTH,0,1,1
AYANARA,0,1,1
AYANER,0,1,1
AYANIX,0,1,1
AYANTY,0,1,1
AYANZA,0,1,1
AYARELI,0,1,1
AYARELY,0,1,1
AYARIT,0,1,1
AYASSENY,0,1,1
AYATH,0,1,1
AYAXS,0,1,1
AYBON,0,1,1
AYDAIL,0,1,1
AYDEE MAROGUIN,0,1,1
AYDES,0,1,1
AYDI¼A,0,1,1
AYDORA,0,1,1
AYEL,0,1,1
AYELSI,0,1,1
AYEN,0,1,1
AYENDA,0,1,1
AYENDY,0,1,1
AYENIS,0,1,1
AYERALDO,0,1,1
AYESENI,0,1,1
AYESER,0,1,1
AYESHA,0,1,1
AYESSA,0,1,1
AYICZA,0,1,1
AYINET,0,1,1
AYISSELL,0,1,1
AYLI,0,1,1
AYLLYN,0,1,1
AYLUN,0,1,1
AYLUP,0,1,1
AYMEN,0,1,1
AYMI,0,1,1
AYMILEX,0,1,1
AYMORE,0,1,1
AYNEE,0,1,1
AYOBANIS,0,1,1
AYODI,0,1,1
AYOE,0,1,1
AYOLALINA,0,1,1
AYONE,0,1,1
AYONES,0,1,1
AYONIS,0,1,1
AYORLENI,0,1,1
AYOVANI,0,1,1
AYRINE,0,1,1
AYRTON,0,1,1
AYSIDES,0,1,1
AYSLIN,0,1,1
AYSSELL,0,1,1
AYUCELINDA,0,1,1
AYUSELINA,0,1,1
AYYUB,0,1,1
AZABEL,0,1,1
AZAELA,0,1,1
AZAHED,0,1,1
AZAI,0,1,1
AZAIL,0,1,1
AZANOBICHIS,0,1,1
AZARAHY,0,1,1
AZAREEL,0,1,1
AZARELA,0,1,1
AZARIA,0,1,1
AZARIAZ,0,1,1
AZARIE,0,1,1
AZAUCENA,0,1,1
AZAZEL,0,1,1
AZDOUL,0,1,1
AZDRIEL,0,1,1
AZDRUBAL,0,1,1
AZDRUVAL,0,1,1
AZENECK,0,1,1
AZENIA,0,1,1
AZET,0,1,1
AZEUCENA,0,1,1
AZHLEY,0,1,1
AZIKEL,0,1,1
AZILDA,0,1,1
AZMARVET,0,1,1
AZMEL,0,1,1
AZOLA,0,1,1
AZORIN,0,1,1
AZRAIL,0,1,1
AZTECA,0,1,1
AZUCEËA,0,1,1
AZUCELI,0,1,1
AZUCELINE,0,1,1
AZUCENAR,0,1,1
AZUCERNA,0,1,1
AZULA,0,1,1
AZULAY,0,1,1
AZULEYDA,0,1,1
AZULINDA,0,1,1
AZUMARA,0,1,1
AZUMARY,0,1,1
AZURITA,0,1,1
AZUSCENA,0,1,1
AZUSEL,0,1,1
AZUSETH,0,1,1
AZUZAT,0,1,1
AZZAD,0,1,1
AZZLY,0,1,1
BABARA,0,1,1
BABETHE,0,1,1
BABIE,0,1,1
BABILA,0,1,1
BABILONIA,0,1,1
BABINA,0,1,1
BABIZUE,0,1,1
BACELIO,0,1,1
BACILISIA,0,1,1
BACO,0,1,1
BACTAN,0,1,1
BADELIA,0,1,1
BADELY,0,1,1
BADESA,0,1,1
BADESSA,0,1,1
BADEZA,0,1,1
BADICION,0,1,1
BADIH,0,1,1
BADINIA,0,1,1
BADIRKI,0,1,1
BADOG,0,1,1
BADOSA,0,1,1
BADOURE,0,1,1
BADRI,0,1,1
BADWIN,0,1,1
BADYN,0,1,1
BAENERGE,0,1,1
BAHALMORIS,0,1,1
BAHAMAN,0,1,1
BAHER,0,1,1
BAIL,0,1,1
BAJARDO,0,1,1
BAKROTH,0,1,1
BALADAN,0,1,1
BALADER,0,1,1
BALAMAN,0,1,1
BALARMINO,0,1,1
BALBARENO,0,1,1
BALCONERIS,0,1,1
BALDADRINA,0,1,1
BALDARES,0,1,1
BALDELOMAR,0,1,1
BALDERRAMOS,0,1,1
BALDIAMINA,0,1,1
BALDIMAR,0,1,1
BALDIMIR,0,1,1
BALDINO,0,1,1
BALDOMARES,0,1,1
BALDOMORIS,0,1,1
BALDONERO,0,1,1
BALDRAMIN,0,1,1
BALDUVINA,0,1,1
BALENDA,0,1,1
BALENTINO,0,1,1
BALERI,0,1,1
BALERY,0,1,1
BALESA,0,1,1
BALESTRA,0,1,1
BALETH,0,1,1
BALETZKA,0,1,1
BALI,0,1,1
BALICO,0,1,1
BALIX,0,1,1
BALKYS,0,1,1
BALLANI,0,1,1
BALLESTEROS,0,1,1
BALLOY,0,1,1
BALMELIN,0,1,1
BALNIRIS,0,1,1
BALODID,0,1,1
BALODIS,0,1,1
BALOIX,0,1,1
BALOIZ,0,1,1
BALORIN,0,1,1
BALOYS,0,1,1
BALRIENA,0,1,1
BALSA,0,1,1
BALSASAR,0,1,1
BALTA VINA,0,1,1
BALTAVINA,0,1,1
BALTEMAR,0,1,1
BALTHAZARA,0,1,1
BALUX,0,1,1
BALVINA OFELIA,0,1,1
BALWER,0,1,1
BAMES,0,1,1
BAMONA,0,1,1
BAN,0,1,1
BANACES,0,1,1
BANDEKERCO,0,1,1
BANDIDA,0,1,1
BANECIA,0,1,1
BANEDICTO,0,1,1
BANELIA,0,1,1
BANELLY,0,1,1
BANER,0,1,1
BANERJI,0,1,1
BANESKA,0,1,1
BANESY,0,1,1
BANETS,0,1,1
BANEXZA,0,1,1
BANEY,0,1,1
BANEYDA,0,1,1
BANFREDIS,0,1,1
BANIDALDO,0,1,1
BANILDA,0,1,1
BANIRIT,0,1,1
BANIY,0,1,1
BANIZOL,0,1,1
BANJELIO,0,1,1
BANJELISTA,0,1,1
BANLLERY,0,1,1
BANNESSA,0,1,1
BANNEY,0,1,1
BANTHEY,0,1,1
BANY ZUU,0,1,1
BANZ,0,1,1
BANZER,0,1,1
BARAD,0,1,1
BARBARA ESPERAN,0,1,1
BARBARA ISOLINA,0,1,1
BARBARA NAZARET,0,1,1
BARBARA OLDA,0,1,1
BARCELI,0,1,1
BARCENIA,0,1,1
BARDALEZ,0,1,1
BARDALINA,0,1,1
BARDIS,0,1,1
BARELLY,0,1,1
BARELY,0,1,1
BARENTON,0,1,1
BARESA,0,1,1
BARET,0,1,1
BARGAS,0,1,1
BARIÑA,0,1,1
BARICK,0,1,1
BARILI,0,1,1
BARIMIDIO,0,1,1
BARINA,0,1,1
BARIO,0,1,1
BARISA,0,1,1
BARJUN,0,1,1
BARKLEY,0,1,1
BARLENIA,0,1,1
BARLESCA,0,1,1
BARLEY,0,1,1
BARNABY,0,1,1
BARNARDA,0,1,1
BARNE,0,1,1
BARNIE,0,1,1
BARONA,0,1,1
BARONI,0,1,1
BARRAL LEON,0,1,1
BARREL,0,1,1
BARRIS,0,1,1
BARRITT,0,1,1
BARROMEA,0,1,1
BARROMEDO,0,1,1
BARRON,0,1,1
BARRUBI,0,1,1
BARSELOSKY,0,1,1
BARSOVIA,0,1,1
BARTAZAR,0,1,1
BARTELEMI,0,1,1
BARTINA,0,1,1
BARUT,0,1,1
BARUTH,0,1,1
BARYONY,0,1,1
BARYTH,0,1,1
BAS,0,1,1
BASARINE,0,1,1
BASAY,0,1,1
BASELI,0,1,1
BASELICIA,0,1,1
BASEMAT,0,1,1
BASIANA,0,1,1
BASILEDES,0,1,1
BASILIDIA,0,1,1
BASLUT,0,1,1
BASSEM,0,1,1
BASTY,0,1,1
BATHANY,0,1,1
BATHY,0,1,1
BATIZ,0,1,1
BATRES,0,1,1
BATTISTA,0,1,1
BAUCDILIA,0,1,1
BAUDELEO,0,1,1
BAUDELINO,0,1,1
BAUDENCIO,0,1,1
BAUDILLO,0,1,1
BAUDILY,0,1,1
BAUDISTINA,0,1,1
BAUDONEL,0,1,1
BAUQUELIN,0,1,1
BAURILIO,0,1,1
BAUSTESTINA,0,1,1
BAUTISLINA,0,1,1
BAUTISTA MARIO,0,1,1
BAUTISTO,0,1,1
BAVINTON,0,1,1
BAWER,0,1,1
BAWERN,0,1,1
BAYALDO,0,1,1
BAYARD,0,1,1
BAYARDO GABRIEL,0,1,1
BAYDE,0,1,1
BAYER,0,1,1
BAYNES,0,1,1
BAYRON AUGUSTO,0,1,1
BAYRUT,0,1,1
BAZARELY,0,1,1
BAZIL,0,1,1
BEABELL,0,1,1
BEAL,0,1,1
BEALDA,0,1,1
BEALL,0,1,1
BEAN,0,1,1
BEANEI,0,1,1
BEANIA,0,1,1
BEANUBIA,0,1,1
BEARRAT,0,1,1
BEATA  AMENIA,0,1,1
BEATA IMELDA,0,1,1
BEATRICE SUYAPA,0,1,1
BEATRIZ LEBANA,0,1,1
BEATRIZES,0,1,1
BEATRIZZ,0,1,1
BEATRY,0,1,1
BEBBI,0,1,1
BEBELIS,0,1,1
BEBELY,0,1,1
BEBIS,0,1,1
BECDILIA,0,1,1
BECESAIDA,0,1,1
BECHA,0,1,1
BECHETH,0,1,1
BECILDA,0,1,1
BECILIA,0,1,1
BECILIO,0,1,1
BECK,0,1,1
BECKENBAUER,0,1,1
BECKEY,0,1,1
BECKFERD,0,1,1
BECKSAIDA,0,1,1
BECKWITH,0,1,1
BECKWORD,0,1,1
BECKYLA,0,1,1
BECLIN,0,1,1
BECSABEL,0,1,1
BECSABETH,0,1,1
BECSAI,0,1,1
BECSAIN,0,1,1
BECSARA,0,1,1
BECSAVE,0,1,1
BECSER AZANETH,0,1,1
BECSHAY,0,1,1
BECSUBE,0,1,1
BECTANIA,0,1,1
BECTINA,0,1,1
BECTTULIA,0,1,1
BECTULIO,0,1,1
BECXAIDA,0,1,1
BED,0,1,1
BEDALI,0,1,1
BEDALIA,0,1,1
BEDELIO,0,1,1
BEDELL,0,1,1
BEDEVINDA,0,1,1
BEDIZ,0,1,1
BEDOANGEL,0,1,1
BEDREDYN,0,1,1
BEDUINE,0,1,1
BEDZAHIDA,0,1,1
BEELL,0,1,1
BEERY,0,1,1
BEESABET,0,1,1
BEESAI,0,1,1
BEESAIDA,0,1,1
BEESUBIA,0,1,1
BEETTZAHIDA,0,1,1
BEETY,0,1,1
BEFFALIA,0,1,1
BEGASMIN,0,1,1
BEGSARA,0,1,1
BEGSIS,0,1,1
BEHATRIS,0,1,1
BEHERANDA,0,1,1
BEHERY,0,1,1
BEHIRA,0,1,1
BEIBA,0,1,1
BEICI,0,1,1
BEINDALE,0,1,1
BEIRU,0,1,1
BEIVA,0,1,1
BEIZAVITH,0,1,1
BEJANI,0,1,1
BEJANIA,0,1,1
BEJAVICTS,0,1,1
BEJAZMIN,0,1,1
BEKESY,0,1,1
BEKKER,0,1,1
BELADIN,0,1,1
BELANIA,0,1,1
BELARMININIO,0,1,1
BELAY,0,1,1
BELBA,0,1,1
BELBIA,0,1,1
BELBIRA,0,1,1
BELCINA,0,1,1
BELDAD OLIMPICA,0,1,1
BELDFIORE,0,1,1
BELDRAMINA,0,1,1
BELECIA,0,1,1
BELEDIA,0,1,1
BELEGEPSY,0,1,1
BELEGEXI,0,1,1
BELEN DE JESUS,0,1,1
BELENDA,0,1,1
BELENNIA,0,1,1
BELFANIRA,0,1,1
BELFREDO,0,1,1
BELGA ISABEL,0,1,1
BELGINNI,0,1,1
BELGRAN,0,1,1
BELGRAVES,0,1,1
BELGUY,0,1,1
BELI CAROLINA,0,1,1
BELIA GLADIS,0,1,1
BELIA SUYAPA,0,1,1
BELIACOP,0,1,1
BELIAKOV,0,1,1
BELIBASIS,0,1,1
BELIBERTA,0,1,1
BELICA,0,1,1
BELICCIA,0,1,1
BELICSA,0,1,1
BELIESAVE,0,1,1
BELIFREDO,0,1,1
BELIHBETH,0,1,1
BELIHELY,0,1,1
BELIKIN,0,1,1
BELIMAN,0,1,1
BELIN  DOLORES,0,1,1
BELINDA LOURDES,0,1,1
BELINDA SUYAPA,0,1,1
BELIR,0,1,1
BELISANDRA,0,1,1
BELISAR,0,1,1
BELISEZ,0,1,1
BELISLE,0,1,1
BELISMELU,0,1,1
BELITSIA,0,1,1
BELIXA,0,1,1
BELIXSA,0,1,1
BELIXZA,0,1,1
BELIYT,0,1,1
BELIZAY,0,1,1
BELIZLE,0,1,1
BELKE,0,1,1
BELKI PATRICIA,0,1,1
BELKIDIA,0,1,1
BELKISS JOHANA,0,1,1
BELKY LUZ,0,1,1
BELLA DE JESUS,0,1,1
BELLA ELIA,0,1,1
BELLA LUZ,0,1,1
BELLABEL,0,1,1
BELLAIRIS,0,1,1
BELLALETH,0,1,1
BELLAMIRA,0,1,1
BELLANIS,0,1,1
BELLAPONTE,0,1,1
BELLARDO,0,1,1
BELLAREN,0,1,1
BELLENIT,0,1,1
BELLENY,0,1,1
BELLICIMA,0,1,1
BELLIN,0,1,1
BELLINI,0,1,1
BELLINO,0,1,1
BELLLINY,0,1,1
BELLOLITH,0,1,1
BELLORIT,0,1,1
BELLOSA,0,1,1
BELLS,0,1,1
BELMA ESMERALDA,0,1,1
BELMANIA,0,1,1
BELMORIS,0,1,1
BELMORYS,0,1,1
BELOIN,0,1,1
BELPRAN,0,1,1
BELQUIADIS,0,1,1
BELQUIRINIA,0,1,1
BELSABET,0,1,1
BELSAINH,0,1,1
BELSAMARI,0,1,1
BELSANIMA,0,1,1
BELSAT,0,1,1
BELSEDUL,0,1,1
BELSI PATRICIA,0,1,1
BELSYBETH,0,1,1
BELTAZAZAR,0,1,1
BELTHAN,0,1,1
BELTRAHAM,0,1,1
BELTRAN B,0,1,1
BELTRANO,0,1,1
BELTSASAR,0,1,1
BELTUEL,0,1,1
BELTZASAR,0,1,1
BELUVINA,0,1,1
BELVERTO,0,1,1
BELYZA,0,1,1
BELZAIDES,0,1,1
BELZAIN,0,1,1
BELZAKY,0,1,1
BEMIGNA,0,1,1
BENABIDES,0,1,1
BENADICTO,0,1,1
BENALDINA,0,1,1
BENAMIN,0,1,1
BENARLDA,0,1,1
BENATH,0,1,1
BENAVI,0,1,1
BENDONIO,0,1,1
BENECDICTINA,0,1,1
BENECER,0,1,1
BENECTO,0,1,1
BENEDECK,0,1,1
BENEDICE,0,1,1
BENEDICTUS,0,1,1
BENEDINDA,0,1,1
BENEDIT,0,1,1
BENEDITHTO,0,1,1
BENEDITT,0,1,1
BENEETS,0,1,1
BENEJ,0,1,1
BENELEO,0,1,1
BENELI,0,1,1
BENEN,0,1,1
BENENMIA,0,1,1
BENERARDA,0,1,1
BENERI,0,1,1
BENERIS,0,1,1
BENERIZA,0,1,1
BENES,0,1,1
BENESA,0,1,1
BENETHIA,0,1,1
BENEY,0,1,1
BENGEMAN,0,1,1
BENGER,0,1,1
BENHALI,0,1,1
BENICCIO,0,1,1
BENICELDA,0,1,1
BENICES,0,1,1
BENID,0,1,1
BENIDA,0,1,1
BENIDO,0,1,1
BENIGNA DE LOS,0,1,1
BENIL,0,1,1
BENILDES,0,1,1
BENILSO,0,1,1
BENILTON,0,1,1
BENIRY,0,1,1
BENISY,0,1,1
BENITA DE JESUS,0,1,1
BENITA MERCEDES,0,1,1
BENITA RAMONA,0,1,1
BENITO DE JESUS,0,1,1
BENITO ITALO,0,1,1
BENITO ULICE,0,1,1
BENIZIE,0,1,1
BENJAMID,0,1,1
BENJAMINO,0,1,1
BENJHOSET,0,1,1
BENNAMI,0,1,1
BENNEDETA,0,1,1
BENNETG,0,1,1
BENNICIO,0,1,1
BENOLDA,0,1,1
BENONIA,0,1,1
BENOVY,0,1,1
BENUTA,0,1,1
BENUY,0,1,1
BEONEL,0,1,1
BEPZABE,0,1,1
BEQUESY,0,1,1
BERAGEL,0,1,1
BERALDINA,0,1,1
BERALIN,0,1,1
BERALLY,0,1,1
BERANICE,0,1,1
BERARDINO,0,1,1
BERARI,0,1,1
BERATRIZ,0,1,1
BERBELI,0,1,1
BERBELY,0,1,1
BERBINA,0,1,1
BERBUL,0,1,1
BERCEDY,0,1,1
BERCELIE,0,1,1
BERCEMAR,0,1,1
BERCID,0,1,1
BERCILDE,0,1,1
BERCINDO,0,1,1
BERCY,0,1,1
BERDAN,0,1,1
BERDARDA,0,1,1
BERDE BELL,0,1,1
BERDIANA,0,1,1
BERDONI,0,1,1
BEREBENICIA,0,1,1
BEREINA,0,1,1
BERENICCE,0,1,1
BERENISA,0,1,1
BERENISCE,0,1,1
BERENIXE,0,1,1
BERENIZZE,0,1,1
BERENNISE,0,1,1
BERENNO,0,1,1
BERENO,0,1,1
BERESFORD,0,1,1
BERFALIDA,0,1,1
BERFALIO,0,1,1
BERFELIC,0,1,1
BERGELI,0,1,1
BERGELIN,0,1,1
BERGER,0,1,1
BERGMARK,0,1,1
BERHLINDA,0,1,1
BERHTA FIDELINA,0,1,1
BERHTIN,0,1,1
BERIBERTO,0,1,1
BERIBET,0,1,1
BERIBETH,0,1,1
BERIL,0,1,1
BERILY,0,1,1
BERIP,0,1,1
BERIS LILY,0,1,1
BERJELIN,0,1,1
BERKEIRY,0,1,1
BERKELY,0,1,1
BERKLELY,0,1,1
BERLADA,0,1,1
BERLALI,0,1,1
BERLAMIN,0,1,1
BERLAMINA,0,1,1
BERLAMINO,0,1,1
BERLANY,0,1,1
BERLENE,0,1,1
BERLI LEONARDA,0,1,1
BERLINIO,0,1,1
BERLIO,0,1,1
BERLIOZ,0,1,1
BERLISA,0,1,1
BERMEAMADO,0,1,1
BERMON,0,1,1
BERMORIS,0,1,1
BERMY,0,1,1
BERNABE SANDRA,0,1,1
BERNABET,0,1,1
BERNABIT,0,1,1
BERNADETT,0,1,1
BERNAGS,0,1,1
BERNALD,0,1,1
BERNALDICIS,0,1,1
BERNALDITO,0,1,1
BERNALEY,0,1,1
BERNALISIS,0,1,1
BERNANDE,0,1,1
BERNAQUI,0,1,1
BERNARD OLIVIER,0,1,1
BERNARDA ANGELA,0,1,1
BERNARDA BELEN,0,1,1
BERNARDA DELMI,0,1,1
BERNARDETTY,0,1,1
BERNARDICIA,0,1,1
BERNARDO ELIAS,0,1,1
BERNARDO SIERRA,0,1,1
BERNARDONE,0,1,1
BERNASCONY,0,1,1
BERNAVID,0,1,1
BERNECIS,0,1,1
BERNELCY,0,1,1
BERNELY,0,1,1
BERNERCE,0,1,1
BERNERT,0,1,1
BERNESI,0,1,1
BERNIBARDEL,0,1,1
BERNICA,0,1,1
BERNISE,0,1,1
BERNISSE,0,1,1
BERNIZE,0,1,1
BERNOLDO,0,1,1
BERONITA,0,1,1
BERRIOS,0,1,1
BERSA  ARELY,0,1,1
BERSABED,0,1,1
BERSABEE,0,1,1
BERSABES,0,1,1
BERSABILIO,0,1,1
BERSAI,0,1,1
BERSALY,0,1,1
BERSANY,0,1,1
BERSARI,0,1,1
BERSAVIT,0,1,1
BERSAY,0,1,1
BERSAYETH,0,1,1
BERSEBA,0,1,1
BERSEDABA,0,1,1
BERSEI,0,1,1
BERSELIN,0,1,1
BERSEY,0,1,1
BERSEYI,0,1,1
BERSILIN,0,1,1
BERSILY,0,1,1
BERSITA,0,1,1
BERSOBE,0,1,1
BERSORINA,0,1,1
BERSUMINA,0,1,1
BERTA AMELIA,0,1,1
BERTA CORINA,0,1,1
BERTA DEL CARME,0,1,1
BERTA ELISIDA,0,1,1
BERTA EMILIA,0,1,1
BERTA ESTELA,0,1,1
BERTA LICIA,0,1,1
BERTA LICIDA,0,1,1
BERTA LINA,0,1,1
BERTA SARAI,0,1,1
BERTALICIO,0,1,1
BERTALINDA,0,1,1
BERTALINO,0,1,1
BERTALIS,0,1,1
BERTALISA,0,1,1
BERTALUCY,0,1,1
BERTAN,0,1,1
BERTHALYDIA,0,1,1
BERTHI,0,1,1
BERTHIET,0,1,1
BERTHONI,0,1,1
BERTHRAND,0,1,1
BERTHYM,0,1,1
BERTHZABE,0,1,1
BERTICINIA,0,1,1
BERTIDOLINA,0,1,1
BERTILA DE JESU,0,1,1
BERTILA DEL CAR,0,1,1
BERTILAA,0,1,1
BERTIM,0,1,1
BERTIN ,0,1,1
BERTINDA,0,1,1
BERTINI,0,1,1
BERTIZ JESUS,0,1,1
BERTOLO,0,1,1
BERTOLOCIS,0,1,1
BERTRAD,0,1,1
BERTRANA,0,1,1
BERTRANH,0,1,1
BERTTRAN,0,1,1
BERTZABET,0,1,1
BERUTINIO,0,1,1
BERXIS,0,1,1
BERYENI,0,1,1
BERYQNY,0,1,1
BERZAHI,0,1,1
BERZAI,0,1,1
BERZAIDA,0,1,1
BERZAIR,0,1,1
BERZALINA,0,1,1
BERZAVE,0,1,1
BERZAVETH,0,1,1
BERZAYDA,0,1,1
BESABEL,0,1,1
BESABET,0,1,1
BESABETH,0,1,1
BESAHARA,0,1,1
BESAIN,0,1,1
BESAIRA,0,1,1
BESALETH,0,1,1
BESALINA,0,1,1
BESANOC,0,1,1
BESANY,0,1,1
BESBRONIA,0,1,1
BESEDONIA,0,1,1
BESEL,0,1,1
BESELY,0,1,1
BESELYN,0,1,1
BESERENANDO,0,1,1
BESFAMIA,0,1,1
BESHARA,0,1,1
BESIBEL,0,1,1
BESJASMIN,0,1,1
BESLAEL,0,1,1
BESLAN,0,1,1
BESSAIDA,0,1,1
BESSEY,0,1,1
BESSOY,0,1,1
BESSY DE JESUS,0,1,1
BESSY ERNESTINA,0,1,1
BESSY MARGARITA,0,1,1
BESSY MARLENY,0,1,1
BESSY YOLANDA,0,1,1
BESSYN,0,1,1
BESSYS,0,1,1
BESTINA,0,1,1
BESTRIZ,0,1,1
BESUE,0,1,1
BESURI,0,1,1
BESY DEL CARMEN,0,1,1
BESY ESPERANZA,0,1,1
BESY YANETH,0,1,1
BETABEL,0,1,1
BETANCE,0,1,1
BETANI,0,1,1
BETANIO,0,1,1
BETARIZ,0,1,1
BETCEDA,0,1,1
BETE ERLI,0,1,1
BETEHEL,0,1,1
BETELD,0,1,1
BETELGEUSE,0,1,1
BETELY,0,1,1
BETH SHABETH,0,1,1
BETHARY,0,1,1
BETHIA,0,1,1
BETHOVEN,0,1,1
BETHOWEN,0,1,1
BETHVEL,0,1,1
BETHZAYDA,0,1,1
BETHZAZAR,0,1,1
BETHZUA,0,1,1
BETIHINA,0,1,1
BETILDE,0,1,1
BETIS OMARA,0,1,1
BETISSIA,0,1,1
BETIT,0,1,1
BETITH,0,1,1
BETIY,0,1,1
BETIYS,0,1,1
BETLANIA,0,1,1
BETMAN,0,1,1
BETONIA,0,1,1
BETONY,0,1,1
BETRAN,0,1,1
BETRAND,0,1,1
BETSABEE,0,1,1
BETSABI,0,1,1
BETSALZAR,0,1,1
BETSAVE,0,1,1
BETSEMES,0,1,1
BETSIE,0,1,1
BETTEGA,0,1,1
BETTHI,0,1,1
BETTIZ,0,1,1
BETTOVEN,0,1,1
BETTSEY,0,1,1
BETTYLU,0,1,1
BETUETH,0,1,1
BETULIA EREGOY,0,1,1
BETULIN,0,1,1
BETY BEIBY,0,1,1
BETZABED,0,1,1
BETZABEH,0,1,1
BETZABER,0,1,1
BETZAIRA,0,1,1
BETZAL,0,1,1
BETZALDA,0,1,1
BETZAVE,0,1,1
BETZHABE,0,1,1
BETZZABE,0,1,1
BEVERLI,0,1,1
BEXABEL,0,1,1
BEXADE,0,1,1
BEXAIDES,0,1,1
BEXEME,0,1,1
BEXEY,0,1,1
BEXIDIANA,0,1,1
BEXSAEL,0,1,1
BEXSAIDA,0,1,1
BEYALID,0,1,1
BEYANIRA,0,1,1
BEYBA,0,1,1
BEYBYN,0,1,1
BEYCEY,0,1,1
BEYDANIA,0,1,1
BEYNELDA,0,1,1
BEYORITH,0,1,1
BEYS,0,1,1
BEYSABEE,0,1,1
BEYSABETH,0,1,1
BEYSEBE,0,1,1
BEYSERTINA,0,1,1
BEYSI ELIA,0,1,1
BEZABEEL,0,1,1
BEZABEL,0,1,1
BEZABET,0,1,1
BEZABETH,0,1,1
BEZAI,0,1,1
BEZE,0,1,1
BEZEE,0,1,1
BEZZALEL,0,1,1
BHELLANY,0,1,1
BHELTSEBA,0,1,1
BHETI,0,1,1
BIACELY,0,1,1
BIACI,0,1,1
BIAGNE,0,1,1
BIALECSITE,0,1,1
BIALVIR,0,1,1
BIANCA PAMELA,0,1,1
BIANEC,0,1,1
BIANEIT,0,1,1
BIANELL,0,1,1
BIANNETH,0,1,1
BIANNEY DOLORES,0,1,1
BIANUEVA,0,1,1
BIANZA,0,1,1
BIATRIZ VILE,0,1,1
BIBALDI,0,1,1
BIBERTO,0,1,1
BIBIETH,0,1,1
BIBILETH,0,1,1
BIBION,0,1,1
BIBLIA,0,1,1
BICARINA,0,1,1
BICDONIO,0,1,1
BICENSINA,0,1,1
BICHARA,0,1,1
BICNUHI,0,1,1
BICSAEL,0,1,1
BICTENIA,0,1,1
BICTORINO,0,1,1
BICXAIDA,0,1,1
BIDAGIL,0,1,1
BIDAID,0,1,1
BIDALVINA,0,1,1
BIDAUL,0,1,1
BIDAVINA,0,1,1
BIDELINA,0,1,1
BIDELMINA,0,1,1
BIDENCIA,0,1,1
BIDIA,0,1,1
BIDINDI,0,1,1
BIDINE,0,1,1
BIDINI,0,1,1
BIELMA,0,1,1
BIENVINIDO,0,1,1
BIGARMEN,0,1,1
BIGDALINA,0,1,1
BIGDELIO,0,1,1
BIGNORIES,0,1,1
BIGOBERTO,0,1,1
BIGOY,0,1,1
BIKARIN,0,1,1
BIKET,0,1,1
BILABERTO,0,1,1
BILAMI  ELI,0,1,1
BILDADA,0,1,1
BILDADES,0,1,1
BILDALL,0,1,1
BILETH,0,1,1
BILEY,0,1,1
BILFIDA,0,1,1
BILGAI,0,1,1
BILI,0,1,1
BILIDONIO,0,1,1
BILIO,0,1,1
BILIS,0,1,1
BILIXA,0,1,1
BILL ONELL,0,1,1
BILLAMEY,0,1,1
BILLANUEVA,0,1,1
BILLBERTO,0,1,1
BILLEY,0,1,1
BILLONEIL,0,1,1
BILLONEY,0,1,1
BILLY GRAHAM,0,1,1
BILMA  LUZ,0,1,1
BILMA ELISABETH,0,1,1
BILMAR,0,1,1
BILPER,0,1,1
BILSIADES,0,1,1
BILVANA,0,1,1
BIMARD,0,1,1
BIMILIC,0,1,1
BINABEL,0,1,1
BINAI,0,1,1
BINDALIA,0,1,1
BINDECK,0,1,1
BINED,0,1,1
BINEL,0,1,1
BINELI,0,1,1
BINEY,0,1,1
BING XING,0,1,1
BINGEL,0,1,1
BININI,0,1,1
BINJAMIN,0,1,1
BINNE,0,1,1
BINNERY,0,1,1
BINOVA,0,1,1
BINOVEY,0,1,1
BIO BACK,0,1,1
BIONEL,0,1,1
BIONEX,0,1,1
BIONOY,0,1,1
BIOSANA,0,1,1
BIPERTO,0,1,1
BIR,0,1,1
BIRCELDA,0,1,1
BIRENE,0,1,1
BIRFALIA,0,1,1
BIRGENCINA,0,1,1
BIRGGETTE,0,1,1
BIRGIDIA,0,1,1
BIRINA,0,1,1
BIRIRIANA,0,1,1
BIRMAC,0,1,1
BIRMAK,0,1,1
BIRMANA,0,1,1
BIRNALDA,0,1,1
BIRNARDIR,0,1,1
BIRSABITH,0,1,1
BIRSAI,0,1,1
BIRSAYIT,0,1,1
BIRTALINA,0,1,1
BIRTILIA,0,1,1
BIRZANIT,0,1,1
BIRZAVIT,0,1,1
BIRZAYITH,0,1,1
BISAITH,0,1,1
BISANDA,0,1,1
BISELTA,0,1,1
BISENCIA,0,1,1
BISENCIO,0,1,1
BISENTE,0,1,1
BISH,0,1,1
BISHIR ODEH,0,1,1
BISI,0,1,1
BISMANIA,0,1,1
BISMEL,0,1,1
BISSET,0,1,1
BISSETH,0,1,1
BISTELA,0,1,1
BITALIANO,0,1,1
BITALISIO,0,1,1
BITDONIO,0,1,1
BITELA,0,1,1
BITELVA,0,1,1
BITERIO,0,1,1
BITILIO,0,1,1
BITONIO,0,1,1
BIUNELIO,0,1,1
BIXABEL,0,1,1
BIXABY,0,1,1
BIXIANA,0,1,1
BIXIDIA,0,1,1
BIYALEC,0,1,1
BIYAMAY,0,1,1
BIZABITH,0,1,1
BIZAIL,0,1,1
BIZZETH,0,1,1
BJORCK,0,1,1
BLACILA,0,1,1
BLADALINA,0,1,1
BLADERIN,0,1,1
BLADERMIR,0,1,1
BLADIMAR,0,1,1
BLADIMIR ILLICH,0,1,1
BLADIMIR LENIN,0,1,1
BLADIMIR ULICES,0,1,1
BLADIMYR,0,1,1
BLADIR,0,1,1
BLADISMIR,0,1,1
BLAHEMY,0,1,1
BLAIMIRO,0,1,1
BLAIN,0,1,1
BLAIZE,0,1,1
BLAKCLIN,0,1,1
BLAKELY,0,1,1
BLAKES,0,1,1
BLANCA  MIRIAN,0,1,1
BLANCA  NIEVE,0,1,1
BLANCA AGUSTINA,0,1,1
BLANCA AIDA,0,1,1
BLANCA ANDREA,0,1,1
BLANCA ARASELI,0,1,1
BLANCA AYDE,0,1,1
BLANCA BELDA,0,1,1
BLANCA CELIA,0,1,1
BLANCA DE JESUS,0,1,1
BLANCA EDIZ,0,1,1
BLANCA ELIA,0,1,1
BLANCA ELVIRA,0,1,1
BLANCA EMILIA,0,1,1
BLANCA ETELBINA,0,1,1
BLANCA FLORINDA,0,1,1
BLANCA GLADIS,0,1,1
BLANCA GLORIA,0,1,1
BLANCA HILDA,0,1,1
BLANCA IRIS,0,1,1
BLANCA LILIAM,0,1,1
BLANCA LILIAN,0,1,1
BLANCA LIZETH,0,1,1
BLANCA LUZ,0,1,1
BLANCA MAGNOLIA,0,1,1
BLANCA MARIBEL,0,1,1
BLANCA MEDEA,0,1,1
BLANCA MIRIAM,0,1,1
BLANCA NERI,0,1,1
BLANCA NUBIA,0,1,1
BLANCA OFELIA,0,1,1
BLANCA ONORIA,0,1,1
BLANCA SENOVIA,0,1,1
BLANCA SUYAPA,0,1,1
BLANCA ZULEMA,0,1,1
BLANCHS,0,1,1
BLANDETH,0,1,1
BLANDIMEN,0,1,1
BLANQUER,0,1,1
BLANQUICEL,0,1,1
BLANTON,0,1,1
BLAOMIR,0,1,1
BLARIMIRO,0,1,1
BLAS  LEONICIO,0,1,1
BLAS ABELARDO,0,1,1
BLAS ADOLFO,0,1,1
BLAS ALBERTO,0,1,1
BLAS ALEJANDRO,0,1,1
BLAS AMBROCIO,0,1,1
BLAS AMILCAR,0,1,1
BLAS ANDRES,0,1,1
BLAS ANGEL,0,1,1
BLAS AUGUSTO,0,1,1
BLAS CALAZAN,0,1,1
BLAS CASIMIRO,0,1,1
BLAS CEFERINO,0,1,1
BLAS CRISTOBAL,0,1,1
BLAS DECIDERIO,0,1,1
BLAS DONACIANO,0,1,1
BLAS EDILBERTO,0,1,1
BLAS EDUARDO,0,1,1
BLAS ELCIDES,0,1,1
BLAS ELEODORO,0,1,1
BLAS ENEMECIO,0,1,1
BLAS FLORENCIO,0,1,1
BLAS HOSTILIO,0,1,1
BLAS HUMBERTO,0,1,1
BLAS ISIDRO,0,1,1
BLAS JESUS,0,1,1
BLAS OBDULIO,0,1,1
BLAS ORLANDO,0,1,1
BLAS RAMON,0,1,1
BLAS ROLANDO,0,1,1
BLAS ROMAN,0,1,1
BLAS RUFINO,0,1,1
BLAS RUTILIO,0,1,1
BLAS TITO,0,1,1
BLAS VICTORIANO,0,1,1
BLASIMA,0,1,1
BLASINA LIDIA,0,1,1
BLASINI,0,1,1
BLAUCHE,0,1,1
BLEDIMIR,0,1,1
BLEDIMIRO,0,1,1
BLESSING,0,1,1
BLICELDA,0,1,1
BLIDAMIR,0,1,1
BLILMA,0,1,1
BLIVIN,0,1,1
BLUVINDA,0,1,1
BNEALINA,0,1,1
BO,0,1,1
BOAGERGES,0,1,1
BOAGNER,0,1,1
BOANERGGE,0,1,1
BOANERGIS,0,1,1
BOARNERGE,0,1,1
BOBIER,0,1,1
BOBLENE,0,1,1
BOBRAN,0,1,1
BODEGO,0,1,1
BODIDLE,0,1,1
BOECK,0,1,1
BOEL,0,1,1
BOENERGEN,0,1,1
BOGARD,0,1,1
BOHAMERGES,0,1,1
BOHANEGES,0,1,1
BOHANERGEN,0,1,1
BOHELIA,0,1,1
BOHONERGE,0,1,1
BOISEN,0,1,1
BOJANEX,0,1,1
BOLANOW,0,1,1
BOLDO,0,1,1
BOLIVER,0,1,1
BOLKI,0,1,1
BOLONIO,0,1,1
BOLOY,0,1,1
BOMERY,0,1,1
BONARGE,0,1,1
BONARGES,0,1,1
BONDY,0,1,1
BONE,0,1,1
BONEFACIA,0,1,1
BONELGE,0,1,1
BONELGER,0,1,1
BONELIO,0,1,1
BONER,0,1,1
BONERY,0,1,1
BONES,0,1,1
BONETH,0,1,1
BONEYRE,0,1,1
BONGAUR,0,1,1
BONI,0,1,1
BONIC,0,1,1
BONIDARDO,0,1,1
BONIEEK,0,1,1
BONIEG,0,1,1
BONIFAZIO,0,1,1
BONIFICA,0,1,1
BONIHERY,0,1,1
BONILDA,0,1,1
BONILLA,0,1,1
BONILSE,0,1,1
BONIN,0,1,1
BONITO,0,1,1
BONNIE ARIEL,0,1,1
BONO,0,1,1
BONUEL,0,1,1
BONYS,0,1,1
BORBALA,0,1,1
BORBONIA,0,1,1
BORDETA,0,1,1
BORDGINIA,0,1,1
BOREGAN,0,1,1
BORGE,0,1,1
BORGENIE,0,1,1
BORGES DE C,0,1,1
BORGONIA,0,1,1
BORJES,0,1,1
BORNERGE,0,1,1
BORNET,0,1,1
BORNICE,0,1,1
BORNISE,0,1,1
BORROME,0,1,1
BORRONIERO,0,1,1
BORTIN,0,1,1
BORTING,0,1,1
BORVONOVO,0,1,1
BORY,0,1,1
BORYAN,0,1,1
BORYUINIA,0,1,1
BOSAFA,0,1,1
BOSET,0,1,1
BOSET ARMANDO,0,1,1
BOSNAY,0,1,1
BOUANERGES,0,1,1
BOURNIE,0,1,1
BOWER,0,1,1
BOXDEN,0,1,1
BOY,0,1,1
BOYELL,0,1,1
BRABLIA,0,1,1
BRACAMONTE,0,1,1
BRACILIA,0,1,1
BRACIVEL,0,1,1
BRADI,0,1,1
BRADILIED,0,1,1
BRADIMIRO,0,1,1
BRADLY,0,1,1
BRAGIN,0,1,1
BRAICAL,0,1,1
BRAIDE,0,1,1
BRAIDWOOD,0,1,1
BRAIRON,0,1,1
BRAITON,0,1,1
BRAKCEDY,0,1,1
BRAM,0,1,1
BRANDAL,0,1,1
BRANDEL,0,1,1
BRANDER,0,1,1
BRANELL,0,1,1
BRANLY,0,1,1
BRANNER,0,1,1
BRASIELDA,0,1,1
BRASSABOLIA,0,1,1
BRATRIS,0,1,1
BRAUL,0,1,1
BRAYA,0,1,1
BRAYCAL,0,1,1
BRAYNN,0,1,1
BRAZILIAN,0,1,1
BREADELDA,0,1,1
BREBIS,0,1,1
BREDELINDA,0,1,1
BREDENING,0,1,1
BREDERLINDA,0,1,1
BREDYS,0,1,1
BREGIDEL,0,1,1
BREGITH,0,1,1
BREILY,0,1,1
BREJETH,0,1,1
BREN,0,1,1
BRENAVIDE,0,1,1
BRENDA IDALIA,0,1,1
BRENDA SIOMARA,0,1,1
BRENDA SUYAPA,0,1,1
BRENDEL,0,1,1
BRENDINA,0,1,1
BRENEDI,0,1,1
BRENEDY,0,1,1
BRENELA,0,1,1
BRENELLA,0,1,1
BRENETTA,0,1,1
BRENIC,0,1,1
BRENIFREDO,0,1,1
BRENN,0,1,1
BRENNET,0,1,1
BRENSIN,0,1,1
BRERNAN,0,1,1
BRESEYDA,0,1,1
BRESNELLY,0,1,1
BRESNETH,0,1,1
BREY,0,1,1
BREYON,0,1,1
BREZETH,0,1,1
BREZNEY,0,1,1
BRIANELDA,0,1,1
BRIANETH,0,1,1
BRICELBA,0,1,1
BRICELY,0,1,1
BRICENTINA,0,1,1
BRID,0,1,1
BRIDDEL,0,1,1
BRIDGEATH,0,1,1
BRIDGETT,0,1,1
BRIDGITTE,0,1,1
BRIDIT,0,1,1
BRIDIZ,0,1,1
BRIEES,0,1,1
BRIGEAT,0,1,1
BRIGETTEE,0,1,1
BRIGGET,0,1,1
BRIGGITH,0,1,1
BRIGILTE,0,1,1
BRIGITT,0,1,1
BRIGRITTE,0,1,1
BRIJITTD,0,1,1
BRIKZEL,0,1,1
BRILLET,0,1,1
BRINDA DE JESUS,0,1,1
BRINDICCI,0,1,1
BRINDICE,0,1,1
BRINDICIS,0,1,1
BRINDISY,0,1,1
BRINDLY,0,1,1
BRINDOLFO,0,1,1
BRINEL,0,1,1
BRINELDA,0,1,1
BRINELLA,0,1,1
BRINERA,0,1,1
BRINETTE,0,1,1
BRINEX,0,1,1
BRINNER,0,1,1
BRIONEL,0,1,1
BRISCELDO,0,1,1
BRISEH,0,1,1
BRISELDAD,0,1,1
BRISELDINA,0,1,1
BRISELL,0,1,1
BRISENA,0,1,1
BRISET,0,1,1
BRISSEL,0,1,1
BRISSON,0,1,1
BRISTELIA,0,1,1
BRITANIA,0,1,1
BRITANICO,0,1,1
BRIVANI,0,1,1
BRIYET,0,1,1
BRIYIDA,0,1,1
BRIYIT,0,1,1
BRIZARIA,0,1,1
BRIZILLA,0,1,1
BRODIMIR,0,1,1
BROLINDA,0,1,1
BRONA,0,1,1
BRONERI,0,1,1
BRONETH,0,1,1
BROOK,0,1,1
BROONKLIN,0,1,1
BROSIOUS,0,1,1
BROWN,0,1,1
BRUCE III,0,1,1
BRUCELEE,0,1,1
BRUINDO,0,1,1
BRUK,0,1,1
BRUNEDY,0,1,1
BRUNEL,0,1,1
BRUNES,0,1,1
BRUNETT,0,1,1
BRUNNER,0,1,1
BRUNO IAN,0,1,1
BRUNO SERGIO,0,1,1
BRUSENDALF,0,1,1
BRUTCE,0,1,1
BRUTON,0,1,1
BRUXTON,0,1,1
BRY,0,1,1
BRYCETH,0,1,1
BRYHAN,0,1,1
BRYNNERY,0,1,1
BUALBERTA,0,1,1
BUCANA,0,1,1
BUCHANAN,0,1,1
BUCHARD,0,1,1
BUCLIMAN,0,1,1
BUDELIA,0,1,1
BUDELIO,0,1,1
BUDINA,0,1,1
BUEL,0,1,1
BUEN CONCEJO,0,1,1
BUENA AVENTURA,0,1,1
BUENATAN,0,1,1
BUENAVENTURA  M,0,1,1
BUENAVY,0,1,1
BUENERJIS,0,1,1
BUESO,0,1,1
BUFILDA,0,1,1
BUGUNIA,0,1,1
BULAH,0,1,1
BULLA,0,1,1
BULMARA,0,1,1
BULMARIA,0,1,1
BUNDIA,0,1,1
BUNERGES,0,1,1
BURCHARD,0,1,1
BURDETT,0,1,1
BURLESON,0,1,1
BURLON,0,1,1
BURNADREAN,0,1,1
BURNNIS,0,1,1
BURNSTEIN,0,1,1
BURRELL,0,1,1
BURRUNCO,0,1,1
BURTA,0,1,1
BURTY,0,1,1
BUSSY,0,1,1
BUSTAMANTE,0,1,1
BUTHIEMAY,0,1,1
BUTILIA,0,1,1
BUTILIO,0,1,1
BYRANT,0,1,1
BYRD,0,1,1
C DEL CARMEN,0,1,1
C ESAR,0,1,1
CA.LOS,0,1,1
CABAT,0,1,1
CABINO,0,1,1
CABIR,0,1,1
CABRINA,0,1,1
CABRINI,0,1,1
CACCIO,0,1,1
CACELIA,0,1,1
CACERES,0,1,1
CADARLENA,0,1,1
CADELARIA,0,1,1
CADIANY,0,1,1
CADUC,0,1,1
CAFANY,0,1,1
CAHILL,0,1,1
CAL,0,1,1
CALAZAM,0,1,1
CALDERON,0,1,1
CALEIF,0,1,1
CALELO,0,1,1
CALENDARIA,0,1,1
CALENDARIO,0,1,1
CALESAN,0,1,1
CALFORD,0,1,1
CALHOUN,0,1,1
CALIBALDY,0,1,1
CALIF,0,1,1
CALIMERA,0,1,1
CALINARIO,0,1,1
CALIXA,0,1,1
CALIXTA RAMONA,0,1,1
CALIXY,0,1,1
CALIZ,0,1,1
CALLECENICA,0,1,1
CALLO,0,1,1
CALO,0,1,1
CALOZON,0,1,1
CALPINA,0,1,1
CALSON,0,1,1
CALUN,0,1,1
CALUVINA,0,1,1
CAM,0,1,1
CAMADIEL,0,1,1
CAMAEAL,0,1,1
CAMARIA,0,1,1
CAMARLENY,0,1,1
CAMELINA,0,1,1
CAMELY,0,1,1
CAMERCINDO,0,1,1
CAMIEL,0,1,1
CAMILA DELCIDES,0,1,1
CAMILA LELIS,0,1,1
CAMILA TEODORA,0,1,1
CAMILETH,0,1,1
CAMILIO,0,1,1
CAMILO DE LELIS,0,1,1
CAMILO LELIS,0,1,1
CAMISIA,0,1,1
CAMOON,0,1,1
CAMPHELL,0,1,1
CAMPONELLA,0,1,1
CAMPOS,0,1,1
CAMRON,0,1,1
CAMTALICIO,0,1,1
CANAHAN,0,1,1
CANAN,0,1,1
CANCEPCION,0,1,1
CANCESA,0,1,1
CANDE,0,1,1
CANDELARIA SUYA,0,1,1
CANDIANO,0,1,1
CANDIDA ALICIA,0,1,1
CANDIDA AURORA,0,1,1
CANDIDA ESTER,0,1,1
CANDIDA LUZ,0,1,1
CANDIDO TULIO,0,1,1
CANDINA,0,1,1
CANDO,0,1,1
CANELAS,0,1,1
CANELIA,0,1,1
CANI,0,1,1
CANNADY,0,1,1
CANNE,0,1,1
CANSTANTINO,0,1,1
CANSUELA,0,1,1
CANTALIS,0,1,1
CANTARCIA,0,1,1
CANTOBERY,0,1,1
CANTOR,0,1,1
CANTORBAR,0,1,1
CANTUARIENSE,0,1,1
CANTULICIO,0,1,1
CAPIRTRANO,0,1,1
CAPITOLIA,0,1,1
CAPIX,0,1,1
CARABANTES,0,1,1
CARACCIOL,0,1,1
CARACCIOLIS,0,1,1
CARACCIOLY,0,1,1
CARACIOLA,0,1,1
CARACIOLI,0,1,1
CARACSIOLA,0,1,1
CARAESIOLES,0,1,1
CARALCIO,0,1,1
CARAXIOLI,0,1,1
CARAXIOLY,0,1,1
CARBALLO,0,1,1
CARBON,0,1,1
CARCEANA,0,1,1
CARDELINA,0,1,1
CARDENEL,0,1,1
CARDENIA,0,1,1
CARDINA,0,1,1
CARDNEL,0,1,1
CARDNELL,0,1,1
CARDOGAN,0,1,1
CARELIS,0,1,1
CARENI,0,1,1
CARENNE,0,1,1
CARENYNY,0,1,1
CAREXIOL,0,1,1
CAREY,0,1,1
CAREYLA,0,1,1
CARIBETH,0,1,1
CARIBINIS,0,1,1
CARICCIA,0,1,1
CARIDAD DEL COB,0,1,1
CARIELA,0,1,1
CARIMEN,0,1,1
CARIO,0,1,1
CARITIA,0,1,1
CARITINE,0,1,1
CARIXSA,0,1,1
CARIZA,0,1,1
CARL LOHNE,0,1,1
CARLA AZUCENA,0,1,1
CARLAND,0,1,1
CARLEDY,0,1,1
CARLEM,0,1,1
CARLENIA,0,1,1
CARLENTON,0,1,1
CARLES,0,1,1
CARLETTE,0,1,1
CARLHO,0,1,1
CARLIBEHT,0,1,1
CARLICES,0,1,1
CARLIE,0,1,1
CARLINE,0,1,1
CARLISIS,0,1,1
CARLISLE,0,1,1
CARLO MAGNO,0,1,1
CARLOLI,0,1,1
CARLOS',0,1,1
CARLOS  MAGNO,0,1,1
CARLOS AGUSTIN,0,1,1
CARLOS AGUSTO,0,1,1
CARLOS DANIEL,0,1,1
CARLOS DE DIOS,0,1,1
CARLOS EMILIO,0,1,1
CARLOS ENRIQUE,0,1,1
CARLOS ENRIQUES,0,1,1
CARLOS ERASMO,0,1,1
CARLOS ESPERANZ,0,1,1
CARLOS ESTUARDO,0,1,1
CARLOS ISIDRO,0,1,1
CARLOS MAN,0,1,1
CARLOS MANRIQUE,0,1,1
CARLOS MARLON,0,1,1
CARLOS MARTIN,0,1,1
CARLOS MIGUEL,0,1,1
CARLOS NOEL,0,1,1
CARLOS ORLANDO,0,1,1
CARLOS OVIDIO,0,1,1
CARLOS RAFAEL,0,1,1
CARLOS RENAN,0,1,1
CARLOS ROLDAN,0,1,1
CARLOS SAHID,0,1,1
CARLOS YADIR,0,1,1
CARLOSALBERTO,0,1,1
CARLOSCAR,0,1,1
CARLOSVINDA,0,1,1
CARLOTA MARIBEL,0,1,1
CARLOTA SARAI,0,1,1
CARLOTA VERONIC,0,1,1
CARLOTER,0,1,1
CARLOTHA,0,1,1
CARLOTIA,0,1,1
CARLOTTA,0,1,1
CARLOZ,0,1,1
CARLSTON,0,1,1
CARLUCIO,0,1,1
CARLUVINDA,0,1,1
CARLYLE,0,1,1
CARMA,0,1,1
CARMECI,0,1,1
CARMELA LALIS,0,1,1
CARMELA SUYAPA,0,1,1
CARMELINDAS,0,1,1
CARMEN   VELIX,0,1,1
CARMEN  ALBINA,0,1,1
CARMEN ADELINA,0,1,1
CARMEN ALICIA,0,1,1
CARMEN AMALIA,0,1,1
CARMEN AMPARO,0,1,1
CARMEN ARACELY,0,1,1
CARMEN ARCELI,0,1,1
CARMEN ASUSENA,0,1,1
CARMEN AZUCENA,0,1,1
CARMEN CECILIA,0,1,1
CARMEN CONSUELO,0,1,1
CARMEN DOLORES,0,1,1
CARMEN ELIZABET,0,1,1
CARMEN EMELDA,0,1,1
CARMEN ENRIQUE,0,1,1
CARMEN ERLINDA,0,1,1
CARMEN IDARELA,0,1,1
CARMEN IRACEMA,0,1,1
CARMEN ISABEL,0,1,1
CARMEN IZABEL,0,1,1
CARMEN JERONIMO,0,1,1
CARMEN LEONILA,0,1,1
CARMEN LETICIA,0,1,1
CARMEN LIDIA,0,1,1
CARMEN LORENA,0,1,1
CARMEN MARGOT,0,1,1
CARMEN MARIA,0,1,1
CARMEN MARILU,0,1,1
CARMEN MELANIA,0,1,1
CARMEN MELIDA,0,1,1
CARMEN MERCEDES,0,1,1
CARMEN PATRICIA,0,1,1
CARMEN REINERIA,0,1,1
CARMEN REYMUNDA,0,1,1
CARMEN ROLANDO,0,1,1
CARMEN SAGRARIO,0,1,1
CARMEN SERVANDA,0,1,1
CARMEN TADEO,0,1,1
CARMEN VENICIA,0,1,1
CARMEN VENTURA,0,1,1
CARMEN WILFREDO,0,1,1
CARMEN YAMILETH,0,1,1
CARMENTA,0,1,1
CARMENTAL,0,1,1
CARMICHAEL,0,1,1
CARMILDO,0,1,1
CARMINDA ROSA,0,1,1
CARNALIEL,0,1,1
CAROBELL,0,1,1
CAROCCIOLE,0,1,1
CAROFINA,0,1,1
CAROINA,0,1,1
CAROL ANN,0,1,1
CAROL SOBEYDA,0,1,1
CAROLIBEX,0,1,1
CAROLILNA,0,1,1
CAROLINA DEL MA,0,1,1
CAROLINA EDENIA,0,1,1
CAROLINA JOAQUI,0,1,1
CAROLIONA,0,1,1
CAROLLINA,0,1,1
CAROLNEYDA,0,1,1
CAROLONIA,0,1,1
CAROLYNN,0,1,1
CARPENTER,0,1,1
CARRACCIOLY,0,1,1
CARRACIOLO,0,1,1
CARRACIOLOGO,0,1,1
CARRACXIOLY,0,1,1
CARRANS,0,1,1
CARREÑO,0,1,1
CARREËO,0,1,1
CARREN,0,1,1
CARRISON,0,1,1
CARRMINDA,0,1,1
CARROL GLADYS,0,1,1
CARROLAM,0,1,1
CARROLE,0,1,1
CARTALINA,0,1,1
CARTLEE,0,1,1
CARTOS,0,1,1
CARVAY,0,1,1
CARY JANETH,0,1,1
CARYM,0,1,1
CASEANO,0,1,1
CASEL,0,1,1
CASELI,0,1,1
CASIS,0,1,1
CASLANA,0,1,1
CASLUBIN,0,1,1
CASSELL,0,1,1
CASSIDIE,0,1,1
CASSIDY,0,1,1
CASSINA,0,1,1
CASTA CARMINDA,0,1,1
CASTA EMELINA,0,1,1
CASTA JUSTINA,0,1,1
CASTAËEDA,0,1,1
CASTAËO,0,1,1
CASTAFLOR,0,1,1
CASTAN,0,1,1
CASTEDA,0,1,1
CASTELA,0,1,1
CASTELLANOS,0,1,1
CASTILLA,0,1,1
CASTO ARMANDO,0,1,1
CASTULITO,0,1,1
CASTULO SANTOS,0,1,1
CASULAY,0,1,1
CASWRALL,0,1,1
CASZELLY,0,1,1
CASZELY,0,1,1
CATABETH,0,1,1
CATALIA,0,1,1
CATALINA ENA,0,1,1
CATALINA NUEMI,0,1,1
CATALIS,0,1,1
CATALNA,0,1,1
CATAREN,0,1,1
CATARIN,0,1,1
CATERINA,0,1,1
CATERIO,0,1,1
CATHALINA,0,1,1
CATHERINA E,0,1,1
CATINIA,0,1,1
CATLA,0,1,1
CATLAINA,0,1,1
CATLEN,0,1,1
CATORBEY,0,1,1
CATREDAD,0,1,1
CATRIN,0,1,1
CATRINA,0,1,1
CATRINE,0,1,1
CATTEN,0,1,1
CATUCHA,0,1,1
CAUDENCIO,0,1,1
CAUDINA,0,1,1
CAUNES,0,1,1
CAUTALACIO,0,1,1
CAVELL,0,1,1
CAVENEY,0,1,1
CAVIER,0,1,1
CAYCE,0,1,1
CAYELLAMO,0,1,1
CAYIN,0,1,1
CAYLIN,0,1,1
CAYNAN,0,1,1
CAYNE,0,1,1
CAZALEMA,0,1,1
CCECILIA,0,1,1
CCHONDAY,0,1,1
CEBADIAS,0,1,1
CEBEK,0,1,1
CEBERL,0,1,1
CECELIN,0,1,1
CECIA MARGARITA,0,1,1
CECIBELL,0,1,1
CECIEL,0,1,1
CECILIA ROXANA,0,1,1
CECILIA SUYAPA,0,1,1
CECILIA+,0,1,1
CECILILIO,0,1,1
CECILILO,0,1,1
CECILLA,0,1,1
CECILY,0,1,1
CECILYA,0,1,1
CECUNDA,0,1,1
CEDEC,0,1,1
CEDEIDA,0,1,1
CEDELMINIA,0,1,1
CEDEN,0,1,1
CEDES,0,1,1
CEDETH,0,1,1
CEDEX,0,1,1
CEDIAS,0,1,1
CEDIEL,0,1,1
CEDILET,0,1,1
CEDILIAN,0,1,1
CEDILLO,0,1,1
CEDISMUNDO,0,1,1
CEDIT,0,1,1
CEDLIEN,0,1,1
CEDON,0,1,1
CEDUDT,0,1,1
CEFEINA,0,1,1
CEFELA,0,1,1
CEFF,0,1,1
CEFO,0,1,1
CEIL,0,1,1
CEILIE,0,1,1
CEILIO,0,1,1
CEIRI,0,1,1
CELAJU,0,1,1
CELALDA,0,1,1
CELANDI,0,1,1
CELBIX,0,1,1
CELDIFONSA,0,1,1
CELEANE,0,1,1
CELEDINO,0,1,1
CELEDONA,0,1,1
CELEENA,0,1,1
CELEIDA,0,1,1
CELEIN,0,1,1
CELEISE,0,1,1
CELELVIA,0,1,1
CELEMIA,0,1,1
CELENCIA,0,1,1
CELENDA,0,1,1
CELENICIA,0,1,1
CELENIE,0,1,1
CELENISA,0,1,1
CELENYA,0,1,1
CELESMIMI,0,1,1
CELESTE MARIA,0,1,1
CELESTINA C,0,1,1
CELESTO,0,1,1
CELEXMIN,0,1,1
CELIA XIOMARA,0,1,1
CELIBETH,0,1,1
CELICA LYNN,0,1,1
CELICITA,0,1,1
CELIER,0,1,1
CELIL,0,1,1
CELIME,0,1,1
CELIN FELICIANO,0,1,1
CELINAH,0,1,1
CELINE,0,1,1
CELIOMARA,0,1,1
CELISABEL,0,1,1
CELISHIA,0,1,1
CELIXIA,0,1,1
CELIZ,0,1,1
CELIZABETH,0,1,1
CELLO,0,1,1
CELOIDA,0,1,1
CELSA PAZ,0,1,1
CELSO ABENICIO,0,1,1
CELSTINA,0,1,1
CELUSTRIANO,0,1,1
CELVIN  BENITO,0,1,1
CELVIN MAURICIO,0,1,1
CEM,0,1,1
CEMENTE,0,1,1
CEMIDA,0,1,1
CEMPROMINA,0,1,1
CENAIDE,0,1,1
CENAIDO,0,1,1
CENAMAN,0,1,1
CENARDUCIO,0,1,1
CENAY,0,1,1
CENDINA,0,1,1
CENEA,0,1,1
CENELDA,0,1,1
CENERA,0,1,1
CENGELMAR,0,1,1
CENILDA,0,1,1
CENNEN,0,1,1
CENODIA,0,1,1
CENSI,0,1,1
CENTENARIO,0,1,1
CENTROAMERICA,0,1,1
CEPRONINA,0,1,1
CERBANTE,0,1,1
CERBANTES,0,1,1
CERBERTINO,0,1,1
CERBOLO,0,1,1
CERDEN,0,1,1
CEREHI,0,1,1
CERELLA,0,1,1
CERILLO,0,1,1
CERILO,0,1,1
CERLY,0,1,1
CEROIN,0,1,1
CERONE,0,1,1
CERRINA,0,1,1
CERRODIT,0,1,1
CERRUFINO,0,1,1
CERVACIO,0,1,1
CERVALIA,0,1,1
CERVANTES,0,1,1
CERVANTINA,0,1,1
CERVILIANA,0,1,1
CERVITA,0,1,1
CERVITAS,0,1,1
CES,0,1,1
CESAR AGUSTO,0,1,1
CESAR ALVARADO,0,1,1
CESAR ANTONIO,0,1,1
CESAR ARTURO,0,1,1
CESAR DAVID,0,1,1
CESAR ENRIQUE,0,1,1
CESAR ENRRIQUE,0,1,1
CESAR HERNAN,0,1,1
CESAR III,0,1,1
CESAR IVAN,0,1,1
CESAR JULIAN,0,1,1
CESAR LEONEL,0,1,1
CESAR MANUEL,0,1,1
CESAR OBDULIO,0,1,1
CESAR OSMAN,0,1,1
CESAR PATRICIO,0,1,1
CESAR PEREZ,0,1,1
CESAR RAMON,0,1,1
CESAR REINALDO,0,1,1
CESARITO,0,1,1
CESILF,0,1,1
CESILIA DEL CAR,0,1,1
CESSILIO,0,1,1
CESTONY,0,1,1
CETANI,0,1,1
CETH,0,1,1
CETULIO,0,1,1
CETUR,0,1,1
CEUS,0,1,1
CEVILLA,0,1,1
CEXVIDEN,0,1,1
CEYDINA,0,1,1
CEYLA RAQUEL,0,1,1
CHABELY,0,1,1
CHACALIN,0,1,1
CHACK,0,1,1
CHACNEL,0,1,1
CHACON,0,1,1
CHAEL,0,1,1
CHAFICK,0,1,1
CHAGO,0,1,1
CHAHANDEL,0,1,1
CHAHIROL,0,1,1
CHAI,0,1,1
CHAIKOSKI,0,1,1
CHAKIRA,0,1,1
CHAKIRES,0,1,1
CHALIC,0,1,1
CHALMOR,0,1,1
CHAMINE,0,1,1
CHANAS,0,1,1
CHANELE,0,1,1
CHANELLY,0,1,1
CHANTALE,0,1,1
CHANTALL,0,1,1
CHARBONETT,0,1,1
CHARLENY,0,1,1
CHARLES RALPH,0,1,1
CHARLLY,0,1,1
CHARLO,0,1,1
CHARLYN,0,1,1
CHARLYNE,0,1,1
CHARMING,0,1,1
CHAROLTH,0,1,1
CHARRIGTON,0,1,1
CHASIDY,0,1,1
CHATRINE,0,1,1
CHAVALET,0,1,1
CHAVALI,0,1,1
CHAVELLA,0,1,1
CHAYAMON,0,1,1
CHAYENI,0,1,1
CHAYITO,0,1,1
CHEALINA,0,1,1
CHEARINTON,0,1,1
CHECK CHOI,0,1,1
CHEDROCK,0,1,1
CHEFIC,0,1,1
CHEFIK,0,1,1
CHELAJU,0,1,1
CHELENIA,0,1,1
CHELI,0,1,1
CHELON,0,1,1
CHEMA,0,1,1
CHEMEL,0,1,1
CHENTA,0,1,1
CHENTIA,0,1,1
CHENWA,0,1,1
CHERECINA,0,1,1
CHERENIE,0,1,1
CHERIE,0,1,1
CHERIE LEE,0,1,1
CHERLEU,0,1,1
CHERRIGAN,0,1,1
CHERRIL,0,1,1
CHESTEL,0,1,1
CHESTERFIELD,0,1,1
CHEYITA,0,1,1
CHIBLICK,0,1,1
CHICEL,0,1,1
CHICHI,0,1,1
CHILITA,0,1,1
CHIMACO,0,1,1
CHIMY,0,1,1
CHIP,0,1,1
CHIRINO,0,1,1
CHIRTEPHA,0,1,1
CHISELL,0,1,1
CHISLEE,0,1,1
CHISVI,0,1,1
CHLAUBEL,0,1,1
CHOLMER,0,1,1
CHONG REN,0,1,1
CHOON,0,1,1
CHORLE,0,1,1
CHOVAL,0,1,1
CHRISABELL,0,1,1
CHRISOSTOMOS,0,1,1
CHRISSE,0,1,1
CHRIST,0,1,1
CHRISTAL,0,1,1
CHRISTALINE,0,1,1
CHRISTEAN,0,1,1
CHRISTELL,0,1,1
CHRISTELLE,0,1,1
CHRISTEN,0,1,1
CHRISTENELL,0,1,1
CHRISTEPHERSON,0,1,1
CHRISTHOPER,0,1,1
CHRISTIANA,0,1,1
CHRISTIE,0,1,1
CHRISTYLINE,0,1,1
CHRISTYNA,0,1,1
CHRRISTINA,0,1,1
CHRYSTABEL,0,1,1
CHU,0,1,1
CHUEN,0,1,1
CHUGAB,0,1,1
CHULENI,0,1,1
CHULIZA,0,1,1
CHYARA,0,1,1
CHYREL,0,1,1
CIAMIRES,0,1,1
CIANETT,0,1,1
CIATLY,0,1,1
CIATY,0,1,1
CIBELI,0,1,1
CIBIEL,0,1,1
CICDALY,0,1,1
CICELA,0,1,1
CICELI,0,1,1
CICELLY,0,1,1
CIDALI,0,1,1
CIDI,0,1,1
CIDONIA,0,1,1
CIERLINDO,0,1,1
CIGELINDA,0,1,1
CIKATY,0,1,1
CIL,0,1,1
CILBINA,0,1,1
CILENI,0,1,1
CILESTO,0,1,1
CILFREDO,0,1,1
CILIANA,0,1,1
CILIEZAR,0,1,1
CILINA,0,1,1
CILUD,0,1,1
CILVIO,0,1,1
CINAI,0,1,1
CINDRELLA,0,1,1
CINDY CAROLINA,0,1,1
CINDYA ISABEL,0,1,1
CINDYLYNN,0,1,1
CINFORIANA,0,1,1
CINIZIA,0,1,1
CINORA,0,1,1
CINTAHEL,0,1,1
CINTHIA PATRICI,0,1,1
CIONEX,0,1,1
CIPREANO,0,1,1
CIRABELLE,0,1,1
CIRCUCICION,0,1,1
CIRCUNCION,0,1,1
CIRENAICA,0,1,1
CIREYS,0,1,1
CIRIACO OSBALDO,0,1,1
CIRICIA,0,1,1
CIRICIO,0,1,1
CIRIELY,0,1,1
CIRILA DE JESUS,0,1,1
CIRLENY,0,1,1
CIRSTINA,0,1,1
CIRUS,0,1,1
CISEL,0,1,1
CISTILIA,0,1,1
CISTINA,0,1,1
CITLALY,0,1,1
CITTALI,0,1,1
CIUMARA,0,1,1
CIUSETH,0,1,1
CIVIDANIA,0,1,1
CIVONEY,0,1,1
CKALINA,0,1,1
CLADYS,0,1,1
CLAIDEE,0,1,1
CLAMIDIA,0,1,1
CLANDIO,0,1,1
CLANER,0,1,1
CLARA ADALY,0,1,1
CLARA ELENA,0,1,1
CLARA FILOMENA,0,1,1
CLARA LUZ,0,1,1
CLARA RUFINA,0,1,1
CLARA SANTOS,0,1,1
CLARABELL,0,1,1
CLARANIEL,0,1,1
CLARBER,0,1,1
CLAREIS,0,1,1
CLARENDON,0,1,1
CLARES,0,1,1
CLARETZY,0,1,1
CLARI,0,1,1
CLARICELA,0,1,1
CLARIGSA,0,1,1
CLARIN,0,1,1
CLARINGTON,0,1,1
CLARIPCIA,0,1,1
CLARISELL,0,1,1
CLARISTA,0,1,1
CLARIVET,0,1,1
CLARIVINDENIA,0,1,1
CLARO NIMIO,0,1,1
CLAROS BERLIN,0,1,1
CLAROS EUSEBIO,0,1,1
CLASEN,0,1,1
CLAU DE T TE,0,1,1
CLAUDETTHE,0,1,1
CLAUDEY,0,1,1
CLAUDIA  A,0,1,1
CLAUDIA JULISSA,0,1,1
CLAUDIA LORENA,0,1,1
CLAUDIA VENERAN,0,1,1
CLAUDIEL,0,1,1
CLAUDINEE,0,1,1
CLAUDINI,0,1,1
CLAUDIO RAMON,0,1,1
CLAUDITCH,0,1,1
CLAVE,0,1,1
CLAVED,0,1,1
CLAVERO,0,1,1
CLAVERRES,0,1,1
CLAVIO,0,1,1
CLAX,0,1,1
CLAYBOURNE,0,1,1
CLAYDE,0,1,1
CLAYTHON,0,1,1
CLEANTES,0,1,1
CLEANTHES,0,1,1
CLEAONET,0,1,1
CLEARICELY,0,1,1
CLEBER,0,1,1
CLECY,0,1,1
CLEFE,0,1,1
CLEFES,0,1,1
CLEINER,0,1,1
CLEIR,0,1,1
CLELEX,0,1,1
CLEMAR,0,1,1
CLEMELIA,0,1,1
CLEMEMTINA,0,1,1
CLEMENCHA,0,1,1
CLEMENTINA CRUZ,0,1,1
CLEMENTINA VIVI,0,1,1
CLEMENTINE,0,1,1
CLEMETE,0,1,1
CLEMIN,0,1,1
CLEMSEN,0,1,1
CLENEN,0,1,1
CLEODINE,0,1,1
CLEOF,0,1,1
CLEOFE ISAURA,0,1,1
CLEOFES DE JESU,0,1,1
CLEOFIA,0,1,1
CLEOMIRA,0,1,1
CLEONY,0,1,1
CLEOPATA,0,1,1
CLEORICIA,0,1,1
CLEOTARIA,0,1,1
CLEOTERIO,0,1,1
CLEOTILDE REYNA,0,1,1
CLERE,0,1,1
CLEREC,0,1,1
CLERED,0,1,1
CLEREHT,0,1,1
CLEREK,0,1,1
CLERENCE,0,1,1
CLERETT,0,1,1
CLERINDA,0,1,1
CLERRY,0,1,1
CLESENCIO,0,1,1
CLESIBETH,0,1,1
CLETA MARCELINA,0,1,1
CLETON,0,1,1
CLEVELAN,0,1,1
CLIAFAS,0,1,1
CLIDEE,0,1,1
CLIESLY,0,1,1
CLIFFTON,0,1,1
CLIMANCO,0,1,1
CLIMECO,0,1,1
CLIMIS,0,1,1
CLINACO,0,1,1
CLINIS,0,1,1
CLINT EASTWOOD,0,1,1
CLIOFER,0,1,1
CLIOTINA,0,1,1
CLIOTIS,0,1,1
CLISANTAS,0,1,1
CLISET,0,1,1
CLISTELIA,0,1,1
CLIVY,0,1,1
CLOBINA,0,1,1
CLODETTHE,0,1,1
CLODUALDO,0,1,1
CLOFAS,0,1,1
CLOFIA,0,1,1
CLOFIS,0,1,1
CLORE,0,1,1
CLORIBETH,0,1,1
CLORILENE,0,1,1
CLORISSA,0,1,1
CLORITZA,0,1,1
CLORIVEL,0,1,1
CLOROBALDO,0,1,1
CLOTARIA,0,1,1
CLOTILDE OLIVIA,0,1,1
CLOYDINA,0,1,1
CLOYER,0,1,1
CLUDETH,0,1,1
COADY,0,1,1
COBADONGA,0,1,1
COBAN,0,1,1
COBAR,0,1,1
COCA EDUVIGES,0,1,1
COCAEL,0,1,1
COCKER,0,1,1
CODIR,0,1,1
COEL,0,1,1
COELY,0,1,1
COGUIZ,0,1,1
COHEN,0,1,1
COHN,0,1,1
COKE,0,1,1
COLATO,0,1,1
COLETT,0,1,1
COLETTE,0,1,1
COLETTE DOLORES,0,1,1
COLIARD,0,1,1
COLLEENE,0,1,1
COLLMAN,0,1,1
COLN,0,1,1
COLONVINA,0,1,1
COLORINA,0,1,1
COLOZON,0,1,1
COLTON,0,1,1
COLUMBO,0,1,1
COLUNVINA,0,1,1
COMBERSION,0,1,1
COMBERTY,0,1,1
COMFESORA,0,1,1
CON,0,1,1
CON SUELO,0,1,1
CONA,0,1,1
CONAL,0,1,1
CONALLY,0,1,1
CONBERSACION,0,1,1
CONCE CRUZ,0,1,1
CONCEEPCION,0,1,1
CONCENCION,0,1,1
CONCENPCION,0,1,1
CONCENZA,0,1,1
CONCEOCION,0,1,1
CONCEPCI°N,0,1,1
CONCEPCIaN,0,1,1
CONCEPCIN,0,1,1
CONCEPCION   R,0,1,1
CONCEPCION DE J,0,1,1
CONCEPCION EUGE,0,1,1
CONCEPCION I,0,1,1
CONCEPCION ISAB,0,1,1
CONCEPCION ISOL,0,1,1
CONCEPCION JAVI,0,1,1
CONCEPCION MARC,0,1,1
CONCEPCION MARG,0,1,1
CONCEPCION MELI,0,1,1
CONCEPCION ORFI,0,1,1
CONCEPCION SOLE,0,1,1
CONCEPCION SUYA,0,1,1
CONCEPCIONOVICH,0,1,1
CONCEPCON,0,1,1
CONCEPICION,0,1,1
CONCES,0,1,1
CONCESIA,0,1,1
CONCESO,0,1,1
CONCESOR,0,1,1
CONCOPCION,0,1,1
CONCPECION,0,1,1
CONDUELO,0,1,1
CONEDY,0,1,1
CONEY,0,1,1
CONFE,0,1,1
CONFESSOR,0,1,1
CONFIDERACION,0,1,1
CONLEY,0,1,1
CONNOLLY,0,1,1
CONON,0,1,1
CONRRADA,0,1,1
CONSAGRACION,0,1,1
CONSANYS,0,1,1
CONSEBCION,0,1,1
CONSECION,0,1,1
CONSECSION,0,1,1
CONSEELEEN,0,1,1
CONSEPCION DE L,0,1,1
CONSEPCION ESME,0,1,1
CONSEPCION LOUR,0,1,1
CONSEPCION SARU,0,1,1
CONSERVADOR,0,1,1
CONSEXION,0,1,1
CONSO,0,1,1
CONSORCIO,0,1,1
CONSORGIA,0,1,1
CONSORSIA,0,1,1
CONSPCION,0,1,1
CONSTANSIA,0,1,1
CONSTANZA DEL C,0,1,1
CONSUELL,0,1,1
CONSUELO AMPARO,0,1,1
CONSUELO\,0,1,1
CONTANTINA,0,1,1
CONTRERAS,0,1,1
CONVEY,0,1,1
COOK,0,1,1
COPCETI,0,1,1
COPERNICO,0,1,1
COPERTINO,0,1,1
COQUI,0,1,1
COQUINA,0,1,1
CORA DE JESUS,0,1,1
CORA MARINA,0,1,1
CORADIE,0,1,1
CORADINA,0,1,1
CORAIN,0,1,1
CORALIA SUYAPA,0,1,1
CORALINA,0,1,1
CORALY,0,1,1
CORARDINA,0,1,1
CORDELITO,0,1,1
CORDINEL,0,1,1
COREEN,0,1,1
COREINIA,0,1,1
CORENE,0,1,1
CORICCSA,0,1,1
CORICTA,0,1,1
CORIKZA,0,1,1
CORINTH,0,1,1
CORINTIA,0,1,1
CORIPZA,0,1,1
CORISANDRA,0,1,1
CORITHSA,0,1,1
CORITINA,0,1,1
CORITO,0,1,1
CORIXSA,0,1,1
CORK,0,1,1
CORLETA,0,1,1
CORLETT,0,1,1
CORLY,0,1,1
CORMAN,0,1,1
CORMELINA,0,1,1
CORNELIEUS,0,1,1
CORNELIOUS,0,1,1
CORO,0,1,1
COROMOTO,0,1,1
CORONADO SANTOS,0,1,1
CORPELIO,0,1,1
CORRADO,0,1,1
CORRALEE,0,1,1
CORRIE,0,1,1
CORSETI,0,1,1
CORSINDO,0,1,1
CORSINIA,0,1,1
CORSINIO,0,1,1
CORSYNY,0,1,1
CORTEZ,0,1,1
CORTIS,0,1,1
CORVALAN,0,1,1
CORWOOD,0,1,1
CORZINO,0,1,1
COSADY,0,1,1
COSEBIDA,0,1,1
COSEPCION,0,1,1
COSETTI,0,1,1
COSETY,0,1,1
COSME ALFONZO,0,1,1
COSME DAMIAN,0,1,1
COSME DAMIANA,0,1,1
COSMITA,0,1,1
COSNTANCIA,0,1,1
COSSETH,0,1,1
COSSETHE,0,1,1
COSSTH,0,1,1
COSTANCIA,0,1,1
COSTANSA,0,1,1
COURTNEY,0,1,1
COVA,0,1,1
COVAN,0,1,1
COVIR,0,1,1
COWAN,0,1,1
COWELL,0,1,1
COXBY,0,1,1
COY,0,1,1
COYINTA,0,1,1
COZMES,0,1,1
CRADIA,0,1,1
CRAG,0,1,1
CRAMA,0,1,1
CRAMIER,0,1,1
CRARICEL,0,1,1
CRASO,0,1,1
CRATIBEL,0,1,1
CRAVER,0,1,1
CRAYIN,0,1,1
CRAZBIN,0,1,1
CRECENTE,0,1,1
CRECILIO,0,1,1
CREDLEY,0,1,1
CREEG,0,1,1
CREISE,0,1,1
CRELY,0,1,1
CREMA,0,1,1
CREMENTINA,0,1,1
CRENA,0,1,1
CRESELDA,0,1,1
CRESTILIA,0,1,1
CRICEIDY,0,1,1
CRICETH,0,1,1
CRICEYDA,0,1,1
CRIMALDY,0,1,1
CRIMELDA,0,1,1
CRIOFAS,0,1,1
CRIOLLA,0,1,1
CRIPSOBEL,0,1,1
CRIS CELESTE,0,1,1
CRISABETH,0,1,1
CRISAIDA,0,1,1
CRISALDINA,0,1,1
CRISANDA,0,1,1
CRISASTOMA,0,1,1
CRISBETH,0,1,1
CRISEDES,0,1,1
CRISEHT,0,1,1
CRISELID,0,1,1
CRISELIS,0,1,1
CRISELY,0,1,1
CRISENDO,0,1,1
CRISET,0,1,1
CRISETH,0,1,1
CRISEYDA,0,1,1
CRISHEL,0,1,1
CRISMAS,0,1,1
CRISNAMURTI,0,1,1
CRISOBELA,0,1,1
CRISOBETT,0,1,1
CRISOFORA,0,1,1
CRISONIA,0,1,1
CRISONTOMO,0,1,1
CRISOSTOME,0,1,1
CRISOSTOMOS,0,1,1
CRISOSTONO,0,1,1
CRISPI,0,1,1
CRISPIM,0,1,1
CRISPINE,0,1,1
CRISPO,0,1,1
CRISPULO,0,1,1
CRISSOL,0,1,1
CRIST,0,1,1
CRISTABAL,0,1,1
CRISTAIN,0,1,1
CRISTAINA,0,1,1
CRISTANA,0,1,1
CRISTAVEL,0,1,1
CRISTAZANA,0,1,1
CRISTECIA,0,1,1
CRISTEEN,0,1,1
CRISTEL SOCORRO,0,1,1
CRISTELINA,0,1,1
CRISTENA,0,1,1
CRISTERFOR,0,1,1
CRISTHELL,0,1,1
CRISTHIBALINA,0,1,1
CRISTHIBEL,0,1,1
CRISTIBE,0,1,1
CRISTIBELL,0,1,1
CRISTILY,0,1,1
CRISTINA GLORIA,0,1,1
CRISTINA LUISA,0,1,1
CRISTINA ODILIA,0,1,1
CRISTINA OLANDA,0,1,1
CRISTINA RAMONA,0,1,1
CRISTINA RAQUEL,0,1,1
CRISTINA TERESA,0,1,1
CRISTINO ILIANO,0,1,1
CRISTINO RAMIRO,0,1,1
CRISTIS,0,1,1
CRISTNO,0,1,1
CRISTOBA,0,1,1
CRISTOBAL JOHAN,0,1,1
CRISTOBAL MARTI,0,1,1
CRISTOBAL TIRSO,0,1,1
CRISTOBANY,0,1,1
CRISTOBINA,0,1,1
CRISTOFEER,0,1,1
CRISTOLA,0,1,1
CRISTOMO,0,1,1
CRISTOS,0,1,1
CRISTYNELL,0,1,1
CRITBEL,0,1,1
CRITOBAL,0,1,1
CRIXEL,0,1,1
CRIXELY,0,1,1
CRIZETH,0,1,1
CRODIN,0,1,1
CROMWEL,0,1,1
CRONWELL,0,1,1
CROSBEL,0,1,1
CROSBI,0,1,1
CROSCIBEL,0,1,1
CROSDALE,0,1,1
CROSSLY,0,1,1
CROTATO,0,1,1
CRSTOBAL,0,1,1
CRUSHENKA,0,1,1
CRUSIBEL,0,1,1
CRUSIDALIA,0,1,1
CRUZ    MARITZA,0,1,1
CRUZ  ANGELICA,0,1,1
CRUZ  ESTHER,0,1,1
CRUZ ALBERTO,0,1,1
CRUZ ALEJANDRA,0,1,1
CRUZ AMPARO,0,1,1
CRUZ ANTONIA,0,1,1
CRUZ ANTONIO,0,1,1
CRUZ ARGENTINA,0,1,1
CRUZ DELCID,0,1,1
CRUZ DOMINGA,0,1,1
CRUZ G,0,1,1
CRUZ JOSEFINA,0,1,1
CRUZ MARINA,0,1,1
CRUZ MARLENY,0,1,1
CRUZ NELSON,0,1,1
CRUZ NIRTALINA,0,1,1
CRUZ ORFILIA,0,1,1
CRUZ OVED,0,1,1
CRUZ ROMAN,0,1,1
CRUZ SUYAPA,0,1,1
CRUZ YAMILET,0,1,1
CRUZADELAIDA,0,1,1
CRUZITO,0,1,1
CRYSTIN,0,1,1
CRYSTLE,0,1,1
CSMILO,0,1,1
CUABERTO,0,1,1
CUACTHEMOC,0,1,1
CUAHTEMOS,0,1,1
CUAUTEMOC,0,1,1
CUBENALIA,0,1,1
CUBERTA,0,1,1
CUBIAS,0,1,1
CUDDLY,0,1,1
CUEN,0,1,1
CUENDES,0,1,1
CUITLAHUAC,0,1,1
CULBERTO,0,1,1
CUMI,0,1,1
CUNDO,0,1,1
CUNEGUNDO,0,1,1
CUNILBERTO,0,1,1
CUPERTINO RAMON,0,1,1
CURBERT,0,1,1
CURRLY,0,1,1
CURT ROBERT,0,1,1
CUSTIS,0,1,1
CUTBERTTO,0,1,1
CUTTER,0,1,1
CUYAN,0,1,1
CYCLE,0,1,1
CYLAN,0,1,1
CYNTHIAJOEL,0,1,1
CYRANO,0,1,1
CYRILL,0,1,1
D  MATA,0,1,1
D  S,0,1,1
D ALESSANDRY,0,1,1
D ALEXANDER,0,1,1
D CARLO,0,1,1
D GRANDE,0,1,1
D JALMAR,0,1,1
D JANIRA,0,1,1
D MAY,0,1,1
D SILVA,0,1,1
D. CARLO,0,1,1
D. GLORIA,0,1,1
DA LA PAZ,0,1,1
DA NEEY,0,1,1
DAAVID,0,1,1
DABADI,0,1,1
DABAY,0,1,1
DABBI,0,1,1
DABEIMA,0,1,1
DABEY,0,1,1
DABIDIA,0,1,1
DABINA,0,1,1
DABOGERTO,0,1,1
DABONNI,0,1,1
DABRINA,0,1,1
DACELY,0,1,1
DACHER,0,1,1
DACHIRA,0,1,1
DACNED,0,1,1
DACNERY,0,1,1
DADAIC,0,1,1
DADANI,0,1,1
DADE,0,1,1
DADELIN,0,1,1
DADFENE,0,1,1
DADILBER,0,1,1
DADILIA,0,1,1
DADIMIR,0,1,1
DADIN,0,1,1
DADIRA,0,1,1
DADIRE,0,1,1
DADISZA,0,1,1
DADIVEL,0,1,1
DADLID,0,1,1
DADMIN,0,1,1
DADO,0,1,1
DADSMIN,0,1,1
DADVINIA,0,1,1
DAEL,0,1,1
DAEM,0,1,1
DAENIA,0,1,1
DAENY,0,1,1
DAERI,0,1,1
DAESSY,0,1,1
DAFFENIE,0,1,1
DAFFNY,0,1,1
DAFNEY,0,1,1
DAFRED,0,1,1
DAGBERTO,0,1,1
DAGNE,0,1,1
DAGOBERTP,0,1,1
DAGOBRICIO,0,1,1
DAGOMER,0,1,1
DAGONIEL,0,1,1
DAGUBER,0,1,1
DAGUEL,0,1,1
DAGUIL,0,1,1
DAHAM,0,1,1
DAHANA,0,1,1
DAHANN,0,1,1
DAHANY,0,1,1
DAHIA,0,1,1
DAHISA,0,1,1
DAHITA,0,1,1
DAHLMANN,0,1,1
DAHOMEY,0,1,1
DAHY,0,1,1
DAHYANA,0,1,1
DAI,0,1,1
DAIBI,0,1,1
DAIGO,0,1,1
DAIIANA,0,1,1
DAIJOVYEV,0,1,1
DAILIA,0,1,1
DAINI,0,1,1
DAINNEY,0,1,1
DAINZA,0,1,1
DAIR,0,1,1
DAIRENE,0,1,1
DAIRIS,0,1,1
DAISEL,0,1,1
DAISIY,0,1,1
DAISLAO,0,1,1
DAISY   MILAGRO,0,1,1
DAISY ARELI,0,1,1
DAISY BERTA,0,1,1
DAISY OLIMPIA,0,1,1
DAISYLENE,0,1,1
DAISYLYNN,0,1,1
DAIXI,0,1,1
DAKTARY,0,1,1
DALAI,0,1,1
DALAL,0,1,1
DALAX,0,1,1
DALBINA,0,1,1
DALCI DIANETH,0,1,1
DALCIO,0,1,1
DALCIVIS,0,1,1
DALEC,0,1,1
DALECY,0,1,1
DALEHT,0,1,1
DALEO,0,1,1
DALESCA,0,1,1
DALESI,0,1,1
DALESKA,0,1,1
DALESSA,0,1,1
DALESSY,0,1,1
DALETT,0,1,1
DALEYBA,0,1,1
DALGRIN,0,1,1
DALGUIN,0,1,1
DALHOA,0,1,1
DALIA BEATRIZ,0,1,1
DALI¼A,0,1,1
DALIBER,0,1,1
DALICEYH,0,1,1
DALILA ANTONIA,0,1,1
DALILA CARMEN,0,1,1
DALILA MARIBEL,0,1,1
DALILA RUTH,0,1,1
DALIMIR,0,1,1
DALINETH,0,1,1
DALINEX,0,1,1
DALINGTON,0,1,1
DALINY,0,1,1
DALIS YOLANY,0,1,1
DALISOY,0,1,1
DALISS,0,1,1
DALITA,0,1,1
DALITH,0,1,1
DALIXZA,0,1,1
DALIZETH,0,1,1
DALLADARA,0,1,1
DALLAM,0,1,1
DALMARY,0,1,1
DALMAU,0,1,1
DALMER,0,1,1
DALMI,0,1,1
DALORINA,0,1,1
DALOUS,0,1,1
DALSARY,0,1,1
DALSELIA,0,1,1
DALUA,0,1,1
DALVERTO,0,1,1
DALYA,0,1,1
DALYSEY,0,1,1
DAMACELY,0,1,1
DAMACIANO,0,1,1
DAMAEL,0,1,1
DAMANY,0,1,1
DAMAREY,0,1,1
DAMARHI,0,1,1
DAMARIAL,0,1,1
DAMARIAS,0,1,1
DAMARIC,0,1,1
DAMARIES,0,1,1
DAMARIS SARAI,0,1,1
DAMARISE,0,1,1
DAMARIY,0,1,1
DAMASELY,0,1,1
DAMAYANTI,0,1,1
DAMAZAO,0,1,1
DAME,0,1,1
DAMELCY,0,1,1
DAMELI,0,1,1
DAMELIN,0,1,1
DAMELIS,0,1,1
DAMELY,0,1,1
DAMENICA,0,1,1
DAMERI,0,1,1
DAMERIS,0,1,1
DAMERSKY,0,1,1
DAMERYS,0,1,1
DAMEYDA,0,1,1
DAMIANY,0,1,1
DAMICELL,0,1,1
DAMIEN,0,1,1
DAMILDRED,0,1,1
DAMILEXS,0,1,1
DAMILTON,0,1,1
DAMIR,0,1,1
DAMIRE,0,1,1
DAMIRELT,0,1,1
DAMIRES,0,1,1
DAMIREYA,0,1,1
DAMIRIS,0,1,1
DAMIRZA,0,1,1
DAMISELI,0,1,1
DAMISER,0,1,1
DAMISETH,0,1,1
DAMITILA,0,1,1
DAMIVIA,0,1,1
DAMIZETH,0,1,1
DAMNE,0,1,1
DAMNEHT,0,1,1
DAMONET,0,1,1
DAMORIS,0,1,1
DAMORYS,0,1,1
DAMPIER,0,1,1
DAMUR,0,1,1
DANACIANO,0,1,1
DANADIN,0,1,1
DANAES,0,1,1
DANAHET,0,1,1
DANALDO,0,1,1
DANALL,0,1,1
DANAMCY,0,1,1
DANAMIN,0,1,1
DANARI,0,1,1
DANARIO,0,1,1
DANASCENA,0,1,1
DANASI,0,1,1
DANAYDA,0,1,1
DANCELY,0,1,1
DANDOLFO,0,1,1
DANEI,0,1,1
DANEIBY,0,1,1
DANEIRO,0,1,1
DANEIRY,0,1,1
DANELIN,0,1,1
DANELIZ,0,1,1
DANELLE,0,1,1
DANELLIS,0,1,1
DANELO,0,1,1
DANELSON,0,1,1
DANENE,0,1,1
DANEPSI,0,1,1
DANERCI,0,1,1
DANERIZ,0,1,1
DANERLI,0,1,1
DANERLY,0,1,1
DANESI,0,1,1
DANESS,0,1,1
DANESSEY,0,1,1
DANESSIA,0,1,1
DANESTA,0,1,1
DANETHE,0,1,1
DANEXSIS,0,1,1
DANEYBI,0,1,1
DANEYBY,0,1,1
DANEYDI,0,1,1
DANEYI,0,1,1
DANEYLA,0,1,1
DANEYRO,0,1,1
DANEZA,0,1,1
DANEZE,0,1,1
DANGNE,0,1,1
DANHEY,0,1,1
DANHIRA,0,1,1
DANI SAUL,0,1,1
DANIBA,0,1,1
DANIBIA,0,1,1
DANICCIA,0,1,1
DANICE,0,1,1
DANICELI,0,1,1
DANIDE,0,1,1
DANIDES,0,1,1
DANIEL ALBERTO,0,1,1
DANIEL ANTONIO,0,1,1
DANIEL ARTURO,0,1,1
DANIEL JESUS,0,1,1
DANIEL NAKLE,0,1,1
DANIEL YOVANY,0,1,1
DANIELI,0,1,1
DANIELLI,0,1,1
DANIELO,0,1,1
DANIELOVICH,0,1,1
DANIGSA,0,1,1
DANIGZA,0,1,1
DANIL NAHUM,0,1,1
DANILCER,0,1,1
DANILE,0,1,1
DANILEI,0,1,1
DANILET,0,1,1
DANILETH,0,1,1
DANILO ALBERTO,0,1,1
DANILO RANCES,0,1,1
DANILO SEGUNDO,0,1,1
DANILOO,0,1,1
DANILOV,0,1,1
DANILOW,0,1,1
DANILSO,0,1,1
DANILU,0,1,1
DANILUVY,0,1,1
DANILY,0,1,1
DANIMIRO,0,1,1
DANINELI,0,1,1
DANIOBEL,0,1,1
DANIRETH,0,1,1
DANIS AUSTRE,0,1,1
DANISAMA,0,1,1
DANISAY,0,1,1
DANISELY,0,1,1
DANISET,0,1,1
DANITO,0,1,1
DANITSA,0,1,1
DANIVAL,0,1,1
DANIVEET,0,1,1
DANIXIA,0,1,1
DANIXY,0,1,1
DANIZET,0,1,1
DANIZETH,0,1,1
DANIZZA,0,1,1
DANMAN,0,1,1
DANNAHE,0,1,1
DANNELLY,0,1,1
DANNESSY,0,1,1
DANNET,0,1,1
DANNIEL,0,1,1
DANNIELLIE,0,1,1
DANNILU,0,1,1
DANNIRA,0,1,1
DANOE,0,1,1
DANORIS,0,1,1
DANOVAN,0,1,1
DANS,0,1,1
DANSMARIU,0,1,1
DANTELENING,0,1,1
DANTES,0,1,1
DANTHRRODI,0,1,1
DANUALIA,0,1,1
DANUEY,0,1,1
DANWARD,0,1,1
DANY RAY,0,1,1
DANYBIA,0,1,1
DANYRHA,0,1,1
DAPHET,0,1,1
DAPOLONIA,0,1,1
DAQUELINA,0,1,1
DARALENY,0,1,1
DARCENIA,0,1,1
DARCENY,0,1,1
DARDALIE,0,1,1
DARDINEL,0,1,1
DARDO,0,1,1
DARECSY,0,1,1
DAREX,0,1,1
DAREXI,0,1,1
DARIBER,0,1,1
DARIBETH,0,1,1
DARICCIA,0,1,1
DARICELA,0,1,1
DARICSY,0,1,1
DARIENEL,0,1,1
DARIGONI,0,1,1
DARILA,0,1,1
DARILLOS,0,1,1
DARILO,0,1,1
DARILSA,0,1,1
DARINED,0,1,1
DARINIA,0,1,1
DARINY,0,1,1
DARIO ANTONIO,0,1,1
DARIO JOSE,0,1,1
DARIO MEZA,0,1,1
DARIO NEPTALY,0,1,1
DARIOZ,0,1,1
DARIP,0,1,1
DARISLAO,0,1,1
DARIXY,0,1,1
DARIZA,0,1,1
DARK  ENGRID,0,1,1
DARLANG,0,1,1
DARLINDA,0,1,1
DARLINTHON,0,1,1
DARLLENY,0,1,1
DARLNICA,0,1,1
DARLYIN,0,1,1
DARLYNSTON,0,1,1
DARLYNY,0,1,1
DARNELLE,0,1,1
DARNELY,0,1,1
DARNETH,0,1,1
DAROTINA,0,1,1
DARRIELA,0,1,1
DARRIK,0,1,1
DARRINTON,0,1,1
DARRON,0,1,1
DARROW,0,1,1
DARSARY,0,1,1
DARU,0,1,1
DARUD,0,1,1
DARVELIO,0,1,1
DARWIMS,0,1,1
DARWIN ADELMAN,0,1,1
DARWIN ANTONIO,0,1,1
DARWUINSON,0,1,1
DARZU,0,1,1
DASAEL,0,1,1
DASAER,0,1,1
DASARI,0,1,1
DASAYEV,0,1,1
DASCHEL,0,1,1
DASCHILA,0,1,1
DASHIEL,0,1,1
DASIO,0,1,1
DASNERI,0,1,1
DASSAEL,0,1,1
DASSAEV,0,1,1
DASSENIA,0,1,1
DASSIL,0,1,1
DASSY SUYAPA,0,1,1
DATIL,0,1,1
DAU,0,1,1
DAUBERIN,0,1,1
DAUGRINO,0,1,1
DAUNISY,0,1,1
DAURBIN,0,1,1
DAURIEN,0,1,1
DAURINO,0,1,1
DAUSEVIDA,0,1,1
DAVADID,0,1,1
DAVADITH,0,1,1
DAVADY,0,1,1
DAVADYD,0,1,1
DAVANIE,0,1,1
DAVANT,0,1,1
DAVASON,0,1,1
DAVEIBA,0,1,1
DAVEL,0,1,1
DAVELBA,0,1,1
DAVER,0,1,1
DAVES,0,1,1
DAVID  ALFONSO,0,1,1
DAVID  SIERRA,0,1,1
DAVID ADOLFO,0,1,1
DAVID DONALDO,0,1,1
DAVID ESMITH,0,1,1
DAVIDO,0,1,1
DAVIDS,0,1,1
DAVIE,0,1,1
DAVIHIGNOS,0,1,1
DAVINE,0,1,1
DAVINSSON,0,1,1
DAVIXON,0,1,1
DAVYS,0,1,1
DAWANY,0,1,1
DAWISON,0,1,1
DAXANY,0,1,1
DAXARI,0,1,1
DAXELI,0,1,1
DAXLENY,0,1,1
DAYALENA,0,1,1
DAYAMARA,0,1,1
DAYANARI,0,1,1
DAYANCY,0,1,1
DAYAND,0,1,1
DAYANELIS,0,1,1
DAYANELY,0,1,1
DAYANERY,0,1,1
DAYANIS,0,1,1
DAYANISA,0,1,1
DAYANNIRA,0,1,1
DAYARA,0,1,1
DAYBIR,0,1,1
DAYHANA,0,1,1
DAYHANARA,0,1,1
DAYHIR,0,1,1
DAYHIRA,0,1,1
DAYHSI,0,1,1
DAYLEC,0,1,1
DAYMALEXI,0,1,1
DAYMIRA,0,1,1
DAYNE,0,1,1
DAYNIVA,0,1,1
DAYONIRA,0,1,1
DAYRIN,0,1,1
DAYRINA,0,1,1
DAYRIOS,0,1,1
DAYSAIRY,0,1,1
DAYSENY,0,1,1
DAYSI AUDELIA,0,1,1
DAYSI DOLORES,0,1,1
DAYSI MARIBEL,0,1,1
DAYUSEP,0,1,1
DAYVI,0,1,1
DAZAET,0,1,1
DAZAHETT,0,1,1
DAZBIN,0,1,1
DC. NEPTALY,0,1,1
D'CARLO,0,1,1
DCARLOS,0,1,1
DDE JESUS,0,1,1
DDEL SOCORRO,0,1,1
DE      SOCORRO,0,1,1
DE     DIOS,0,1,1
DE    LA   CRUZ,0,1,1
DE    LA   PAZ,0,1,1
DE    LA LUZ,0,1,1
DE   CARMEN,0,1,1
DE   CENAS,0,1,1
DE   GERONIMO,0,1,1
DE   LA   CRUZ,0,1,1
DE   LA   PAZ,0,1,1
DE   LA CRUZ,0,1,1
DE  CARMEN,0,1,1
DE  LA   ROSA,0,1,1
DE  LA  SOLEDAD,0,1,1
DE  LOURDES,0,1,1
DE  LOURDIS,0,1,1
DE  LY,0,1,1
DE  TRANCITO,0,1,1
DE ABALA,0,1,1
DE ABRAHAM,0,1,1
DE ACOB,0,1,1
DE AGUEDO,0,1,1
DE AIDA,0,1,1
DE ALBA,0,1,1
DE ALCALA,0,1,1
DE ALELI,0,1,1
DE ALELIS,0,1,1
DE ALEXANDER,0,1,1
DE ALTERNAN,0,1,1
DE AMPARO,0,1,1
DE ANERA,0,1,1
DE ANTONIO,0,1,1
DE AQUILINO,0,1,1
DE AQUINA,0,1,1
DE ARIMATEAS,0,1,1
DE ARLES REY,0,1,1
DE ASIAS,0,1,1
DE AVILA,0,1,1
DE AZZIR,0,1,1
DE BALDUINO,0,1,1
DE BARTOLOME,0,1,1
DE BELEN,0,1,1
DE BENIGNO,0,1,1
DE BERLY,0,1,1
DE BIENVENIDA,0,1,1
DE BORIS,0,1,1
DE BORJA,0,1,1
DE CALAZANS,0,1,1
DE CANDELARIA,0,1,1
DE CANIALIS,0,1,1
DE CANTALICIA,0,1,1
DE CANTALICIO,0,1,1
DE CARI,0,1,1
DE CARLO,0,1,1
DE CAROLINA,0,1,1
DE CASEA,0,1,1
DE CASIA,0,1,1
DE CATALICIA,0,1,1
DE CENAS,0,1,1
DE CONCORDIA,0,1,1
DE CONSUELO,0,1,1
DE CORDOVA,0,1,1
DE DAMARI,0,1,1
DE DESMA,0,1,1
DE DIOS AMELIA,0,1,1
DE DIOS AMILCAR,0,1,1
DE DIOS ANTONIO,0,1,1
DE DIOS EVER,0,1,1
DE DIOS JACINTO,0,1,1
DE DIOS RAMON,0,1,1
DE DIOS RAUL,0,1,1
DE EDMANUEL,0,1,1
DE EJSUS,0,1,1
DE EL CARMEN,0,1,1
DE EL TRANSITO,0,1,1
DE ELIAS,0,1,1
DE ESCOCIA,0,1,1
DE ESPAËA,0,1,1
DE FELIPE,0,1,1
DE GERARDO,0,1,1
DE GETRUDEZ,0,1,1
DE GLORIA,0,1,1
DE GONZALO,0,1,1
DE GRACIA,0,1,1
DE GUARDAL,0,1,1
DE HAAN,0,1,1
DE HENEY,0,1,1
DE HOLANDA,0,1,1
DE INES,0,1,1
DE JACOBA,0,1,1
DE JEEUS,0,1,1
DE JERONIMO,0,1,1
DE JERTRUDIS,0,1,1
DE JESTS,0,1,1
DE JESUS',0,1,1
DE JESUS ARIEL,0,1,1
DE JESUS CANDID,0,1,1
DE JESUS CESAR,0,1,1
DE JESUS DE DIO,0,1,1
DE JESUS DEL CA,0,1,1
DE JESUS ENELDA,0,1,1
DE JESUS EVA,0,1,1
DE JESUS FELIPE,0,1,1
DE JESUS INES,0,1,1
DE JESUS IVAN,0,1,1
DE JESUS JAVIER,0,1,1
DE JESUS JUSTIN,0,1,1
DE JESUS MAJIN,0,1,1
DE JESUS MARIA,0,1,1
DE JESUS OLIVIA,0,1,1
DE JESUS SANTOS,0,1,1
DE JESUS SIMEON,0,1,1
DE JESUS TADEO,0,1,1
DE JESUS TERESA,0,1,1
DE JESUS VIDAL,0,1,1
DE JESUSQ,0,1,1
DE JESUSS,0,1,1
DE JEZUS,0,1,1
DE JORGE,0,1,1
DE JOSUE,0,1,1
DE JSEUS,0,1,1
DE JSUS,0,1,1
DE JUESUS,0,1,1
DE JUSUS,0,1,1
DE KOSKA,0,1,1
DE L A CRUZ,0,1,1
DE LA    CRUZ,0,1,1
DE LA   PAZ,0,1,1
DE LA ASENCION,0,1,1
DE LA C,0,1,1
DE LA CALSADA,0,1,1
DE LA CONCEBIDA,0,1,1
DE LA CRUZ BELL,0,1,1
DE LA CRUZ SUYA,0,1,1
DE LA CURZ,0,1,1
DE LA FUENTE,0,1,1
DE LA GLORIA,0,1,1
DE LA GUARDA,0,1,1
DE LA LIMA,0,1,1
DE LA LPAZ,0,1,1
DE LA LUIS,0,1,1
DE LA MEDALLA,0,1,1
DE LA NATIVIDAD,0,1,1
DE LA NAVIDAD,0,1,1
DE LA PñZ,0,1,1
DE LA REINA,0,1,1
DE LA REYNA,0,1,1
DE LA SANTA CRU,0,1,1
DE LA SAY,0,1,1
DE LA SUYAPA,0,1,1
DE LA VICTORIA,0,1,1
DE LAGO,0,1,1
DE LALUZ,0,1,1
DE LAS ARENAS,0,1,1
DE LAS ROSAS,0,1,1
DE LAUDE,0,1,1
DE LAURDE,0,1,1
DE LAWRENTI,0,1,1
DE LE CRUZ,0,1,1
DE LELI,0,1,1
DE LENIN,0,1,1
DE LEONOR,0,1,1
DE LEOURDES,0,1,1
DE LESLY,0,1,1
DE LEVI,0,1,1
DE LEZY,0,1,1
DE LILI,0,1,1
DE LINA,0,1,1
DE LIONICIO,0,1,1
DE LORETO,0,1,1
DE LOS ANDES,0,1,1
DE LOS ANGELE,0,1,1
DE LOS ANGELE S,0,1,1
DE LOS ANGELS,0,1,1
DE LOS CRUZ,0,1,1
DE LOS DESPOSOR,0,1,1
DE LOS MERCEDES,0,1,1
DE LOS PILARES,0,1,1
DE LOS RAMOS,0,1,1
DE LOS REYES IS,0,1,1
DE LOS SANTOS F,0,1,1
DE LOS SANTOS I,0,1,1
DE LOS SANTOS R,0,1,1
DE LOS SANTOS S,0,1,1
DE LOS URDES,0,1,1
DE LOSANGELES,0,1,1
DE LOUDES,0,1,1
DE LURDEN,0,1,1
DE LURDEZ,0,1,1
DE LURDIS,0,1,1
DE LUX,0,1,1
DE LY,0,1,1
DE MA,0,1,1
DE MADRID,0,1,1
DE MAGDALENA,0,1,1
DE MAGUELI,0,1,1
DE MANCIA,0,1,1
DE MARIMONIO,0,1,1
DE MARINA,0,1,1
DE MARITZABEL,0,1,1
DE MATIAS,0,1,1
DE MATUS,0,1,1
DE MEDINA,0,1,1
DE MI GRACIA,0,1,1
DE MI GUARDA,0,1,1
DE MIGUEL ANGEL,0,1,1
DE MOLOY,0,1,1
DE MONCERRAT,0,1,1
DE MONSERRAT,0,1,1
DE NASARENO,0,1,1
DE NAZARET,0,1,1
DE NIRO,0,1,1
DE OLIBETH,0,1,1
DE OLID,0,1,1
DE OLIVANE,0,1,1
DE ORO,0,1,1
DE PAGDA,0,1,1
DE PANUCENO,0,1,1
DE PASSI,0,1,1
DE PATRICIO,0,1,1
DE PIEDAD,0,1,1
DE PILAR,0,1,1
DE PORRES,0,1,1
DE POSADAS,0,1,1
DE PRUDENCIA,0,1,1
DE QUING,0,1,1
DE QUITO,0,1,1
DE RAQUEL,0,1,1
DE RAUL,0,1,1
DE RIVERA,0,1,1
DE ROGER,0,1,1
DE ROSIS,0,1,1
DE RUBI,0,1,1
DE RUBY,0,1,1
DE SAN MARTIN,0,1,1
DE SAN PABLO,0,1,1
DE SAN PEDRO,0,1,1
DE SANTANA,0,1,1
DE SEFALIA,0,1,1
DE SENA,0,1,1
DE SENOVITA,0,1,1
DE SEP,0,1,1
DE SERVELLON,0,1,1
DE SILOE,0,1,1
DE SILOS,0,1,1
DE SOLZIREE,0,1,1
DE STA.ANA,0,1,1
DE TERESA,0,1,1
DE TORRE,0,1,1
DE TRENSITO,0,1,1
DE URANIO,0,1,1
DE VALENCIA,0,1,1
DE VARELA,0,1,1
DE VENTURA,0,1,1
DE WUINTER,0,1,1
DEABICANO,0,1,1
DEACASIO,0,1,1
DEADI,0,1,1
DEAISI,0,1,1
DEALECIA,0,1,1
DEANE,0,1,1
DEANEY,0,1,1
DEANIDES,0,1,1
DEAQUINO,0,1,1
DEARNA,0,1,1
DEARS,0,1,1
DEATRIZ,0,1,1
DEAYAN,0,1,1
DEBALAIS,0,1,1
DEBANEIS,0,1,1
DEBARI,0,1,1
DEBARIT,0,1,1
DEBAY,0,1,1
DEBELINDA,0,1,1
DEBENCER,0,1,1
DEBENYS,0,1,1
DEBERA,0,1,1
DEBLYN,0,1,1
DECALSES,0,1,1
DECAS,0,1,1
DECCIANA,0,1,1
DECEDIA,0,1,1
DECENE,0,1,1
DECENI,0,1,1
DECENIA GRACIEL,0,1,1
DECENY,0,1,1
DECID,0,1,1
DECIREC,0,1,1
DECIRED,0,1,1
DECISE,0,1,1
DECKER,0,1,1
DECKERMAN,0,1,1
DECOSTA,0,1,1
DECOSTER,0,1,1
DECSIK,0,1,1
DECTANIA,0,1,1
DECTRICH,0,1,1
DECYRE,0,1,1
DECYRETH,0,1,1
DEDALMI,0,1,1
DEDIN,0,1,1
DEENEYSI,0,1,1
DEFFNIE,0,1,1
DEFIR,0,1,1
DEGARDO,0,1,1
DEGMA,0,1,1
DEGNISSE,0,1,1
DEGOBERTA,0,1,1
DEGONIRA,0,1,1
DEGRANDEZ,0,1,1
DEHAUI,0,1,1
DEHEISE,0,1,1
DEHUEL,0,1,1
DEIBINDA,0,1,1
DEIGONET,0,1,1
DEILES,0,1,1
DEILETH,0,1,1
DEILIS,0,1,1
DEILIY,0,1,1
DEIMAYDE,0,1,1
DEION,0,1,1
DEIR,0,1,1
DEIS GLORIA,0,1,1
DEISAI,0,1,1
DEISE ARGENTINA,0,1,1
DEISE YANET,0,1,1
DEISES RUBI,0,1,1
DEISI ESPERANZA,0,1,1
DEISI MARIBEL,0,1,1
DEISSIS,0,1,1
DEISY ARACELY,0,1,1
DEISY MARIA,0,1,1
DEJALME,0,1,1
DEJANYRA,0,1,1
DEJESUS NAVIDAD,0,1,1
DEKER,0,1,1
DEKSI,0,1,1
DEKSON,0,1,1
DEL     ROSARIO,0,1,1
DEL     SOCORRO,0,1,1
DEL    CID,0,1,1
DEL    PILAR,0,1,1
DEL    SOCORRO,0,1,1
DEL    TRANCITO,0,1,1
DEL    TRANITO,0,1,1
DEL   ANGEL,0,1,1
DEL   SID,0,1,1
DEL   TRANCITO,0,1,1
DEL  PILAR,0,1,1
DEL  TRASITO,0,1,1
DEL BAISA,0,1,1
DEL BIS,0,1,1
DEL BUEN SUCESO,0,1,1
DEL C,0,1,1
DEL C ARMEN,0,1,1
DEL CAEMEN,0,1,1
DEL CANO,0,1,1
DEL CAREMN,0,1,1
DEL CAREN,0,1,1
DEL CARMAN,0,1,1
DEL CARMEL,0,1,1
DEL CARMELO,0,1,1
DEL CARMEN CONS,0,1,1
DEL CARMEN DE J,0,1,1
DEL CARMEN DE L,0,1,1
DEL CARMEN E,0,1,1
DEL CARMEN EMEL,0,1,1
DEL CARMEN G,0,1,1
DEL CARMEN REYN,0,1,1
DEL CARMENDEL R,0,1,1
DEL CARMENELENA,0,1,1
DEL CARMENQ,0,1,1
DEL CARMES,0,1,1
DEL CARMME,0,1,1
DEL CARMMEN,0,1,1
DEL CARNMEN,0,1,1
DEL CAZRMEN,0,1,1
DEL CIELO,0,1,1
DEL CIR,0,1,1
DEL CLARET,0,1,1
DEL CLAVER,0,1,1
DEL CONSEPCION,0,1,1
DEL CORAZONJ,0,1,1
DEL CRAMEN,0,1,1
DEL CRISTO,0,1,1
DEL CRMEN,0,1,1
DEL EL SOCORRO,0,1,1
DEL JASMIN,0,1,1
DEL JORDAN,0,1,1
DEL LA CRUZ,0,1,1
DEL LORETO,0,1,1
DEL LURDEN,0,1,1
DEL MARIA,0,1,1
DEL MILGRO,0,1,1
DEL MUNDES,0,1,1
DEL NIËO JESUS,0,1,1
DEL OBISPO,0,1,1
DEL PI,0,1,1
DEL PILAR SOFIA,0,1,1
DEL PORTUGAL,0,1,1
DEL REAL,0,1,1
DEL REZGATO,0,1,1
DEL RICCI,0,1,1
DEL RIOSARIO,0,1,1
DEL ROSAIO,0,1,1
DEL ROSARIO ALB,0,1,1
DEL ROSARIO FAT,0,1,1
DEL ROZARIO,0,1,1
DEL SAGRADO COR,0,1,1
DEL SALVADOR,0,1,1
DEL SANTIAGO,0,1,1
DEL SEÑOR,0,1,1
DEL SE-OR,0,1,1
DEL SOCOROO,0,1,1
DEL SOCRRO,0,1,1
DEL TRANCISTO,0,1,1
DEL TRANSINTO,0,1,1
DEL TRASITO,0,1,1
DEL TRENSITO,0,1,1
DEL TRIUNFO,0,1,1
DEL URDEN,0,1,1
DEL URDENES,0,1,1
DEL URDIS,0,1,1
DEL VALLE,0,1,1
DELA CONCEPCION,0,1,1
DELA LUZ,0,1,1
DELAIA,0,1,1
DELAILA,0,1,1
DELANE,0,1,1
DELANEY,0,1,1
DELANIA,0,1,1
DELANNY,0,1,1
DELANY,0,1,1
DELARMINO,0,1,1
DELAURDES,0,1,1
DELAYLA,0,1,1
DELBAN,0,1,1
DELBENE,0,1,1
DELBIT,0,1,1
DELC ARMEN,0,1,1
DELCIANN,0,1,1
DELCIDIA,0,1,1
DELCIT,0,1,1
DELDIVETH,0,1,1
DELELYS,0,1,1
DELFI ORLINDA,0,1,1
DELFIDIO,0,1,1
DELFINAS,0,1,1
DELFINIO,0,1,1
DELFRIDA,0,1,1
DELI SUYAPA,0,1,1
DELIA ARGENTINA,0,1,1
DELIA CLEMENTIN,0,1,1
DELIA GRACIELA,0,1,1
DELIA MARIA,0,1,1
DELIA MARTA,0,1,1
DELIA YASMIN,0,1,1
DELIBERT,0,1,1
DELIBES,0,1,1
DELIBETH,0,1,1
DELIDES,0,1,1
DELIDIAN,0,1,1
DELIESSA,0,1,1
DELILAH,0,1,1
DELIMAR,0,1,1
DELIMIRO,0,1,1
DELINAH,0,1,1
DELINE,0,1,1
DELINORA,0,1,1
DELIO ELIGORIO,0,1,1
DELIODORA,0,1,1
DELIR,0,1,1
DELIRIA,0,1,1
DELIRIO,0,1,1
DELISE,0,1,1
DELISEY,0,1,1
DELISMIRO,0,1,1
DELIVEL,0,1,1
DELIZABET,0,1,1
DELKAR,0,1,1
DELL DORIS,0,1,1
DELLKIN,0,1,1
DELMA LUCIA,0,1,1
DELMI  ORLANDO,0,1,1
DELMI ORBELINA,0,1,1
DELMI SUYAPA,0,1,1
DELMIBHET,0,1,1
DELMIGN,0,1,1
DELMIN MARIBEL,0,1,1
DELMIS DEL ROSA,0,1,1
DELMY DINA,0,1,1
DELOISIN,0,1,1
DELONIX,0,1,1
DELORES,0,1,1
DELORIS,0,1,1
DELPIDIO,0,1,1
DELPIN,0,1,1
DELROSARIO,0,1,1
DELSEY,0,1,1
DELSYD,0,1,1
DELTRA,0,1,1
DELTRANSITO,0,1,1
DELTRAVES,0,1,1
DELUBI,0,1,1
DELURDIN,0,1,1
DELVENY,0,1,1
DELVID,0,1,1
DELVINDA,0,1,1
DELVIO,0,1,1
DELYCI,0,1,1
DELYLE,0,1,1
DEMARDE,0,1,1
DEMARI,0,1,1
DEMARIA,0,1,1
DEMATA,0,1,1
DEMATRIA,0,1,1
DEMCEY,0,1,1
DEMELINA,0,1,1
DEMERIS,0,1,1
DEMERISE,0,1,1
DEMERISY,0,1,1
DEMETRIA ESPERA,0,1,1
DEMETRIO ISABEL,0,1,1
DEMETRIUS,0,1,1
DEMIE,0,1,1
DEMINIA,0,1,1
DEMIREL,0,1,1
DEMISSA,0,1,1
DEMNIA,0,1,1
DEMPSON,0,1,1
DENAVELY,0,1,1
DENCEMORE,0,1,1
DENCIAL,0,1,1
DENE,0,1,1
DENECY,0,1,1
DENEER,0,1,1
DENEICE,0,1,1
DENEIRA,0,1,1
DENELI,0,1,1
DENELL,0,1,1
DENELY,0,1,1
DENERIS,0,1,1
DENERY,0,1,1
DENESI,0,1,1
DENESIS,0,1,1
DENESSE,0,1,1
DENESSIE,0,1,1
DENESY,0,1,1
DENETH,0,1,1
DENFORD,0,1,1
DENI YANET,0,1,1
DENICA,0,1,1
DENICCE,0,1,1
DENICES,0,1,1
DENICETH,0,1,1
DENICHI,0,1,1
DENIECE,0,1,1
DENIEL,0,1,1
DENIET,0,1,1
DENIEVE,0,1,1
DENINE,0,1,1
DENINSON,0,1,1
DENINZON,0,1,1
DENIRSE,0,1,1
DENIS ALEXANDER,0,1,1
DENIS ELIX,0,1,1
DENIS EMERITO,0,1,1
DENIS GEOVANY,0,1,1
DENIS ROLANDO,0,1,1
DENIS SUNILDA,0,1,1
DENISCE,0,1,1
DENISON,0,1,1
DENISOVICH,0,1,1
DENISSE FRANCIS,0,1,1
DENITA,0,1,1
DENITZA,0,1,1
DENIZLY,0,1,1
DENNAR,0,1,1
DENNIER,0,1,1
DENNIESE,0,1,1
DENNIGNIS,0,1,1
DENNYS RAMON,0,1,1
DENOVAS,0,1,1
DENSMOORE,0,1,1
DENSTION,0,1,1
DENSTON,0,1,1
DENUAIRE,0,1,1
DENUEL,0,1,1
DENUEVE,0,1,1
DENYSETH,0,1,1
DENYSSE,0,1,1
DENYX,0,1,1
DEOBANI,0,1,1
DEOCENLY,0,1,1
DEOCRACIA,0,1,1
DEODAN,0,1,1
DEOILINA,0,1,1
DEOLIDIO,0,1,1
DEOMAN,0,1,1
DEOME,0,1,1
DEOMEDEZ,0,1,1
DEOMEDY,0,1,1
DEOMILET,0,1,1
DEOMIRA,0,1,1
DEONEIDA,0,1,1
DEONI,0,1,1
DEONIDES,0,1,1
DEOPOLDINO,0,1,1
DEORLINDA,0,1,1
DEOSCAR,0,1,1
DEOSELINA,0,1,1
DEPHNE,0,1,1
DEPXI,0,1,1
DERBYN,0,1,1
DERCELY,0,1,1
DERCILEE,0,1,1
DERCIU,0,1,1
DEREN,0,1,1
DERENIA,0,1,1
DERENY,0,1,1
DERESSE,0,1,1
DEREYDA,0,1,1
DERFILIA,0,1,1
DERIA,0,1,1
DERICIA,0,1,1
DERINALDY,0,1,1
DERING,0,1,1
DERISLETH,0,1,1
DERITA,0,1,1
DERITH,0,1,1
DERLENDA,0,1,1
DERMENEGIER,0,1,1
DERMETINA,0,1,1
DERMIDIAN,0,1,1
DERMIRIA,0,1,1
DERMIRIO,0,1,1
DERMOTH,0,1,1
DERNAIN,0,1,1
DEROY,0,1,1
DERREEK,0,1,1
DERRICKS,0,1,1
DERRIE,0,1,1
DERRINGER,0,1,1
DERRYL,0,1,1
DERSEY,0,1,1
DERSI,0,1,1
DERTALI,0,1,1
DERVELY,0,1,1
DERWIN ADONAY,0,1,1
DERZA,0,1,1
DESAMPARADO,0,1,1
DESENA,0,1,1
DESERBILLON,0,1,1
DESEREE,0,1,1
DESERI,0,1,1
DESHANNA,0,1,1
DESHAWN,0,1,1
DESIDELFA,0,1,1
DESIDER,0,1,1
DESIDET,0,1,1
DESIDETH,0,1,1
DESIELA,0,1,1
DESIERET,0,1,1
DESIL,0,1,1
DESILAR,0,1,1
DESIN,0,1,1
DESIREC,0,1,1
DESIRECT,0,1,1
DESIREED,0,1,1
DESIRRE,0,1,1
DESIT,0,1,1
DESLVINA,0,1,1
DESMILDA,0,1,1
DESMONT,0,1,1
DESMORE,0,1,1
DESPOSORIOS,0,1,1
DESPOZORIA,0,1,1
DESSENOV,0,1,1
DESSHIREE,0,1,1
DESSIDEE,0,1,1
DESSIREL,0,1,1
DESSIRETH,0,1,1
DESSYRE,0,1,1
DESTEPHEN,0,1,1
DESYRE,0,1,1
DETAEGUIZ,0,1,1
DETANIS,0,1,1
DETCENIA,0,1,1
DETELINDA,0,1,1
DETHSAIDA,0,1,1
DETRIGINIA,0,1,1
DETSIS,0,1,1
DETSISA,0,1,1
DEUBEL,0,1,1
DEUCENIA,0,1,1
DEUDLEY,0,1,1
DEUDRA,0,1,1
DEUMICIA,0,1,1
DEVALOISA,0,1,1
DEVAS,0,1,1
DEVERON,0,1,1
DEVIBERTO,0,1,1
DEVINE,0,1,1
DEVONA,0,1,1
DEVONE,0,1,1
DEVORN,0,1,1
DEWELLYN,0,1,1
DEXALINA,0,1,1
DEXALINE,0,1,1
DEXCELY,0,1,1
DEXCENIA,0,1,1
DEXELEE,0,1,1
DEXIANA,0,1,1
DEXILO,0,1,1
DEXILOE,0,1,1
DEXIRMILIANO,0,1,1
DEXSILA,0,1,1
DEY LIBY,0,1,1
DEYALOY,0,1,1
DEYBBIS,0,1,1
DEYBISON,0,1,1
DEYCI ARACELY,0,1,1
DEYCI DIUMARA,0,1,1
DEYCILIA,0,1,1
DEYDAMIA,0,1,1
DEYDE,0,1,1
DEYFILIA,0,1,1
DEYLIBY,0,1,1
DEYLID,0,1,1
DEYLISAY,0,1,1
DEYNEL,0,1,1
DEYNYS,0,1,1
DEYQUIS,0,1,1
DEYRI,0,1,1
DEYSI ARACELY,0,1,1
DEYSI ARELY,0,1,1
DEYSI DEL CARME,0,1,1
DEYSI GLADIS,0,1,1
DEYSI NOEMI,0,1,1
DEYSI NOHEMI,0,1,1
DEYSI PATRICIA,0,1,1
DEYSI ROSARIO,0,1,1
DEYSI RUT,0,1,1
DEYSI SUYAPA,0,1,1
DEYSI YOLANDA,0,1,1
DEYSIY,0,1,1
DEYSON,0,1,1
DEYXY,0,1,1
DGEOVANI,0,1,1
DHAISY,0,1,1
DHANNELTYA,0,1,1
DHAREL,0,1,1
DHAYANY,0,1,1
DHRUVA,0,1,1
DI MAS,0,1,1
DIABERNIS,0,1,1
DIACALIN,0,1,1
DIACENIA,0,1,1
DIADALYD,0,1,1
DIADIRY,0,1,1
DIAJAIRA,0,1,1
DIALAMIS,0,1,1
DIALBERTO,0,1,1
DIALEISE,0,1,1
DIALET,0,1,1
DIALETH,0,1,1
DIALEX,0,1,1
DIALEXY,0,1,1
DIAMALES,0,1,1
DIAMANDA,0,1,1
DIAMANTE,0,1,1
DIAMANTIVA,0,1,1
DIAMARANTE,0,1,1
DIAMAS,0,1,1
DIAMEDES,0,1,1
DIAMETIS,0,1,1
DIAMEZ,0,1,1
DIAMILDA,0,1,1
DIAMILES,0,1,1
DIAMINDA,0,1,1
DIAMIRA,0,1,1
DIAMY,0,1,1
DIANA INES,0,1,1
DIANA VALESCA,0,1,1
DIANAH,0,1,1
DIANAS,0,1,1
DIANED,0,1,1
DIANEG,0,1,1
DIANEIS,0,1,1
DIANELDIN,0,1,1
DIANELL,0,1,1
DIANERI,0,1,1
DIANETHE,0,1,1
DIANEZ,0,1,1
DIANIE,0,1,1
DIANILA,0,1,1
DIANILDA,0,1,1
DIANIVET,0,1,1
DIANO,0,1,1
DIANORY,0,1,1
DIANTI,0,1,1
DIAQUIZ,0,1,1
DIARELIS,0,1,1
DIASANNA,0,1,1
DIASELINA,0,1,1
DIASENY,0,1,1
DIASIOMARA,0,1,1
DIATRIS,0,1,1
DIAVELYS,0,1,1
DIAVIN,0,1,1
DIAVOLDO,0,1,1
DIBANGO,0,1,1
DIBBYANA,0,1,1
DIBERTO,0,1,1
DIBETH,0,1,1
DIBIEL,0,1,1
DIBIETA,0,1,1
DIBRAN,0,1,1
DIBRANA,0,1,1
DIBULGA,0,1,1
DICCE,0,1,1
DICIANA,0,1,1
DICIDET,0,1,1
DICKENSON,0,1,1
DICT,0,1,1
DICTAEL,0,1,1
DICTHARA,0,1,1
DICTINA,0,1,1
DICUMEDE,0,1,1
DICXON,0,1,1
DIDABEL,0,1,1
DIDAIR,0,1,1
DIDALMIR,0,1,1
DIDAMIA,0,1,1
DIDANIN,0,1,1
DIDBERTO,0,1,1
DIDELINA,0,1,1
DIDEROD,0,1,1
DIDIES,0,1,1
DIDILY,0,1,1
DIDIMO,0,1,1
DIDINA,0,1,1
DIDMA,0,1,1
DIDORA,0,1,1
DIEGO    MARTIN,0,1,1
DIEL,0,1,1
DIELCY,0,1,1
DIELITO,0,1,1
DIELTER,0,1,1
DIEN,0,1,1
DIENELDA,0,1,1
DIESIS,0,1,1
DIESTRA,0,1,1
DIETRIC,0,1,1
DIGBBY,0,1,1
DIGBIANNA,0,1,1
DIGDA,0,1,1
DIGDO,0,1,1
DIGGBIANA,0,1,1
DIGMAS,0,1,1
DIGNA AMERICA,0,1,1
DIGNA ARACELY,0,1,1
DIGNA AURORA,0,1,1
DIGNA BENTURA,0,1,1
DIGNA CARMELA,0,1,1
DIGNA DE JESUS,0,1,1
DIGNA DE LA CRU,0,1,1
DIGNA DE MERCED,0,1,1
DIGNA ELIZABETH,0,1,1
DIGNA ESTELA,0,1,1
DIGNA LIZETH,0,1,1
DIGNA MERITA,0,1,1
DIGNA SUYAPA,0,1,1
DIGNA TRINIDAD,0,1,1
DIGNA YANETH,0,1,1
DIGNAEL,0,1,1
DIGNAN ESPERNAZ,0,1,1
DIGNIDAD,0,1,1
DIGNO ANTONIO,0,1,1
DIGNO ISMAEL,0,1,1
DIGUEL,0,1,1
DIGVIANA,0,1,1
DIGXIANA,0,1,1
DIKSON,0,1,1
DIL,0,1,1
DILA ORLANDA,0,1,1
DILADINA,0,1,1
DILAILA,0,1,1
DILAIR,0,1,1
DILAK,0,1,1
DILANA,0,1,1
DILANDIS,0,1,1
DILANO,0,1,1
DILBET,0,1,1
DILBORT,0,1,1
DILCIA AZUCENA,0,1,1
DILCIA IZABEL,0,1,1
DILCIA JACKELYN,0,1,1
DILCIA JAMILETH,0,1,1
DILCIA LICET,0,1,1
DILCIA LICIDA,0,1,1
DILCIA MARGOTH,0,1,1
DILCIA MARIBEL,0,1,1
DILCIA MARINA,0,1,1
DILCIA MILAGRO,0,1,1
DILCIA NOHEMY,0,1,1
DILCIA ROSA,0,1,1
DILCIA YAMILETH,0,1,1
DILCIA YANETH,0,1,1
DILDE,0,1,1
DILDER,0,1,1
DILDO,0,1,1
DILEA,0,1,1
DILECIA,0,1,1
DILEILA,0,1,1
DILENE,0,1,1
DILENIS,0,1,1
DILENNY,0,1,1
DILERIA,0,1,1
DILET,0,1,1
DILEXO,0,1,1
DILFONSO,0,1,1
DILIAMS,0,1,1
DILIBALDO,0,1,1
DILIBET,0,1,1
DILIET,0,1,1
DILIHE,0,1,1
DILINORA,0,1,1
DILKA,0,1,1
DILLET,0,1,1
DILLION,0,1,1
DILLORD,0,1,1
DILMA AZUCENA,0,1,1
DILMA DOLORES,0,1,1
DILMA OLIVIA,0,1,1
DILMERSE,0,1,1
DILNIBET,0,1,1
DILO,0,1,1
DILONORA,0,1,1
DILSI NOEMI,0,1,1
DILSID,0,1,1
DILVA,0,1,1
DILVIAS,0,1,1
DILYCIA,0,1,1
DILZON,0,1,1
DIM,0,1,1
DIMAI,0,1,1
DIMALDI,0,1,1
DIMANS,0,1,1
DIMARCO,0,1,1
DIMARY,0,1,1
DIMEDINA,0,1,1
DIMEDIS,0,1,1
DIMELDA,0,1,1
DIMERSA,0,1,1
DIMETRIA,0,1,1
DIMIAM,0,1,1
DIMICIO,0,1,1
DIMIDDI,0,1,1
DIMILEX,0,1,1
DIMILSON,0,1,1
DIMINGO,0,1,1
DIMITRIE,0,1,1
DIMONT,0,1,1
DIMORA,0,1,1
DIMOY,0,1,1
DINA  EL,0,1,1
DINA ARELY,0,1,1
DINA EMERITA,0,1,1
DINA LUZ,0,1,1
DINA MARILU,0,1,1
DINACH,0,1,1
DINAELA,0,1,1
DINAHY,0,1,1
DINAIL,0,1,1
DINAIS,0,1,1
DINALIX,0,1,1
DINAMARTA,0,1,1
DINARCO,0,1,1
DINAURY,0,1,1
DINAVEY,0,1,1
DINAY,0,1,1
DINDOLFO,0,1,1
DINELIO,0,1,1
DINERY,0,1,1
DINEYRA,0,1,1
DINEYSI,0,1,1
DINHORA,0,1,1
DINIEL,0,1,1
DININ,0,1,1
DINIRA,0,1,1
DINIZA,0,1,1
DINKO,0,1,1
DINNEY,0,1,1
DINNO,0,1,1
DINOK,0,1,1
DINOR,0,1,1
DINORA IVETH,0,1,1
DINORAH EUFEMIA,0,1,1
DINORAHA,0,1,1
DINORAT,0,1,1
DINORI,0,1,1
DINOTH,0,1,1
DINOVA,0,1,1
DINOX,0,1,1
DINS DALE,0,1,1
DIOBALDO,0,1,1
DIOBANIS,0,1,1
DIOBANY,0,1,1
DIOBEDIS,0,1,1
DIOBIGILDO,0,1,1
DIOBILETH,0,1,1
DIOCELINDA,0,1,1
DIOCINIA,0,1,1
DIOCLESIANO,0,1,1
DIOCSANA,0,1,1
DIODOLINDA,0,1,1
DIODONO,0,1,1
DIOEL,0,1,1
DIOFOLDO,0,1,1
DIOGENESIS,0,1,1
DIOLANI,0,1,1
DIOLEX,0,1,1
DIOLIBETH,0,1,1
DIOMAN,0,1,1
DIOMANTINA,0,1,1
DIOMARE,0,1,1
DIOMARES,0,1,1
DIOMAS,0,1,1
DIOMEDIH,0,1,1
DIOMEDYS,0,1,1
DIOMELINA,0,1,1
DIOMENDE,0,1,1
DIOMERI,0,1,1
DIOMERY,0,1,1
DION LUIS,0,1,1
DIONAMI,0,1,1
DIONARA,0,1,1
DIONAYDA,0,1,1
DIONEDI,0,1,1
DIONEDY,0,1,1
DIONEISI,0,1,1
DIONEL ANTONIO,0,1,1
DIONELAY,0,1,1
DIONELITO,0,1,1
DIONELSO,0,1,1
DIONESA,0,1,1
DIONESI,0,1,1
DIONETH,0,1,1
DIONEX,0,1,1
DIONEXSI,0,1,1
DIONICA,0,1,1
DIONICIO LOPEZ,0,1,1
DIONIDIA,0,1,1
DIONIL,0,1,1
DIONILETH,0,1,1
DIONIRA,0,1,1
DIONIRIA,0,1,1
DIONIRIS,0,1,1
DIONIZ,0,1,1
DIONIZIA,0,1,1
DIONMEL,0,1,1
DIONOSIO,0,1,1
DIONRA,0,1,1
DIONY DIA,0,1,1
DIORAXIS,0,1,1
DIORICE,0,1,1
DIOSELINDA,0,1,1
DIOSELYN,0,1,1
DIOSMEDES,0,1,1
DIOSONA,0,1,1
DIOTILIA,0,1,1
DIOVANNY,0,1,1
DIOVEDY,0,1,1
DIOVIGILDA,0,1,1
DIOZOTY,0,1,1
DIPABLA,0,1,1
DIPANI,0,1,1
DIPHAOL,0,1,1
DIPZA,0,1,1
DIRA,0,1,1
DIRAM,0,1,1
DIRANDIR,0,1,1
DIRBY SPORGEON,0,1,1
DIRCE,0,1,1
DIRCEN,0,1,1
DIRCEU FERNANDO,0,1,1
DIRENDIDA,0,1,1
DIRENIA,0,1,1
DIRIANGEN,0,1,1
DIRIES,0,1,1
DIRLIA,0,1,1
DIRSEO,0,1,1
DIRSEU,0,1,1
DISALIN,0,1,1
DISARDA,0,1,1
DISAUL,0,1,1
DISBE,0,1,1
DISBEL,0,1,1
DISEIS,0,1,1
DISELITH,0,1,1
DISERY,0,1,1
DISEYDA,0,1,1
DISIANA,0,1,1
DISIONILA,0,1,1
DISMABEL,0,1,1
DISMARI,0,1,1
DISMEDES,0,1,1
DISMEL,0,1,1
DISNARDO,0,1,1
DISNAY,0,1,1
DISNI,0,1,1
DISOLENTINO,0,1,1
DISPOSORIA,0,1,1
DISRAELLY,0,1,1
DISRAELY,0,1,1
DISVIANA,0,1,1
DITALINA,0,1,1
DIUBANY,0,1,1
DIUNES,0,1,1
DIVANDO,0,1,1
DIVANNA,0,1,1
DIVEL,0,1,1
DIVER,0,1,1
DIVERTO,0,1,1
DIVIERE,0,1,1
DIVODY,0,1,1
DIVORI,0,1,1
DIVOW,0,1,1
DIXABEL,0,1,1
DIXADY,0,1,1
DIXAEL,0,1,1
DIXANIA,0,1,1
DIXANY,0,1,1
DIXEL,0,1,1
DIXIA MELANDA,0,1,1
DIXIANIA,0,1,1
DIXILI,0,1,1
DIXIONA,0,1,1
DIXNARDA,0,1,1
DIXSABE,0,1,1
DIXSANDY,0,1,1
DIXSOLINA,0,1,1
DIXZANDE,0,1,1
DIYAN,0,1,1
DIYINA,0,1,1
DIZUL,0,1,1
DJALMYRA,0,1,1
DJAMARY,0,1,1
D'KARLO,0,1,1
DLORES,0,1,1
DMITRI,0,1,1
D'NELLY,0,1,1
DO ABEL,0,1,1
DO ALCIDES,0,1,1
DOALINS,0,1,1
DOANIY,0,1,1
DOBENY,0,1,1
DOBEYBA,0,1,1
DOCUMEDES,0,1,1
DODAMNI,0,1,1
DODAMY,0,1,1
DODANINM,0,1,1
DODANMY,0,1,1
DODANYM,0,1,1
DODANYN,0,1,1
DODAY,0,1,1
DODDYS,0,1,1
DODEMI,0,1,1
DODNEY,0,1,1
DODOLMINDA,0,1,1
DODONIN,0,1,1
DODSON,0,1,1
DOE,0,1,1
DOELIA,0,1,1
DOEMI,0,1,1
DOENIS,0,1,1
DOGUAL,0,1,1
DOHAM,0,1,1
DOHENEY,0,1,1
DOINGA,0,1,1
DOLAI,0,1,1
DOLAINE,0,1,1
DOLANIS,0,1,1
DOLANY,0,1,1
DOLASCO,0,1,1
DOLBER,0,1,1
DOLBY,0,1,1
DOLEI,0,1,1
DOLETH,0,1,1
DOLFI,0,1,1
DOLICIA,0,1,1
DOLIDALMA,0,1,1
DOLINED,0,1,1
DOLINEE,0,1,1
DOLINEH,0,1,1
DOLINELI,0,1,1
DOLIO,0,1,1
DOLL,0,1,1
DOLLINETH,0,1,1
DOLLMAN,0,1,1
DOLMI,0,1,1
DOLORE,0,1,1
DOLORES ALBA,0,1,1
DOLORES AUGUSTA,0,1,1
DOLORES CARLOTA,0,1,1
DOLORES DE JESU,0,1,1
DOLORES DEL CAR,0,1,1
DOLORES DEMETRI,0,1,1
DOLORES DIEGO,0,1,1
DOLORES EDELMIR,0,1,1
DOLORES HILMA,0,1,1
DOLORES ISABEL,0,1,1
DOLORES JACINTA,0,1,1
DOLORES MARIBEL,0,1,1
DOLORES ORLANDO,0,1,1
DOLORES RAMONA,0,1,1
DOLORES YAMILET,0,1,1
DOLORES!,0,1,1
DOLORITO,0,1,1
DOLOS,0,1,1
DOLSA,0,1,1
DOLSI,0,1,1
DOLSIN,0,1,1
DOMAN,0,1,1
DOMANIS,0,1,1
DOMARI,0,1,1
DOMASO,0,1,1
DOMERICA,0,1,1
DOMERIS,0,1,1
DOMETRIO,0,1,1
DOMIAS,0,1,1
DOMICELIA,0,1,1
DOMICILA CRISTI,0,1,1
DOMICINDA,0,1,1
DOMICINIO,0,1,1
DOMIDIO,0,1,1
DOMILI,0,1,1
DOMILIO,0,1,1
DOMIN,0,1,1
DOMINGA',0,1,1
DOMINGA BLACINA,0,1,1
DOMINGA ESPERAN,0,1,1
DOMINGA MARIA,0,1,1
DOMINGA ROMELIA,0,1,1
DOMINGA ROSINDA,0,1,1
DOMINGLO,0,1,1
DOMINGO BERLI,0,1,1
DOMINGO DE JESU,0,1,1
DOMINGO SABIO,0,1,1
DOMINI,0,1,1
DOMINICO LUCIO,0,1,1
DOMINILIO,0,1,1
DOMINQUE,0,1,1
DOMIRO,0,1,1
DOMISILIA,0,1,1
DOMITA,0,1,1
DOMITILA SUYAPA,0,1,1
DOMMEL,0,1,1
DOMNIMA,0,1,1
DOMNIO,0,1,1
DON JUNIOR,0,1,1
DONABEL,0,1,1
DONABETH,0,1,1
DONACILA,0,1,1
DONACIMIENTO,0,1,1
DONACIONA,0,1,1
DONADA,0,1,1
DONADIM,0,1,1
DONAGGILL,0,1,1
DONAGI,0,1,1
DONAHE,0,1,1
DONAHIL,0,1,1
DONAID,0,1,1
DONAIDI,0,1,1
DONAIDO,0,1,1
DONAIY,0,1,1
DONAJI,0,1,1
DONALCIN,0,1,1
DONALD RUBERMAN,0,1,1
DONALDINA,0,1,1
DONALDIS,0,1,1
DONALDO ALBERTO,0,1,1
DONALDY,0,1,1
DONALID,0,1,1
DONALL,0,1,1
DONALYS,0,1,1
DONANE,0,1,1
DONANIM,0,1,1
DONANIN,0,1,1
DONANSILA,0,1,1
DONANSON,0,1,1
DONARDA,0,1,1
DONARDIS,0,1,1
DONASIANO,0,1,1
DONASY,0,1,1
DONATALIA,0,1,1
DONATILLA,0,1,1
DONATILO DARIO,0,1,1
DONATLI,0,1,1
DONATO JAVIER,0,1,1
DONAU,0,1,1
DONAURIO,0,1,1
DONAVI,0,1,1
DONAVITH,0,1,1
DONAVON,0,1,1
DONAXI,0,1,1
DONAY ESLIN,0,1,1
DONAYO,0,1,1
DONCEL,0,1,1
DONECSI,0,1,1
DONEI,0,1,1
DONEISY,0,1,1
DONELBO,0,1,1
DONELCY,0,1,1
DONELISE,0,1,1
DONELSO,0,1,1
DONELSON,0,1,1
DONERIZ,0,1,1
DONERYS,0,1,1
DONES,0,1,1
DONESLI,0,1,1
DONESSA,0,1,1
DONETSY,0,1,1
DONEX,0,1,1
DONG TONY,0,1,1
DONGLAS,0,1,1
DONICELA,0,1,1
DONICEPTI,0,1,1
DONICTA,0,1,1
DONIET,0,1,1
DONILETH,0,1,1
DONILVA,0,1,1
DONILZAN,0,1,1
DONIO,0,1,1
DONIRIAN,0,1,1
DONISA,0,1,1
DONISET,0,1,1
DONISETH,0,1,1
DONISS,0,1,1
DONMER,0,1,1
DONMINIA,0,1,1
DONNA MAE,0,1,1
DONNAR THOMAS,0,1,1
DONNELIA,0,1,1
DONNELLE,0,1,1
DONNELLY,0,1,1
DONNETTE,0,1,1
DONNYHEW,0,1,1
DONORA,0,1,1
DONORES,0,1,1
DONORY,0,1,1
DONOVA,0,1,1
DOONA,0,1,1
DOONE,0,1,1
DORA  ARGENTINA,0,1,1
DORA ANGELINA,0,1,1
DORA ARGENTINA,0,1,1
DORA ESPERANZA,0,1,1
DORA HIDA,0,1,1
DORA HILDA,0,1,1
DORA ILDA,0,1,1
DORA IRMA,0,1,1
DORA ISABEL,0,1,1
DORA LINA,0,1,1
DORA YSMELDA,0,1,1
DORACELIA,0,1,1
DORACY,0,1,1
DORADIN,0,1,1
DORAELIS,0,1,1
DORAIBA,0,1,1
DORAIDE,0,1,1
DORALAYNE,0,1,1
DORALE,0,1,1
DORALECI,0,1,1
DORALEN,0,1,1
DORALIN,0,1,1
DORALINE,0,1,1
DORAMIS,0,1,1
DORAS,0,1,1
DORASY,0,1,1
DORATIBA,0,1,1
DORAYBA,0,1,1
DOREE,0,1,1
DOREID,0,1,1
DORELDA,0,1,1
DORELI,0,1,1
DORELIS,0,1,1
DORELY FEMINA,0,1,1
DORESIS,0,1,1
DORESSY,0,1,1
DORESTEY,0,1,1
DORESY,0,1,1
DORETH,0,1,1
DOREY,0,1,1
DORIAN RAFAEL,0,1,1
DORIANI,0,1,1
DORIANS,0,1,1
DORIAR,0,1,1
DORICK,0,1,1
DORIEL,0,1,1
DORIEN,0,1,1
DORIES,0,1,1
DORIGONI,0,1,1
DORILA ESPERANZ,0,1,1
DORILES,0,1,1
DORILEY,0,1,1
DORINELA,0,1,1
DORINETH,0,1,1
DORINHA,0,1,1
DORIS  LILLIAN,0,1,1
DORIS ALBINA,0,1,1
DORIS ALICIA,0,1,1
DORIS ANTONIA,0,1,1
DORIS ARCELI,0,1,1
DORIS ARGENTINA,0,1,1
DORIS AUDELY,0,1,1
DORIS ELENA,0,1,1
DORIS EMILIA,0,1,1
DORIS ESPERANZA,0,1,1
DORIS ESTELA,0,1,1
DORIS FRANCISCA,0,1,1
DORIS ISABEL,0,1,1
DORIS MARIBEL,0,1,1
DORIS MARITZA,0,1,1
DORIS ODILA,0,1,1
DORIS ONEIDA,0,1,1
DORIS PATRICIA,0,1,1
DORIS PIEDAD,0,1,1
DORIS REINA,0,1,1
DORIS VILMA,0,1,1
DORIS YAMILET,0,1,1
DORIS YAMILETH,0,1,1
DORIS YANETH,0,1,1
DORIS YOLANDA,0,1,1
DORISCELA,0,1,1
DORISLEA,0,1,1
DORISP,0,1,1
DORISS,0,1,1
DORISSELA,0,1,1
DORISTEY,0,1,1
DORITDEY,0,1,1
DORLIZA,0,1,1
DORMELINDO,0,1,1
DORNEL,0,1,1
DORNELY,0,1,1
DOROLA,0,1,1
DORONES,0,1,1
DOROTEA DOMINGA,0,1,1
DOROTHEA,0,1,1
DOROTHERY,0,1,1
DOROTI,0,1,1
DORRILL,0,1,1
DORRIN,0,1,1
DORYLEX,0,1,1
DORYSELAH,0,1,1
DOSITEA,0,1,1
DOUBLEY,0,1,1
DOUBRICIO,0,1,1
DOUGLAS DANILO,0,1,1
DOUL,0,1,1
DOULBY,0,1,1
DOURDANETH,0,1,1
DOURNOTT,0,1,1
DOUWAS,0,1,1
DOVAN,0,1,1
DOVANNE,0,1,1
DOVEIVA,0,1,1
DOVEY,0,1,1
DOVINIA,0,1,1
DOWIANA,0,1,1
DOWIC,0,1,1
DOWIE,0,1,1
DOWING,0,1,1
DOWINYNG,0,1,1
DOWLAS,0,1,1
DOWORD,0,1,1
DOWRINA,0,1,1
DOWSON,0,1,1
DOXIS,0,1,1
DOYANI,0,1,1
DOYNE,0,1,1
DOZARETH,0,1,1
DRACELI,0,1,1
DRAGON,0,1,1
DRAISINIA,0,1,1
DRAKE,0,1,1
DRALIO,0,1,1
DRANCISCA,0,1,1
DRAXEMA,0,1,1
DRESLY,0,1,1
DREYKI,0,1,1
DRICELA,0,1,1
DRIGLES,0,1,1
DRIZZEL,0,1,1
DROMICILA,0,1,1
DRUCILLA,0,1,1
DRUCILLE,0,1,1
DRUGUEN,0,1,1
DRUMMOND,0,1,1
DUARK,0,1,1
DUARLIN,0,1,1
DUBADIER,0,1,1
DUBADIL,0,1,1
DUBAI,0,1,1
DUBALIEL,0,1,1
DUBALIET,0,1,1
DUBALIR,0,1,1
DUBAMMY,0,1,1
DUBANIS,0,1,1
DUBANNE,0,1,1
DUBANYS,0,1,1
DUBAY,0,1,1
DUBEL,0,1,1
DUBER,0,1,1
DUBERT,0,1,1
DUBERTA,0,1,1
DUBERTH,0,1,1
DUBEY,0,1,1
DUBHE,0,1,1
DUBIANY,0,1,1
DUBIDIA,0,1,1
DUBIZ,0,1,1
DUBLAHN,0,1,1
DUBLAIN,0,1,1
DUBOIL,0,1,1
DUBOIS,0,1,1
DUBON,0,1,1
DUBONI,0,1,1
DUBORT,0,1,1
DUBREY,0,1,1
DUCILA,0,1,1
DUCLELAN,0,1,1
DUDDLEX,0,1,1
DUDINKA,0,1,1
DUDIX,0,1,1
DUDSEN,0,1,1
DUDSON,0,1,1
DUEBERTH,0,1,1
DUEMI,0,1,1
DUET,0,1,1
DUGALL,0,1,1
DUGLAST,0,1,1
DUGLENY,0,1,1
DUGLEY,0,1,1
DUGLHAS,0,1,1
DUGOBER,0,1,1
DUGUES,0,1,1
DUHDITT,0,1,1
DUHENNY,0,1,1
DUHI,0,1,1
DUKA,0,1,1
DULCAMARA,0,1,1
DULCE LINA,0,1,1
DULCELMA,0,1,1
DULCERINA,0,1,1
DULCEVEL,0,1,1
DULCIRIA,0,1,1
DULCIVELA,0,1,1
DULFO,0,1,1
DULFREDO,0,1,1
DULFUIDA,0,1,1
DULIBETH,0,1,1
DULIN,0,1,1
DULISA,0,1,1
DUMAIRE,0,1,1
DUN,0,1,1
DUNALY,0,1,1
DUNES JOEL,0,1,1
DUNESCA,0,1,1
DUNESHKA,0,1,1
DUNEY,0,1,1
DUNIA EMERITA,0,1,1
DUNIA ISABEL,0,1,1
DUNIA YECENIA,0,1,1
DUNIAL,0,1,1
DUNILA,0,1,1
DUNILIO,0,1,1
DUNITH,0,1,1
DUNNECHKA,0,1,1
DUNUEL,0,1,1
DUPLET,0,1,1
DURAYSA,0,1,1
DURBELYS,0,1,1
DURCILIA,0,1,1
DUREE,0,1,1
DURELIA,0,1,1
DURFIS,0,1,1
DURISMA,0,1,1
DURKIS,0,1,1
DURTEY,0,1,1
DURVELLYS,0,1,1
DURWARD,0,1,1
DUSI,0,1,1
DUSTIAN,0,1,1
DUSTTIN,0,1,1
DUSUS,0,1,1
DUVANIA,0,1,1
DUVATH,0,1,1
DUVAY,0,1,1
DUVERIERNER,0,1,1
DUVES,0,1,1
DUVIGE,0,1,1
DUVIGES,0,1,1
DUVILIA,0,1,1
DUVIS ELDA,0,1,1
DUVIYANI,0,1,1
DUWANY,0,1,1
DUWAY,0,1,1
DUXCELINA,0,1,1
DUXIBEL,0,1,1
DUXSOLINA,0,1,1
DWYANE,0,1,1
DYANN,0,1,1
DYANNA,0,1,1
DYANY,0,1,1
DYLE,0,1,1
DYLIMAN,0,1,1
DYLONN,0,1,1
DYMADY,0,1,1
DYNORAH,0,1,1
DYONEE,0,1,1
DYRON,0,1,1
DYUID,0,1,1
DZALIA,0,1,1
E  ALTAGRACIA,0,1,1
E ISABEL,0,1,1
E MAURICIO,0,1,1
E. LUISA,0,1,1
E. PAMUCENO,0,1,1
E.DILMA,0,1,1
E.HERIBERTO,0,1,1
EADILIA,0,1,1
EADITHA,0,1,1
EAGAN,0,1,1
EAIL,0,1,1
EALENE,0,1,1
EALONSO,0,1,1
EAMEAL,0,1,1
EANWORTH,0,1,1
EARCELL,0,1,1
EARGELIO,0,1,1
EARL JACOB,0,1,1
EARLA,0,1,1
EARLINDA,0,1,1
EARLINE,0,1,1
EARLYN,0,1,1
EARNEL,0,1,1
EARQUIDES,0,1,1
EARTHA,0,1,1
EASTENIA,0,1,1
EASTON,0,1,1
EBALI,0,1,1
EBANGELICA,0,1,1
EBANJELISTO,0,1,1
EBANOR,0,1,1
EBARU,0,1,1
EBAT,0,1,1
EBBING,0,1,1
EBDA,0,1,1
EBDUNIO,0,1,1
EBEDENIA,0,1,1
EBEDUN,0,1,1
EBELEIDA,0,1,1
EBELEN,0,1,1
EBELICCIA,0,1,1
EBELIM,0,1,1
EBELING,0,1,1
EBELISA,0,1,1
EBELITH,0,1,1
EBELIZ,0,1,1
EBELIZARIO,0,1,1
EBELIZE,0,1,1
EBELMIN,0,1,1
EBELSI,0,1,1
EBENCIO,0,1,1
EBENECER,0,1,1
EBENECIO,0,1,1
EBENESSET,0,1,1
EBENICIA,0,1,1
EBER DANY,0,1,1
EBER LEONEL,0,1,1
EBERALDA,0,1,1
EBERCIO,0,1,1
EBERDINA,0,1,1
EBERENIA,0,1,1
EBERGISTO,0,1,1
EBERLY,0,1,1
EBERTHA,0,1,1
EBERTINE,0,1,1
EBERTY,0,1,1
EBERY,0,1,1
EBESAY,0,1,1
EBETEL,0,1,1
EBEXA,0,1,1
EBIDAY,0,1,1
EBIDEMIA,0,1,1
EBIDIA,0,1,1
EBIDIO,0,1,1
EBIE,0,1,1
EBILENIA,0,1,1
EBILET,0,1,1
EBILMAR,0,1,1
EBISMEL,0,1,1
EBIUD,0,1,1
EBLIN ASTERIO,0,1,1
EBMANCIO,0,1,1
EBODIA,0,1,1
EBOENIA,0,1,1
EBOLA,0,1,1
EBONE,0,1,1
EBONILDA,0,1,1
EBREM,0,1,1
EBREN,0,1,1
EBRENDO,0,1,1
EBRICIO,0,1,1
EBRINECK,0,1,1
EBSOLON,0,1,1
EBTELBINA,0,1,1
EBTINA,0,1,1
EBULFREDO,0,1,1
EBVERTA,0,1,1
ECARLETH,0,1,1
ECATTERINA,0,1,1
ECBENIA,0,1,1
ECBERG,0,1,1
ECCEOMO,0,1,1
ECCIDEZ,0,1,1
ECDAMILI,0,1,1
ECDELI,0,1,1
ECDENI,0,1,1
ECDILA,0,1,1
ECDILIA,0,1,1
ECDOBADY,0,1,1
ECDOMINIO,0,1,1
ECDORO,0,1,1
ECDUVINIA,0,1,1
ECELIA,0,1,1
ECELINDA,0,1,1
ECENIA,0,1,1
ECEVEDIO,0,1,1
ECEYLA,0,1,1
ECHEBERRY,0,1,1
ECIBE,0,1,1
ECIBIA,0,1,1
ECILDA,0,1,1
ECKART,0,1,1
ECLECERIO,0,1,1
ECLERINA,0,1,1
ECLESANDER,0,1,1
ECLIPSERIO,0,1,1
ECLITH,0,1,1
ECLUIDES,0,1,1
ECRISERIO,0,1,1
ECSABEL,0,1,1
ECSAEL,0,1,1
ECSAL,0,1,1
ECSEQUIEL,0,1,1
ECTELDINA,0,1,1
ECTELINA,0,1,1
ECTOBAR,0,1,1
EDA ARGENTINA,0,1,1
EDA CLAUDINA,0,1,1
EDA LETZY,0,1,1
EDACLIDES,0,1,1
EDAD,0,1,1
EDADIO,0,1,1
EDAI,0,1,1
EDAIN,0,1,1
EDALETSY,0,1,1
EDALEYDA,0,1,1
EDALIS,0,1,1
EDALMES,0,1,1
EDALMIN,0,1,1
EDALMY,0,1,1
EDALNIA,0,1,1
EDALVER,0,1,1
EDALVIN,0,1,1
EDALVINDA,0,1,1
EDAME,0,1,1
EDAMEL,0,1,1
EDANIRIA,0,1,1
EDANIS,0,1,1
EDANNER,0,1,1
EDANUARIO,0,1,1
EDARDA,0,1,1
EDARLID,0,1,1
EDARMINA,0,1,1
EDASLIDADO,0,1,1
EDAT,0,1,1
EDAVID,0,1,1
EDAY,0,1,1
EDAYDO,0,1,1
EDBELIA,0,1,1
EDBINTA,0,1,1
EDDALIA,0,1,1
EDDHIMAR,0,1,1
EDDICTA,0,1,1
EDDIMAR,0,1,1
EDDISSON,0,1,1
EDDONIO,0,1,1
EDDORA,0,1,1
EDDU,0,1,1
EDDUARDO,0,1,1
EDDWARD,0,1,1
EDEBARDO,0,1,1
EDEBRAN,0,1,1
EDECIDES,0,1,1
EDEDBERTO,0,1,1
EDEDIN,0,1,1
EDEDMUNDO,0,1,1
EDEFINDA,0,1,1
EDEGARDO,0,1,1
EDEGNA,0,1,1
EDEHLMER,0,1,1
EDEIBAIS,0,1,1
EDEIMAN,0,1,1
EDEISI,0,1,1
EDEISY,0,1,1
EDELAIDA,0,1,1
EDELCID,0,1,1
EDELCIDA,0,1,1
EDELCIDES,0,1,1
EDELDI,0,1,1
EDELEA,0,1,1
EDELEANO,0,1,1
EDELFIDES,0,1,1
EDELFIO,0,1,1
EDELGA,0,1,1
EDELGICIA,0,1,1
EDELGISSA,0,1,1
EDELIBERTA,0,1,1
EDELIMA,0,1,1
EDELISIA,0,1,1
EDELMAR,0,1,1
EDELMAYRA,0,1,1
EDELMIA,0,1,1
EDELMID,0,1,1
EDELMINIO,0,1,1
EDELMITH,0,1,1
EDELMYN,0,1,1
EDELNIA,0,1,1
EDELNIDA,0,1,1
EDELSIS,0,1,1
EDELUVINA,0,1,1
EDELVIR,0,1,1
EDELVY,0,1,1
EDELWEIS,0,1,1
EDELYADI,0,1,1
EDELZEL,0,1,1
EDELZY,0,1,1
EDEMA,0,1,1
EDEMAR,0,1,1
EDEMILTON,0,1,1
EDEMIX,0,1,1
EDEMY,0,1,1
EDEN JOSE,0,1,1
EDENAN,0,1,1
EDENDINA,0,1,1
EDENEA,0,1,1
EDENIA SUYAPA,0,1,1
EDENIDIA,0,1,1
EDENIL,0,1,1
EDENNE EMELY,0,1,1
EDENOR,0,1,1
EDEON,0,1,1
EDEONI,0,1,1
EDEONILZO,0,1,1
EDER MANUEL,0,1,1
EDERICO,0,1,1
EDERITA,0,1,1
EDERMILIA,0,1,1
EDESBAL,0,1,1
EDESBRANDO,0,1,1
EDESMIN,0,1,1
EDESSA,0,1,1
EDESY,0,1,1
EDETHA,0,1,1
EDETRUDIS,0,1,1
EDEVESTA,0,1,1
EDEVINA,0,1,1
EDEWEIN,0,1,1
EDEWYSI,0,1,1
EDEXCIDO,0,1,1
EDEYTIS,0,1,1
EDGADO,0,1,1
EDGADRO,0,1,1
EDGANDO,0,1,1
EDGAR ALEJANDRO,0,1,1
EDGARADO,0,1,1
EDGARDI,0,1,1
EDGARDO ADAN,0,1,1
EDGARDO ANIBAL,0,1,1
EDGARDO LEONEL,0,1,1
EDGARDO SALOMON,0,1,1
EDGAROD,0,1,1
EDGBERTO,0,1,1
EDGLEY,0,1,1
EDHELMINA,0,1,1
EDHEN,0,1,1
EDHGARDO,0,1,1
EDHITT,0,1,1
EDI NORA,0,1,1
EDI ROMERI,0,1,1
EDIARDO,0,1,1
EDIBER,0,1,1
EDIBET,0,1,1
EDIBETT,0,1,1
EDIBIJES,0,1,1
EDIBRANDO,0,1,1
EDIBULGA,0,1,1
EDIBULGO,0,1,1
EDIBURGA,0,1,1
EDIBURGO,0,1,1
EDICBEX,0,1,1
EDICCI,0,1,1
EDICOR,0,1,1
EDICT MARLENIA,0,1,1
EDICTAS,0,1,1
EDICZA,0,1,1
EDIDBERTO,0,1,1
EDIDILIA,0,1,1
EDIFIDIA,0,1,1
EDIFONZA,0,1,1
EDIGCIA,0,1,1
EDIGTH,0,1,1
EDIKSON,0,1,1
EDIL FREDIZ,0,1,1
EDILBANDO,0,1,1
EDILBAR,0,1,1
EDILBERTH,0,1,1
EDILBERTHO,0,1,1
EDILBERTO JOSE,0,1,1
EDILBES,0,1,1
EDILBURGO,0,1,1
EDILCA,0,1,1
EDILCEO,0,1,1
EDILDA ADANIL,0,1,1
EDILECT,0,1,1
EDILECTA,0,1,1
EDILENIS,0,1,1
EDILET,0,1,1
EDILFREDIS,0,1,1
EDILFRIDA,0,1,1
EDILFRIDES,0,1,1
EDILIR,0,1,1
EDILSI,0,1,1
EDILSIO,0,1,1
EDILT,0,1,1
EDILTIA,0,1,1
EDILTRUDEZ,0,1,1
EDILUZ,0,1,1
EDILVER,0,1,1
EDILVURA,0,1,1
EDIMAS,0,1,1
EDIMBERTO,0,1,1
EDIMUNDO,0,1,1
EDIN ALESANDER,0,1,1
EDIN GEOVANNY,0,1,1
EDIN JEOVANI,0,1,1
EDIN ROLANDO,0,1,1
EDIN YAMILET,0,1,1
EDINAEL,0,1,1
EDINDOLFO,0,1,1
EDINDULFO,0,1,1
EDINELIA,0,1,1
EDINEY,0,1,1
EDINIO,0,1,1
EDINIS,0,1,1
EDINO,0,1,1
EDINOR,0,1,1
EDINSSON,0,1,1
EDIOMEDES,0,1,1
EDIOMEDIS,0,1,1
EDIPO,0,1,1
EDIPSA,0,1,1
EDIPSON,0,1,1
EDIRETH,0,1,1
EDIRTRUDIS,0,1,1
EDIS ALFONSO,0,1,1
EDIS ANTONIA,0,1,1
EDIS VESIS,0,1,1
EDISANDRO,0,1,1
EDISBRANDO,0,1,1
EDISERIO,0,1,1
EDISFREDO,0,1,1
EDISITO,0,1,1
EDISNIEL,0,1,1
EDISSON GENARO,0,1,1
EDISTA,0,1,1
EDIT BARI,0,1,1
EDIT CELINA,0,1,1
EDIT SUYAPA,0,1,1
EDITA EMELDA,0,1,1
EDITEY,0,1,1
EDITH GERTRUDY,0,1,1
EDITH NOLBERTO,0,1,1
EDITHA SAGRARIO,0,1,1
EDITHSABET,0,1,1
EDITHZON,0,1,1
EDITORA,0,1,1
EDITRUDIZ,0,1,1
EDITSABET,0,1,1
EDITZABEL,0,1,1
EDITZE,0,1,1
EDIUVANY,0,1,1
EDIVEIS,0,1,1
EDIVIGES,0,1,1
EDIXCE,0,1,1
EDIXG,0,1,1
EDIXIE,0,1,1
EDIXIO,0,1,1
EDIXIS,0,1,1
EDIXSA,0,1,1
EDLADIS,0,1,1
EDLBERT,0,1,1
EDLMINA,0,1,1
EDLMIRA,0,1,1
EDLUE,0,1,1
EDMAE,0,1,1
EDMANDINA,0,1,1
EDMANDO,0,1,1
EDMELI,0,1,1
EDMELINDA,0,1,1
EDMER YOBANI,0,1,1
EDMERALDA,0,1,1
EDMERENCIANA,0,1,1
EDMIDIA,0,1,1
EDMITDIA,0,1,1
EDMUNDO ANTONIO,0,1,1
EDMUNDO RODOLFO,0,1,1
EDNA IRIS,0,1,1
EDNA ISABEL,0,1,1
EDNA LUZ,0,1,1
EDNALDO,0,1,1
EDOAN,0,1,1
EDOIN,0,1,1
EDOLFO,0,1,1
EDOLI,0,1,1
EDOLITA,0,1,1
EDONAY,0,1,1
EDONIE,0,1,1
EDONIEL,0,1,1
EDONMALDO,0,1,1
EDONY,0,1,1
EDORY,0,1,1
EDOSMINDA,0,1,1
EDOVALDO,0,1,1
EDOVED,0,1,1
EDOVER,0,1,1
EDPIDIA,0,1,1
EDRADITA,0,1,1
EDRAI,0,1,1
EDRES,0,1,1
EDRISI,0,1,1
EDSGARDO,0,1,1
EDSID,0,1,1
EDSIDA,0,1,1
EDTH,0,1,1
EDUALDINO,0,1,1
EDUALIA,0,1,1
EDUALVIN,0,1,1
EDUALY,0,1,1
EDUANLEY,0,1,1
EDUARDENIS,0,1,1
EDUARDO ALBERTO,0,1,1
EDUARDO ARTURO,0,1,1
EDUARDO DE JESU,0,1,1
EDUARDO RAMON,0,1,1
EDUARDOS,0,1,1
EDUARLIS,0,1,1
EDUARLYN,0,1,1
EDUBEDUBINA,0,1,1
EDUBEL,0,1,1
EDUBET,0,1,1
EDUBEY,0,1,1
EDUBILIA,0,1,1
EDUBITH,0,1,1
EDUCINA,0,1,1
EDUDEO,0,1,1
EDUDINIA,0,1,1
EDUELMAN,0,1,1
EDUFINA,0,1,1
EDUGINA,0,1,1
EDULBINA,0,1,1
EDULED,0,1,1
EDULGINA,0,1,1
EDULISES,0,1,1
EDULTRIDIS,0,1,1
EDUMUNDA,0,1,1
EDUNDIO,0,1,1
EDUNICIA,0,1,1
EDUP,0,1,1
EDURADO,0,1,1
EDURDO,0,1,1
EDURVINO,0,1,1
EDUVERTO,0,1,1
EDUVID,0,1,1
EDUVIDE,0,1,1
EDUVIDES,0,1,1
EDUVIER,0,1,1
EDUVIGES LIZETT,0,1,1
EDUVIJE,0,1,1
EDUVIJES  C,0,1,1
EDUVILIA,0,1,1
EDUVINE,0,1,1
EDUVINY,0,1,1
EDUVIT,0,1,1
EDUVITH,0,1,1
EDUWALETS,0,1,1
EDVERTA,0,1,1
EDVIGES,0,1,1
EDVINA,0,1,1
EDVINTA,0,1,1
EDWARD ALBERTO,0,1,1
EDWARD POMPILIO,0,1,1
EDWINFOR,0,1,1
EDWINSIN,0,1,1
EDWLFO,0,1,1
EDY RUTH,0,1,1
EDYANIRA,0,1,1
EDYLEIDA,0,1,1
EDYMIR,0,1,1
EDYN MISAEL,0,1,1
EDYS ONEIDA,0,1,1
EDYTT,0,1,1
EENRIQUE,0,1,1
EERNESTO,0,1,1
EFALIA,0,1,1
EFEL,0,1,1
EFELI,0,1,1
EFELY,0,1,1
EFENA,0,1,1
EFENDY,0,1,1
EFERMINIA,0,1,1
EFFENDEY,0,1,1
EFFIEL,0,1,1
EFIAN,0,1,1
EFIGINIA,0,1,1
EFILGENCIA,0,1,1
EFIUDA,0,1,1
EFRACIO,0,1,1
EFRADIN,0,1,1
EFRAIN ARNOLD,0,1,1
EFRAIN AUGUSTO,0,1,1
EFRAIN ERALDO,0,1,1
EFRAIN J.R,0,1,1
EFRAIN MATEY,0,1,1
EFRAM,0,1,1
EFRANY,0,1,1
EFRAUL,0,1,1
EFRAULIO,0,1,1
EFREDIN,0,1,1
EFREIN,0,1,1
EFRER,0,1,1
EFREX,0,1,1
EFRHEM,0,1,1
EFRIA,0,1,1
EFRIAN,0,1,1
EGBER,0,1,1
EGBERT ALVIN,0,1,1
EGCIBIA,0,1,1
EGDALI,0,1,1
EGDBERTO,0,1,1
EGDE,0,1,1
EGDEN,0,1,1
EGDENIS,0,1,1
EGDIFONSO,0,1,1
EGDILA,0,1,1
EGDOLINDA,0,1,1
EGDOMILIAN,0,1,1
EGDULFO,0,1,1
EGEMBERTO,0,1,1
EGENELL,0,1,1
EGENINA,0,1,1
EGENITO,0,1,1
EGEQUIEL,0,1,1
EGERTON,0,1,1
EGESIPA,0,1,1
EGGARDO,0,1,1
EGHELS,0,1,1
EGICCIA,0,1,1
EGILBERTO,0,1,1
EGINARD,0,1,1
EGIPCIANA,0,1,1
EGIPTO,0,1,1
EGISELA,0,1,1
EGLA DINNER,0,1,1
EGLADIA,0,1,1
EGLAIM,0,1,1
EGLAR,0,1,1
EGLETT,0,1,1
EGLOJIA,0,1,1
EGMILDA,0,1,1
EGMMA,0,1,1
EGNARA,0,1,1
EGRACIA,0,1,1
EGRERTO,0,1,1
EGRETINA,0,1,1
EGRICNIEL,0,1,1
EGROLIBEL,0,1,1
EGULO,0,1,1
EGUSTIN,0,1,1
EGVERTINA,0,1,1
EHELIO,0,1,1
EHIDYS,0,1,1
EHJAN,0,1,1
EHLANET,0,1,1
EHOEL,0,1,1
EHONELIA,0,1,1
EHTEL,0,1,1
EHU,0,1,1
EHUBULO,0,1,1
EICELY,0,1,1
EIDRAS,0,1,1
EIDULFIDO,0,1,1
EIFIGENIA,0,1,1
EIGENIA,0,1,1
EIGOHT,0,1,1
EIGRACIA,0,1,1
EIIZAZABETH,0,1,1
EIJIDIA,0,1,1
EILAR,0,1,1
EILDA,0,1,1
EILDUBINA,0,1,1
EILEN,0,1,1
EILI,0,1,1
EILU,0,1,1
EIMEE,0,1,1
EIN,0,1,1
EINAS,0,1,1
EIREM,0,1,1
EIRLANDO,0,1,1
EISABE,0,1,1
EISABETH,0,1,1
EISAC,0,1,1
EISAI,0,1,1
EISLAO,0,1,1
EISMAEL,0,1,1
EISMAIR,0,1,1
EIXA,0,1,1
EIXOLINA,0,1,1
EIZAEL,0,1,1
EJICIA,0,1,1
EJICTO,0,1,1
EJISELA,0,1,1
EL,0,1,1
EL BAUTISTA,0,1,1
EL BEATO,0,1,1
EL PIDIO,0,1,1
EL REY,0,1,1
EL ROSARIO,0,1,1
EL+AS,0,1,1
ELA MATILDE,0,1,1
ELA PAZ,0,1,1
ELA REYNA,0,1,1
ELAC,0,1,1
ELADIAH,0,1,1
ELADYS,0,1,1
ELAESYS,0,1,1
ELAH,0,1,1
ELAINY,0,1,1
ELAISE,0,1,1
ELAJANDRO,0,1,1
ELALILA,0,1,1
ELANDY,0,1,1
ELANGEVI,0,1,1
ELANI,0,1,1
ELANIS,0,1,1
ELANY,0,1,1
ELAO,0,1,1
ELARID,0,1,1
ELARIO,0,1,1
ELAUDO,0,1,1
ELAYS,0,1,1
ELAZAR,0,1,1
ELBA CARMINDA,0,1,1
ELBA FRANCISCA,0,1,1
ELBA LUZ,0,1,1
ELBA MARINA,0,1,1
ELBA MELITINA,0,1,1
ELBA SOTERA,0,1,1
ELBA SUYAPA,0,1,1
ELBAD,0,1,1
ELBALILA,0,1,1
ELBEDA DE JESUS,0,1,1
ELBEDITH,0,1,1
ELBELDA,0,1,1
ELBELIN,0,1,1
ELBENIA,0,1,1
ELBERNA,0,1,1
ELBIA OLIBIA,0,1,1
ELBICELA,0,1,1
ELBILA,0,1,1
ELBINDA,0,1,1
ELBINDO,0,1,1
ELBIZABETH,0,1,1
ELBORT,0,1,1
ELCA,0,1,1
ELCEDIS,0,1,1
ELCELMA,0,1,1
ELCETTE,0,1,1
ELCHE,0,1,1
ELCIA JOSEFA,0,1,1
ELCIDEZ,0,1,1
ELCIMANDA,0,1,1
ELCINA,0,1,1
ELCINIA,0,1,1
ELCINORI,0,1,1
ELDA CRISTINA,0,1,1
ELDA LUVINA,0,1,1
ELDA MIRIA,0,1,1
ELDA SILVIA,0,1,1
ELDA YSOLINA,0,1,1
ELDADIA,0,1,1
ELDADINA,0,1,1
ELDALDO,0,1,1
ELDEFONSA,0,1,1
ELDEFONSO,0,1,1
ELDELMIRA,0,1,1
ELDEMIA,0,1,1
ELDEN JR,0,1,1
ELDENIRA,0,1,1
ELDENIS,0,1,1
ELDER ANTONIO,0,1,1
ELDER LISANDRO,0,1,1
ELDER NOE,0,1,1
ELDIBRAND,0,1,1
ELDIBRANO,0,1,1
ELDIEN,0,1,1
ELDIFREDIS,0,1,1
ELDIL,0,1,1
ELDILBRANDO,0,1,1
ELDIS DIONISIA,0,1,1
ELDISBRAM,0,1,1
ELDITH,0,1,1
ELDIZABEL,0,1,1
ELDONADIN,0,1,1
ELDRUES,0,1,1
ELDUBERTO,0,1,1
ELDUVIA,0,1,1
ELDUVID,0,1,1
ELDUVYN,0,1,1
ELEACIR,0,1,1
ELEADANY,0,1,1
ELEAIN,0,1,1
ELEALDA,0,1,1
ELEANAR,0,1,1
ELEANORE,0,1,1
ELEAQUI,0,1,1
ELEAQUIM,0,1,1
ELEAZARO,0,1,1
ELEBDIBETH,0,1,1
ELEBENIA,0,1,1
ELEBERTO,0,1,1
ELECCIA,0,1,1
ELECED,0,1,1
ELECIER,0,1,1
ELECSANDER,0,1,1
ELECTALY,0,1,1
ELECTIBIO,0,1,1
ELECTIN,0,1,1
ELECTO,0,1,1
ELECXIS,0,1,1
ELECZANDER,0,1,1
ELEDESMA,0,1,1
ELEDESMO,0,1,1
ELEDICTA,0,1,1
ELEDIL,0,1,1
ELEDIO,0,1,1
ELEDIXIA,0,1,1
ELEDIXL,0,1,1
ELEDONEA,0,1,1
ELEDUBINA,0,1,1
ELEDUVITH,0,1,1
ELEDYH,0,1,1
ELEDYN,0,1,1
ELEESER,0,1,1
ELEGDINA,0,1,1
ELEGIO,0,1,1
ELEHIEFREDO,0,1,1
ELEHONORA,0,1,1
ELEIDYS,0,1,1
ELEIN,0,1,1
ELEINY,0,1,1
ELEISON,0,1,1
ELEIT,0,1,1
ELELA,0,1,1
ELELBAM,0,1,1
ELELICIA,0,1,1
ELELINA,0,1,1
ELELINDA,0,1,1
ELELITA,0,1,1
ELELITELMA,0,1,1
ELELVINA,0,1,1
ELELY,0,1,1
ELEM WADI,0,1,1
ELEMI,0,1,1
ELEMIAS,0,1,1
ELEMILE,0,1,1
ELEMILEC,0,1,1
ELEMILET,0,1,1
ELEMILEX,0,1,1
ELENA BEATRIZ S,0,1,1
ELENA CATERINA,0,1,1
ELENA CONCEPCIO,0,1,1
ELENA DEL CARME,0,1,1
ELENA INOCENTE,0,1,1
ELENA LAURA,0,1,1
ELENA MARIA,0,1,1
ELENA MATILDE,0,1,1
ELENA MONSERRAT,0,1,1
ELENA NICOLASA,0,1,1
ELENA RAMONA,0,1,1
ELENA RITA,0,1,1
ELENA ROBERTINA,0,1,1
ELENA SANTOS,0,1,1
ELENA SUYAPA,0,1,1
ELENA YAMILET,0,1,1
ELENA YAMILETH,0,1,1
ELENA YOLANDA,0,1,1
ELENAHID,0,1,1
ELENAI,0,1,1
ELENICIA,0,1,1
ELENIR,0,1,1
ELENISA,0,1,1
ELENNE,0,1,1
ELENNISE,0,1,1
ELENONOR,0,1,1
ELENSIPA,0,1,1
ELENVINO,0,1,1
ELENZANDER,0,1,1
ELENZIE,0,1,1
ELEODE,0,1,1
ELEODIN,0,1,1
ELEODONO,0,1,1
ELEOFER,0,1,1
ELEOINA,0,1,1
ELEONANY,0,1,1
ELEONARDA,0,1,1
ELEONARY,0,1,1
ELEONDINA,0,1,1
ELEONEC,0,1,1
ELEOPOLDINA,0,1,1
ELEOZOR,0,1,1
ELEPIDIA,0,1,1
ELEQUIN,0,1,1
ELEROY,0,1,1
ELESABETT,0,1,1
ELETA,0,1,1
ELETBINA,0,1,1
ELETHA,0,1,1
ELETISIE,0,1,1
ELETIX,0,1,1
ELETS,0,1,1
ELETTA,0,1,1
ELEUCARIA,0,1,1
ELEUCINIA,0,1,1
ELEUDORA,0,1,1
ELEUH,0,1,1
ELEUSAI,0,1,1
ELEUSI,0,1,1
ELEUTERA,0,1,1
ELEUTERIO ROMAN,0,1,1
ELEVAN,0,1,1
ELEVENIA,0,1,1
ELEVESON,0,1,1
ELEVET,0,1,1
ELEVIN,0,1,1
ELEVITH,0,1,1
ELEVY,0,1,1
ELEXA,0,1,1
ELEXANDRA,0,1,1
ELEXHANDER,0,1,1
ELEXID,0,1,1
ELEXIDO,0,1,1
ELEXINIA,0,1,1
ELEXIPO,0,1,1
ELEXSANDER,0,1,1
ELEXSANDRES,0,1,1
ELEXSI,0,1,1
ELEXSO,0,1,1
ELEXTERIA,0,1,1
ELEXTERIO,0,1,1
ELEXTICIA,0,1,1
ELEY SANTOS,0,1,1
ELEYN,0,1,1
ELEYNA,0,1,1
ELEYS,0,1,1
ELEYSETH,0,1,1
ELEYSIS,0,1,1
ELEZA,0,1,1
ELEZEIA,0,1,1
ELEZETH,0,1,1
ELFICIA,0,1,1
ELFIGO,0,1,1
ELFIMIA,0,1,1
ELFIRA,0,1,1
ELFIS,0,1,1
ELFREDA,0,1,1
ELFRIDIA,0,1,1
ELGADINA,0,1,1
ELGAR LEONEL,0,1,1
ELGIDIA,0,1,1
ELGIDIO,0,1,1
ELHEDINA,0,1,1
ELHET,0,1,1
ELI ADONAY,0,1,1
ELI IRENE,0,1,1
ELI ISABEL,0,1,1
ELI LAUTARO,0,1,1
ELI RUBEN,0,1,1
ELI SAREX,0,1,1
ELIA  TRINIDAD,0,1,1
ELIA ADRIANA,0,1,1
ELIA ALBERTINA,0,1,1
ELIA ANELYS,0,1,1
ELIA BEATRIZ,0,1,1
ELIA CORINA,0,1,1
ELIA DELFINA,0,1,1
ELIA INAI,0,1,1
ELIA MARCOS,0,1,1
ELIA ONDINA,0,1,1
ELIA ROSA,0,1,1
ELIABIN,0,1,1
ELIABIT,0,1,1
ELIAC,0,1,1
ELIACEN,0,1,1
ELIACIBI,0,1,1
ELIACIM,0,1,1
ELIADINA,0,1,1
ELIAGUIN,0,1,1
ELIAKIM,0,1,1
ELIAKYN,0,1,1
ELIANE,0,1,1
ELIANEK,0,1,1
ELIANER,0,1,1
ELIANEX,0,1,1
ELIANIAS,0,1,1
ELIANID,0,1,1
ELIANOR,0,1,1
ELIANS,0,1,1
ELIAS ANTONIO,0,1,1
ELIAS ENOC,0,1,1
ELIAS FRANCISCO,0,1,1
ELIAS GASPAR,0,1,1
ELIAS NIEVES,0,1,1
ELIAS RAMON,0,1,1
ELIAS SABINO,0,1,1
ELIASE,0,1,1
ELIASIT,0,1,1
ELIASKA,0,1,1
ELIAT,0,1,1
ELIAXER,0,1,1
ELIAXI,0,1,1
ELIAXS,0,1,1
ELIAZAR NECTALI,0,1,1
ELIAZET,0,1,1
ELIAZIN,0,1,1
ELIBAL,0,1,1
ELIBAN,0,1,1
ELIBDA,0,1,1
ELIBED,0,1,1
ELIBEL,0,1,1
ELIBERSI,0,1,1
ELIBETHY,0,1,1
ELIBETT,0,1,1
ELIBEXS,0,1,1
ELIBEZITH,0,1,1
ELIBITH,0,1,1
ELICDA,0,1,1
ELICDO,0,1,1
ELICEK,0,1,1
ELICELVI,0,1,1
ELICETA,0,1,1
ELICETT,0,1,1
ELICETTE,0,1,1
ELICEX,0,1,1
ELICHENA,0,1,1
ELICHS,0,1,1
ELICIANO,0,1,1
ELICION,0,1,1
ELICSABET,0,1,1
ELICTA,0,1,1
ELICTH,0,1,1
ELICTHET,0,1,1
ELICTRUDIS,0,1,1
ELICXA,0,1,1
ELIDA ALICIA,0,1,1
ELIDA ARGENTINA,0,1,1
ELIDA ESPERANZA,0,1,1
ELIDA ROSA,0,1,1
ELIDAÑ,0,1,1
ELIDAVEL,0,1,1
ELIDEHT,0,1,1
ELIDELCI,0,1,1
ELIDENIS,0,1,1
ELIDETT,0,1,1
ELIDETTE,0,1,1
ELIDEY,0,1,1
ELIDEZ,0,1,1
ELIDIA CANDIDA,0,1,1
ELIDIMA,0,1,1
ELIDISSE,0,1,1
ELIDITH,0,1,1
ELIDUVIN,0,1,1
ELIDUVINDA,0,1,1
ELIEKIN,0,1,1
ELIENOY,0,1,1
ELIEPCIR,0,1,1
ELIESABEL,0,1,1
ELIESI,0,1,1
ELIETHIS,0,1,1
ELIETHS,0,1,1
ELIETZET,0,1,1
ELIEVANA,0,1,1
ELIEXER,0,1,1
ELIEZBET,0,1,1
ELIEZER MISAEL,0,1,1
ELIEZET,0,1,1
ELIEZIER,0,1,1
ELIFAC,0,1,1
ELIFAT,0,1,1
ELIFELEP,0,1,1
ELIFFETH,0,1,1
ELIFOS,0,1,1
ELIGAH,0,1,1
ELIGDONIS,0,1,1
ELIH,0,1,1
ELIHEL,0,1,1
ELIHET,0,1,1
ELIHETT,0,1,1
ELIHOBARDO,0,1,1
ELIHUD,0,1,1
ELIHUDI,0,1,1
ELIJAIL,0,1,1
ELILZABETH,0,1,1
ELIMAN,0,1,1
ELIMAR,0,1,1
ELIMEC,0,1,1
ELIMELAC,0,1,1
ELIMELEHT,0,1,1
ELIMELER,0,1,1
ELIMELET,0,1,1
ELIMELETH,0,1,1
ELIMELEX,0,1,1
ELIMENAS,0,1,1
ELIN RAMON,0,1,1
ELINA MARIBEL,0,1,1
ELINA MERCEDES,0,1,1
ELINA TRINIDAD,0,1,1
ELINALDO,0,1,1
ELINDA DEL CARM,0,1,1
ELINEDI,0,1,1
ELINEL,0,1,1
ELINER,0,1,1
ELINETH,0,1,1
ELING,0,1,1
ELINH,0,1,1
ELINIZA,0,1,1
ELINN,0,1,1
ELINS,0,1,1
ELINTE,0,1,1
ELINZIE,0,1,1
ELIO ESAU,0,1,1
ELIOBET,0,1,1
ELIOCDINA,0,1,1
ELIOD,0,1,1
ELIODIS,0,1,1
ELIOFES,0,1,1
ELIOFOLDO,0,1,1
ELIOGIDA,0,1,1
ELIOHENAY,0,1,1
ELIOIDINA,0,1,1
ELIONAEL,0,1,1
ELIONAR,0,1,1
ELIONARY,0,1,1
ELIONE,0,1,1
ELIONEIS,0,1,1
ELIONETH,0,1,1
ELIONILDA,0,1,1
ELIOSIN,0,1,1
ELIOVARDO,0,1,1
ELIOVIGILDO,0,1,1
ELIOVILDA,0,1,1
ELIP,0,1,1
ELIPIDIA,0,1,1
ELIPINA,0,1,1
ELIPSABET,0,1,1
ELIROHT,0,1,1
ELIS FEDERICO,0,1,1
ELIS ORLANDO,0,1,1
ELISA ARGENTINA,0,1,1
ELISA ARMANTINA,0,1,1
ELISA CARMEN,0,1,1
ELISA DE JESUS,0,1,1
ELISA II,0,1,1
ELISA KATINA,0,1,1
ELISA MICHELLE,0,1,1
ELISA SOLEDAD,0,1,1
ELISA YANET,0,1,1
ELISA YASER,0,1,1
ELISABB,0,1,1
ELISABEB,0,1,1
ELISABEE,0,1,1
ELISABEET,0,1,1
ELISABEETH,0,1,1
ELISABEHET,0,1,1
ELISABERH,0,1,1
ELISABERTH,0,1,1
ELISABETI,0,1,1
ELISABETP,0,1,1
ELISABETTE,0,1,1
ELISABETTEA,0,1,1
ELISABETTH,0,1,1
ELISABLHET,0,1,1
ELISADER,0,1,1
ELISAH,0,1,1
ELISAIDA,0,1,1
ELISALDE,0,1,1
ELISALDES,0,1,1
ELISANDA,0,1,1
ELISANDRES,0,1,1
ELISANI,0,1,1
ELISARDI,0,1,1
ELISAT,0,1,1
ELISATH,0,1,1
ELISAVEC,0,1,1
ELISAVETH,0,1,1
ELISAVEX,0,1,1
ELISCEO,0,1,1
ELISCER,0,1,1
ELISCES,0,1,1
ELISEBIA,0,1,1
ELISEETH,0,1,1
ELISEIDA,0,1,1
ELISEK,0,1,1
ELISETE,0,1,1
ELISETL,0,1,1
ELISHABEHT,0,1,1
ELISHET,0,1,1
ELISINIO,0,1,1
ELISMETH,0,1,1
ELISMETT,0,1,1
ELISOBEX,0,1,1
ELISONDER,0,1,1
ELISONDOR,0,1,1
ELISSABEL,0,1,1
ELISSMA,0,1,1
ELISSMEY,0,1,1
ELISSUATH,0,1,1
ELIST,0,1,1
ELISTER,0,1,1
ELISTSABETH,0,1,1
ELISU,0,1,1
ELISULIA,0,1,1
ELITANIA,0,1,1
ELITBETH,0,1,1
ELITHA,0,1,1
ELITIA,0,1,1
ELITSABET,0,1,1
ELITT,0,1,1
ELITZABE,0,1,1
ELITZABET,0,1,1
ELITZALEN,0,1,1
ELIUBERTO,0,1,1
ELIUCHT,0,1,1
ELIUDES,0,1,1
ELIUDHT,0,1,1
ELIUDY,0,1,1
ELIUE,0,1,1
ELIUNDA,0,1,1
ELIUP,0,1,1
ELIUR,0,1,1
ELIUTH CLAUDETT,0,1,1
ELIUTH XIOMARA,0,1,1
ELIUTT,0,1,1
ELIUV,0,1,1
ELIUVAS,0,1,1
ELIUX,0,1,1
ELIVA,0,1,1
ELIVANY,0,1,1
ELIVEL,0,1,1
ELIVELINDA,0,1,1
ELIVEX,0,1,1
ELIVINA,0,1,1
ELIVO,0,1,1
ELIXADET,0,1,1
ELIXAEL,0,1,1
ELIXAHAN,0,1,1
ELIXANA,0,1,1
ELIXANOBER,0,1,1
ELIXAR,0,1,1
ELIXAVE,0,1,1
ELIXC,0,1,1
ELIXCENOVER,0,1,1
ELIXENIA,0,1,1
ELIXENOBER,0,1,1
ELIXENOVER,0,1,1
ELIXERIA,0,1,1
ELIXI,0,1,1
ELIXMA,0,1,1
ELIXONDON,0,1,1
ELIXONDOR,0,1,1
ELIXORAIRA,0,1,1
ELIXSABE,0,1,1
ELIXSABEL,0,1,1
ELIXSAMUEL,0,1,1
ELIXSANDRA,0,1,1
ELIXSES,0,1,1
ELIXZABEL,0,1,1
ELIZABE,0,1,1
ELIZABECHT,0,1,1
ELIZABEHTT,0,1,1
ELIZABESTH,0,1,1
ELIZABETC,0,1,1
ELIZABETH CARLA,0,1,1
ELIZABETH CRIST,0,1,1
ELIZABETH DELAS,0,1,1
ELIZABETH ELENA,0,1,1
ELIZABETHA,0,1,1
ELIZABETHE,0,1,1
ELIZABETN,0,1,1
ELIZABETRH,0,1,1
ELIZABHETH,0,1,1
ELIZABHETT,0,1,1
ELIZABITH,0,1,1
ELIZABRTH,0,1,1
ELIZABT,0,1,1
ELIZADETH,0,1,1
ELIZAGRARIO,0,1,1
ELIZALDA,0,1,1
ELIZALDE,0,1,1
ELIZAMAR,0,1,1
ELIZAMAS,0,1,1
ELIZANDOR,0,1,1
ELIZANOWER,0,1,1
ELIZARDRO,0,1,1
ELIZATH,0,1,1
ELIZATT,0,1,1
ELIZAVETT,0,1,1
ELIZAYDEE,0,1,1
ELIZBET,0,1,1
ELIZCETH,0,1,1
ELIZEBTH,0,1,1
ELIZECH,0,1,1
ELIZEL,0,1,1
ELIZENIS,0,1,1
ELIZETE,0,1,1
ELIZETHI,0,1,1
ELIZHABET,0,1,1
ELIZHABETH,0,1,1
ELIZHET,0,1,1
ELIZIAN,0,1,1
ELIZINDA,0,1,1
ELIZO,0,1,1
ELIZONDER,0,1,1
ELIZONDOR,0,1,1
ELIZQBETH,0,1,1
ELIZZABEH,0,1,1
ELIZZABETT,0,1,1
ELIZZAMA,0,1,1
ELIZZETHE,0,1,1
ELIZZETTH,0,1,1
ELJEDY,0,1,1
ELKANAH,0,1,1
ELKANAHAN,0,1,1
ELKEN,0,1,1
ELKID,0,1,1
ELLA RAMONA,0,1,1
ELLASTON,0,1,1
ELLEM MARIBEL,0,1,1
ELLEM VANESSA,0,1,1
ELLEN GABRIELA,0,1,1
ELLENBY,0,1,1
ELLENISSE,0,1,1
ELLENNIESSE,0,1,1
ELLESTINE,0,1,1
ELLIEL,0,1,1
ELLIET,0,1,1
ELLIETHE,0,1,1
ELLINTON,0,1,1
ELLISABET,0,1,1
ELLISELYS,0,1,1
ELLISENIA,0,1,1
ELLISTON,0,1,1
ELLITA,0,1,1
ELLIZETT,0,1,1
ELLORAINE,0,1,1
ELLSWORTH,0,1,1
ELLUTH,0,1,1
ELLYZABETH,0,1,1
ELLZABETH,0,1,1
ELMA AMPARO,0,1,1
ELMAGNO,0,1,1
ELMEDA,0,1,1
ELMELINDA,0,1,1
ELMENTINA,0,1,1
ELMENTRA,0,1,1
ELMER ADONIS,0,1,1
ELMER DE JESUS,0,1,1
ELMER NOEL,0,1,1
ELMER ROBILIO,0,1,1
ELMER RODULIO,0,1,1
ELMETIO,0,1,1
ELMID,0,1,1
ELMIDIO,0,1,1
ELMIE,0,1,1
ELMILCAR,0,1,1
ELMINDO,0,1,1
ELMINTA,0,1,1
ELMIRTANIA,0,1,1
ELMITANIA,0,1,1
ELMYRA,0,1,1
ELNATAN,0,1,1
ELNIS MERLIN,0,1,1
ELNIZINE,0,1,1
ELOANA,0,1,1
ELODIE,0,1,1
ELODIN,0,1,1
ELODORA,0,1,1
ELOENA,0,1,1
ELOES,0,1,1
ELOEUSES,0,1,1
ELOGARIO,0,1,1
ELOGE,0,1,1
ELOIBINA,0,1,1
ELOIDIA,0,1,1
ELOIRA,0,1,1
ELOISA FLORINDA,0,1,1
ELOISER,0,1,1
ELOISH,0,1,1
ELOIT,0,1,1
ELONNI,0,1,1
ELOQUELI,0,1,1
ELORGIO,0,1,1
ELORICELDA,0,1,1
ELORIN,0,1,1
ELOSANGEL,0,1,1
ELOSIA,0,1,1
ELOUISE,0,1,1
ELOUT,0,1,1
ELOVISE,0,1,1
ELOY DINA,0,1,1
ELOYBINA,0,1,1
ELOYZA,0,1,1
ELPEDIO,0,1,1
ELPIMEDIO,0,1,1
ELPIRA,0,1,1
ELPIRIO,0,1,1
ELQUENA,0,1,1
ELQUIDIA,0,1,1
ELQUIMIDE,0,1,1
ELQUITA,0,1,1
ELRIDGE,0,1,1
ELSA  MARINA,0,1,1
ELSA ARGENTINA,0,1,1
ELSA ESPERANZA,0,1,1
ELSA GREGORIA,0,1,1
ELSA IGNORA,0,1,1
ELSA JUDIT,0,1,1
ELSA LUDINDA,0,1,1
ELSA MARIA,0,1,1
ELSA MELINA,0,1,1
ELSA NELIN,0,1,1
ELSA NELIS,0,1,1
ELSA NIDIA,0,1,1
ELSA VICTORIA,0,1,1
ELSAMANDA,0,1,1
ELSANDER,0,1,1
ELSARIO,0,1,1
ELSAU,0,1,1
ELSENARA,0,1,1
ELSI IDELY,0,1,1
ELSI ONEIDA,0,1,1
ELSI XIOMARA,0,1,1
ELSIDEZ,0,1,1
ELSIDONY,0,1,1
ELSIMAR,0,1,1
ELSINOORA,0,1,1
ELSINORY,0,1,1
ELSIRIA,0,1,1
ELSISS,0,1,1
ELSLEE,0,1,1
ELSWITH,0,1,1
ELSY AZUCENA,0,1,1
ELSY PASTORA,0,1,1
ELSY SOCORRO,0,1,1
ELTELY,0,1,1
ELTINA,0,1,1
ELTON SOLOMON,0,1,1
ELTRARLITA,0,1,1
ELUBENIA,0,1,1
ELUBER,0,1,1
ELUBINA PATRICI,0,1,1
ELUBINEZ,0,1,1
ELUBINO,0,1,1
ELUCIANA,0,1,1
ELUCINA,0,1,1
ELUCRECIA,0,1,1
ELUCTERIA,0,1,1
ELUDIA,0,1,1
ELUDIBET,0,1,1
ELUDIVINA,0,1,1
ELUDUVINA,0,1,1
ELUFANO,0,1,1
ELUI,0,1,1
ELUIS,0,1,1
ELUIT,0,1,1
ELULALIA,0,1,1
ELULDINA,0,1,1
ELUMBERTO,0,1,1
ELUMINADA,0,1,1
ELUSAI,0,1,1
ELUT,0,1,1
ELUVI,0,1,1
ELUVIN,0,1,1
ELUVINO,0,1,1
ELUZ,0,1,1
ELVA  ESPERANZA,0,1,1
ELVA  MARGOT,0,1,1
ELVA CRISTINA,0,1,1
ELVA DEL CARMEN,0,1,1
ELVA JESUS,0,1,1
ELVA LETICIA,0,1,1
ELVA MARINA,0,1,1
ELVA MIRIAN,0,1,1
ELVA REINA,0,1,1
ELVA REYNA,0,1,1
ELVECIA,0,1,1
ELVERIA,0,1,1
ELVES,0,1,1
ELVETA,0,1,1
ELVIA  ISABEL,0,1,1
ELVIA  LILA,0,1,1
ELVIA  ROSIBEL,0,1,1
ELVIA AGUSTINA,0,1,1
ELVIA ARGENTINA,0,1,1
ELVIA ENRIQUETA,0,1,1
ELVIA FELICIANA,0,1,1
ELVIA LETICIA,0,1,1
ELVIA LUZ,0,1,1
ELVIA MERCEDES,0,1,1
ELVIA OFELIA,0,1,1
ELVICENDA,0,1,1
ELVIDES,0,1,1
ELVIESA,0,1,1
ELVIN DANELIS,0,1,1
ELVIN OMAR,0,1,1
ELVINIO,0,1,1
ELVIRA YANETH,0,1,1
ELVIRES,0,1,1
ELVIRIS,0,1,1
ELVIRSON,0,1,1
ELVIS GRACIELA,0,1,1
ELVIS YOVANI,0,1,1
ELVISELA,0,1,1
ELVISET,0,1,1
ELVISON,0,1,1
ELVORNIE,0,1,1
ELVYRA,0,1,1
ELWAR,0,1,1
ELWIR,0,1,1
ELXAMINA,0,1,1
ELXIDE,0,1,1
ELY CARMEN,0,1,1
ELY DANILO,0,1,1
ELY EVANGELINA,0,1,1
ELY SUYAPA,0,1,1
ELYANA,0,1,1
ELYAS,0,1,1
ELYASIR,0,1,1
ELYD,0,1,1
ELYESIS,0,1,1
ELYET,0,1,1
ELYMILETH,0,1,1
ELYN ENRIQUE,0,1,1
ELYNN,0,1,1
ELYNOYS,0,1,1
ELYOENAY,0,1,1
ELYOVENIA,0,1,1
ELYSAVED,0,1,1
ELYSH,0,1,1
ELYSS,0,1,1
ELYSSA,0,1,1
ELYSUATH,0,1,1
ELYUD,0,1,1
ELYZABET,0,1,1
ELYZETH,0,1,1
ELYZZETH,0,1,1
ELZA MARINA,0,1,1
ELZA MATIAS,0,1,1
ELZA NERIS,0,1,1
ELZEVIER,0,1,1
ELZIRE,0,1,1
EMAEL,0,1,1
EMALIA,0,1,1
EMALINDA,0,1,1
EMANGINA,0,1,1
EMANUELA,0,1,1
EMAXON,0,1,1
EMAY,0,1,1
EMBELTA,0,1,1
EMBULO,0,1,1
EMED,0,1,1
EMEDALDA,0,1,1
EMEDALIA,0,1,1
EMEDE,0,1,1
EMEDILIO,0,1,1
EMEDIO,0,1,1
EMEDONIA,0,1,1
EMEGDIO,0,1,1
EMEGILDO,0,1,1
EMEINARDA,0,1,1
EMEIRA,0,1,1
EMEL HENAIQUE,0,1,1
EMELANIO,0,1,1
EMELBERTO,0,1,1
EMELDA EDITA,0,1,1
EMELDA FAUSTINA,0,1,1
EMELDA ROSA,0,1,1
EMELDA URBINA,0,1,1
EMELDAA,0,1,1
EMELDY,0,1,1
EMELEANA,0,1,1
EMELENIO,0,1,1
EMELESIA,0,1,1
EMELESIO,0,1,1
EMELETH,0,1,1
EMELIMA,0,1,1
EMELINA SUYAPA,0,1,1
EMELIT,0,1,1
EMELIX,0,1,1
EMELIXA,0,1,1
EMELKY,0,1,1
EMELLY,0,1,1
EMELLYN,0,1,1
EMELOA,0,1,1
EMELSE,0,1,1
EMELSIN,0,1,1
EMELTON,0,1,1
EMELVIN,0,1,1
EMELZON,0,1,1
EMEMECIO,0,1,1
EMEN,0,1,1
EMENEGILDO,0,1,1
EMENELIA,0,1,1
EMENELY,0,1,1
EMENESIO,0,1,1
EMENIRI,0,1,1
EMENITA,0,1,1
EMENIXON,0,1,1
EMENOY,0,1,1
EMERALDA,0,1,1
EMERARDO,0,1,1
EMERCI,0,1,1
EMERCIANO,0,1,1
EMERCILDO,0,1,1
EMERCILIA,0,1,1
EMERCY,0,1,1
EMERDA,0,1,1
EMEREDIS,0,1,1
EMERELINA,0,1,1
EMERGELIA,0,1,1
EMERIC,0,1,1
EMERILA,0,1,1
EMERINDA,0,1,1
EMERIO,0,1,1
EMERIT,0,1,1
EMERITA DOLORES,0,1,1
EMERITA MARIBEL,0,1,1
EMERLAY,0,1,1
EMERLZON,0,1,1
EMERSONCLEMARIO,0,1,1
EMERSY,0,1,1
EMERTIA,0,1,1
EMERTITA,0,1,1
EMERZA,0,1,1
EMESON,0,1,1
EMESTINA,0,1,1
EMESTINE,0,1,1
EMET,0,1,1
EMETELIO,0,1,1
EMETIA,0,1,1
EMETICIA,0,1,1
EMETT,0,1,1
EMGELBERT,0,1,1
EMGRACIA,0,1,1
EMHINN,0,1,1
EMHMA,0,1,1
EMICDA,0,1,1
EMICDIO,0,1,1
EMICEDIA,0,1,1
EMICELDO,0,1,1
EMIDA,0,1,1
EMIDANI,0,1,1
EMIDCE,0,1,1
EMIDDIO,0,1,1
EMIDELDA,0,1,1
EMIDELIO,0,1,1
EMIDONER,0,1,1
EMIDUT,0,1,1
EMIEDIO,0,1,1
EMIFELIO,0,1,1
EMIG JOHANA,0,1,1
EMIGDILIA,0,1,1
EMIGDIO S,0,1,1
EMIGDORIO,0,1,1
EMIGNONIA,0,1,1
EMILCEN,0,1,1
EMILCENE,0,1,1
EMILCIAR,0,1,1
EMILCIO,0,1,1
EMILDIA,0,1,1
EMILDONAL,0,1,1
EMILDONI,0,1,1
EMILDONIO,0,1,1
EMILDRES,0,1,1
EMILEIDA,0,1,1
EMILEIDY,0,1,1
EMILENIS,0,1,1
EMILEYDIS,0,1,1
EMILIA CARIDAD,0,1,1
EMILIA ESTHER,0,1,1
EMILIA FAVIOLA,0,1,1
EMILIA FRANCISC,0,1,1
EMILIA SUYAPA,0,1,1
EMILIANA JOVEN,0,1,1
EMILIANDA,0,1,1
EMILIANI,0,1,1
EMILINIA,0,1,1
EMILIO',0,1,1
EMILIO ABRAHAM,0,1,1
EMILIO BARTOLO,0,1,1
EMILIO ENRRIQUE,0,1,1
EMILIO ERNALDO,0,1,1
EMILIO JESUS,0,1,1
EMILITH,0,1,1
EMILSEN,0,1,1
EMILSONHN,0,1,1
EMILSY,0,1,1
EMILXON,0,1,1
EMILYTH,0,1,1
EMILZER,0,1,1
EMINDO,0,1,1
EMINEDDA,0,1,1
EMINELDA,0,1,1
EMINEX,0,1,1
EMINJIAL,0,1,1
EMINORA,0,1,1
EMINTIA,0,1,1
EMIRA,0,1,1
EMIRELA,0,1,1
EMIRELIA,0,1,1
EMIRO,0,1,1
EMIRSE,0,1,1
EMISAHEL,0,1,1
EMISELY,0,1,1
EMISILDA,0,1,1
EMISSEL,0,1,1
EMISSON,0,1,1
EMIT,0,1,1
EMITILO,0,1,1
EMITONE,0,1,1
EMIXABETH,0,1,1
EMIXDA,0,1,1
EMIZELA,0,1,1
EMMA ESPERANZA,0,1,1
EMMA HELGA,0,1,1
EMMA MARGARITA,0,1,1
EMMA MARINA,0,1,1
EMMA ROBERTINA,0,1,1
EMMA ROSA,0,1,1
EMMA XIOMARA,0,1,1
EMMALINA,0,1,1
EMMETTE,0,1,1
EMMURY,0,1,1
EMNIS,0,1,1
EMNNEL,0,1,1
EMNOLY,0,1,1
EMOE,0,1,1
EMOLI,0,1,1
EMORGELIO,0,1,1
EMOSINA,0,1,1
EMPERATRIZ   A,0,1,1
EMPILIO,0,1,1
EMPIREA,0,1,1
EMPLISITA,0,1,1
EMREY,0,1,1
EMRITA,0,1,1
EMROD,0,1,1
EMUARD,0,1,1
EMUNDO,0,1,1
EMY PAOLA,0,1,1
EMYLARIA,0,1,1
EMYTH,0,1,1
EN  GRACIA,0,1,1
EN DIOS,0,1,1
ENA MARGARITA,0,1,1
ENA ONEIDA,0,1,1
ENAAN,0,1,1
ENABELL,0,1,1
ENACTALI,0,1,1
ENADES,0,1,1
ENADI,0,1,1
ENAE,0,1,1
ENAGENOR,0,1,1
ENAHY,0,1,1
ENAIDO,0,1,1
ENALDINA,0,1,1
ENALIN,0,1,1
ENAMAN,0,1,1
ENAMELINDA,0,1,1
ENANIAS,0,1,1
ENANIO,0,1,1
ENANJEVI,0,1,1
ENARD EBERTO,0,1,1
ENARDA,0,1,1
ENARDY,0,1,1
ENARZA,0,1,1
ENATALEA,0,1,1
ENATALI,0,1,1
ENAVE,0,1,1
ENAVIDAD,0,1,1
ENAYDALY,0,1,1
ENAYDES,0,1,1
ENAYDINIS,0,1,1
ENBANGELISTA,0,1,1
ENBER,0,1,1
ENCARANACION,0,1,1
ENCARNACION C,0,1,1
ENCARNACION DEL,0,1,1
ENCARNACION EST,0,1,1
ENCARNACION HER,0,1,1
ENCARNACION J,0,1,1
ENCARNACION SUY,0,1,1
ENCIDA,0,1,1
ENDELIA,0,1,1
ENDELL,0,1,1
ENDENIA,0,1,1
ENDERCY,0,1,1
ENDIN,0,1,1
ENDINA,0,1,1
ENDLEY,0,1,1
ENDONIA,0,1,1
ENDORA,0,1,1
ENDOXIA,0,1,1
ENDRIDA,0,1,1
ENDUVIN,0,1,1
ENEBEL,0,1,1
ENECANDRO,0,1,1
ENECENIA,0,1,1
ENECIFORO,0,1,1
ENECILIA,0,1,1
ENECSO,0,1,1
ENECTELIA,0,1,1
ENEDA,0,1,1
ENEDELIO,0,1,1
ENEDILIA,0,1,1
ENEFER,0,1,1
ENEHT,0,1,1
ENEID,0,1,1
ENEIQUEZ,0,1,1
ENEIRA,0,1,1
ENEISI,0,1,1
ENELA,0,1,1
ENELBA,0,1,1
ENELBINA,0,1,1
ENELDA MARINA,0,1,1
ENELEX,0,1,1
ENELINO,0,1,1
ENELIRE,0,1,1
ENELISA,0,1,1
ENELSIS,0,1,1
ENELZON,0,1,1
ENEMENCIO,0,1,1
ENEMESIAS,0,1,1
ENEMEYKIU,0,1,1
ENEMILEC,0,1,1
ENEMILSA,0,1,1
ENENDINA,0,1,1
ENENMI,0,1,1
ENEPOMUCENO,0,1,1
ENERA,0,1,1
ENERALDA,0,1,1
ENERALDO,0,1,1
ENERDA,0,1,1
ENERDER,0,1,1
ENERDI,0,1,1
ENERE,0,1,1
ENEREA,0,1,1
ENERGEN,0,1,1
ENERICO,0,1,1
ENERIDA,0,1,1
ENERITO,0,1,1
ENERLAM,0,1,1
ENERTO,0,1,1
ENERVINA,0,1,1
ENEST,0,1,1
ENETELIO,0,1,1
ENETOR,0,1,1
ENEXA,0,1,1
ENEXE,0,1,1
ENEXSINDO,0,1,1
ENEYNA,0,1,1
ENFARIZ,0,1,1
ENGALDO,0,1,1
ENGELMER,0,1,1
ENGELVER,0,1,1
ENGELWER,0,1,1
ENGENLBERS,0,1,1
ENGERBERTH,0,1,1
ENGERGINA,0,1,1
ENGERTINA,0,1,1
ENGERTINES,0,1,1
ENGILBER,0,1,1
ENGILBERTA,0,1,1
ENGLEBERTH,0,1,1
ENGLIHES,0,1,1
ENGLIN,0,1,1
ENGLOTINA,0,1,1
ENGLY,0,1,1
ENGMA,0,1,1
ENGR,0,1,1
ENGRAFIA,0,1,1
ENGRANDE,0,1,1
ENGREDE,0,1,1
ENGUELBER,0,1,1
ENHAN,0,1,1
ENIBALDO,0,1,1
ENIBEL,0,1,1
ENICACIA,0,1,1
ENICACIO,0,1,1
ENICANOR,0,1,1
ENICELDA,0,1,1
ENICIA,0,1,1
ENID CAROLINA,0,1,1
ENIDHT,0,1,1
ENIDSON,0,1,1
ENIELSON,0,1,1
ENIF,0,1,1
ENIFREDO,0,1,1
ENILEC,0,1,1
ENILSA,0,1,1
ENILSON,0,1,1
ENILU,0,1,1
ENIQUE,0,1,1
ENISABEL,0,1,1
ENISEL,0,1,1
ENITA,0,1,1
ENIU,0,1,1
ENIXAE,0,1,1
ENIY,0,1,1
ENIZABETH,0,1,1
ENJELBERTO,0,1,1
ENJEMBERTO,0,1,1
ENMA ARGENTINA,0,1,1
ENMA CELINA,0,1,1
ENMA CLARA,0,1,1
ENMA DOMICILA,0,1,1
ENMA ERNESTINA,0,1,1
ENMA GERONIMA,0,1,1
ENMA JULIA,0,1,1
ENMA LETICIA,0,1,1
ENMA LIZETTE,0,1,1
ENMA ROSARIO,0,1,1
ENMACULADA CONS,0,1,1
ENMANUEL ARTURO,0,1,1
ENMANUELE,0,1,1
ENMANUIL,0,1,1
ENMELICIA,0,1,1
ENMELINDA,0,1,1
ENMENDELA,0,1,1
ENMERITO,0,1,1
ENMINDA,0,1,1
ENMINIA,0,1,1
ENNARD,0,1,1
ENNEDA,0,1,1
ENNEDINA,0,1,1
ENNELI,0,1,1
ENNERY,0,1,1
ENNEY,0,1,1
ENNGELMAN,0,1,1
ENNIL,0,1,1
ENNITA,0,1,1
ENOB,0,1,1
ENOBARDO,0,1,1
ENOCENCIO,0,1,1
ENOCHT,0,1,1
ENOCIFERA,0,1,1
ENOD,0,1,1
ENODIS,0,1,1
ENOED,0,1,1
ENOEMIA,0,1,1
ENOHAN,0,1,1
ENOHEMID,0,1,1
ENOHTT,0,1,1
ENOI,0,1,1
ENOIE,0,1,1
ENOIL,0,1,1
ENOILDA,0,1,1
ENOLIS,0,1,1
ENOLISET,0,1,1
ENOMISIA,0,1,1
ENOOC,0,1,1
ENOOP,0,1,1
ENOP,0,1,1
ENOPONIO,0,1,1
ENOSC,0,1,1
ENOVE,0,1,1
ENOVES,0,1,1
ENPERATRIS,0,1,1
ENPITALY,0,1,1
ENREQUEZ,0,1,1
ENRETA,0,1,1
ENRIGUETA,0,1,1
ENRIGUEZ,0,1,1
ENRIIQUE,0,1,1
ENRIOQUE,0,1,1
ENRIQUE ARMANDO,0,1,1
ENRIQUE EDUARDO,0,1,1
ENRIQUE ISMAEL,0,1,1
ENRIQUE LEON,0,1,1
ENRIQUE OSCAR,0,1,1
ENRIQUE RAMON,0,1,1
ENRIQUE SALEH,0,1,1
ENRIQUE SANTOS,0,1,1
ENRIQUE VENTURA,0,1,1
ENRIQUE!,0,1,1
ENRIQUET,0,1,1
ENRIQUEZA,0,1,1
ENRIUQE,0,1,1
ENRNESTO,0,1,1
ENRREQUE,0,1,1
ENRRICE,0,1,1
ENRRIET,0,1,1
ENRRIG,0,1,1
ENRRIQUE DE JES,0,1,1
ENRRIQUILLO,0,1,1
ENRRISE,0,1,1
ENRROCINDA,0,1,1
ENRRUIQUE,0,1,1
ENRUQUE,0,1,1
ENRYQUE,0,1,1
ENSELSA,0,1,1
ENSERENCIANA,0,1,1
ENSLI,0,1,1
ENSWORTH,0,1,1
ENTERIO,0,1,1
ENTIMIA,0,1,1
ENTINIA,0,1,1
ENULFA,0,1,1
ENUMIDIA,0,1,1
ENUNICES,0,1,1
ENUOS,0,1,1
ENVANGELISTA,0,1,1
ENVILDA,0,1,1
ENY ISABET,0,1,1
ENYT,0,1,1
EOCADIA,0,1,1
EOGRACIA,0,1,1
EOLIX,0,1,1
EONARA,0,1,1
EONICER,0,1,1
EONIZER,0,1,1
EONORIA,0,1,1
EORALIA,0,1,1
EOVALDO,0,1,1
EOVILSO,0,1,1
EPAMINANDAS,0,1,1
EPECTACION,0,1,1
EPEDITO,0,1,1
EPHAIN,0,1,1
EPIFEMIA,0,1,1
EPIGMENIA,0,1,1
EPILMENIA,0,1,1
EPINEMIO,0,1,1
EPISMENIA,0,1,1
EPISMENIO,0,1,1
EPLINIO,0,1,1
EPOLINAR,0,1,1
EPRIFANIA,0,1,1
EQUELA,0,1,1
EQUELY,0,1,1
EQUIPCIO RAMON,0,1,1
EQUISIA,0,1,1
EQUISIS,0,1,1
ERACITO,0,1,1
ERACRITO,0,1,1
ERADER,0,1,1
ERAKLIO,0,1,1
ERAKLYN,0,1,1
ERALDY,0,1,1
ERALEY,0,1,1
ERALGIA,0,1,1
ERALINDA,0,1,1
ERALTA,0,1,1
ERAMY,0,1,1
ERANDU,0,1,1
ERAPIO,0,1,1
ERASISTO,0,1,1
ERASITO,0,1,1
ERASMENDY,0,1,1
ERASMITA,0,1,1
ERASMO DE JESUS,0,1,1
ERAZMD,0,1,1
ERAZMINIA,0,1,1
ERBELIA,0,1,1
ERBELIER,0,1,1
ERBELINA,0,1,1
ERBILIA,0,1,1
ERBIN DALY,0,1,1
ERBINDA,0,1,1
ERBINO,0,1,1
ERBIS,0,1,1
ERCEDES,0,1,1
ERCEDIP,0,1,1
ERCEL,0,1,1
ERCELENA,0,1,1
ERCELICA,0,1,1
ERCELIN,0,1,1
ERCELITA,0,1,1
ERCELITH,0,1,1
ERCENY,0,1,1
ERCILENIA,0,1,1
ERCILIA ERLINDA,0,1,1
ERCILLAS,0,1,1
ERCINA,0,1,1
ERCIRE,0,1,1
ERCIRES,0,1,1
ERDELINA,0,1,1
ERDON,0,1,1
ERDOSIA,0,1,1
ERDUNIO,0,1,1
ERDUYN,0,1,1
EREBECZABET,0,1,1
EREDARIO,0,1,1
EREDY,0,1,1
EREL,0,1,1
ERELETI,0,1,1
ERELI,0,1,1
ERELIA,0,1,1
ERELIE,0,1,1
EREMILDA,0,1,1
EREMINDA,0,1,1
ERENDINA,0,1,1
ERENEA,0,1,1
ERENIAL,0,1,1
ERENITA,0,1,1
ERERI,0,1,1
ERERIN,0,1,1
ERESMIN,0,1,1
ERESTILLES,0,1,1
ERESTO,0,1,1
ERESVINDA,0,1,1
EREXSI,0,1,1
ERFINDA,0,1,1
ERGE,0,1,1
ERGENTINA,0,1,1
ERGES,0,1,1
ERGILIA,0,1,1
ERGINA,0,1,1
ERGITA,0,1,1
ERIACELY,0,1,1
ERIBANDO,0,1,1
ERIBER,0,1,1
ERIBERTALINA,0,1,1
ERIBERTHO,0,1,1
ERIBET,0,1,1
ERIBRAN,0,1,1
ERIC LEONEL,0,1,1
ERICA MARGARITA,0,1,1
ERICEDES,0,1,1
ERICELI,0,1,1
ERICENDO,0,1,1
ERICET,0,1,1
ERICIA,0,1,1
ERICK FABRICIO,0,1,1
ERICTA,0,1,1
ERIDANY,0,1,1
ERIK SALVADOR,0,1,1
ERIKA PATRICIA,0,1,1
ERIKA ZOBEIDA,0,1,1
ERIKSSON,0,1,1
ERILIO,0,1,1
ERILTON,0,1,1
ERINDOLFO,0,1,1
ERINEA,0,1,1
ERIOMERY,0,1,1
ERIOPAJITO,0,1,1
ERIOTIDIA,0,1,1
ERISABETH,0,1,1
ERISBEL,0,1,1
ERISC,0,1,1
ERISELI,0,1,1
ERISEMA,0,1,1
ERISEY,0,1,1
ERISMEL,0,1,1
ERISMELDA,0,1,1
ERISMINIA,0,1,1
ERISNALDA,0,1,1
ERISONDO,0,1,1
ERISTELA,0,1,1
ERISUNIA,0,1,1
ERITCIA,0,1,1
ERITH ANTONIO,0,1,1
ERITSABEL,0,1,1
ERITZELA,0,1,1
ERITZO,0,1,1
ERIU,0,1,1
ERIVANDO,0,1,1
ERIXENDO,0,1,1
ERIXENIA,0,1,1
ERIZA,0,1,1
ERJISENI,0,1,1
ERKLIN,0,1,1
ERLANDA CONSUEL,0,1,1
ERLANDI,0,1,1
ERLANDINA,0,1,1
ERLAUIS,0,1,1
ERLEIDA,0,1,1
ERLELY,0,1,1
ERLENI,0,1,1
ERLENIS,0,1,1
ERLETY,0,1,1
ERLHIM,0,1,1
ERLIC,0,1,1
ERLID,0,1,1
ERLIETH,0,1,1
ERLIN HERNAN,0,1,1
ERLINDA DEL CAR,0,1,1
ERLINDA SUYAPA,0,1,1
ERLINGTON,0,1,1
ERLIS JOEL,0,1,1
ERLISENDA,0,1,1
ERLISINDA,0,1,1
ERLITAN,0,1,1
ERLITH,0,1,1
ERLIXE,0,1,1
ERLUCINDA,0,1,1
ERMALI,0,1,1
ERMANINA,0,1,1
ERMEDES,0,1,1
ERMEDIS,0,1,1
ERMEGENES,0,1,1
ERMELDIN,0,1,1
ERMELIR,0,1,1
ERMEN LITO,0,1,1
ERMENA,0,1,1
ERMENEHILDA,0,1,1
ERMERITA,0,1,1
ERMERSSON,0,1,1
ERMICELA,0,1,1
ERMICELIA,0,1,1
ERMICILIA,0,1,1
ERMICINDA,0,1,1
ERMIE,0,1,1
ERMILANDO,0,1,1
ERMINBU,0,1,1
ERMINIA YANET,0,1,1
ERMIRIO,0,1,1
ERMISELIA,0,1,1
ERMIT,0,1,1
ERMITEO,0,1,1
ERMLINDA,0,1,1
ERMOFELIA,0,1,1
ERMON,0,1,1
ERMOSINA,0,1,1
ERMUNDIS,0,1,1
ERMUTIS,0,1,1
ERMYL,0,1,1
ERNAHIN,0,1,1
ERNALINDA,0,1,1
ERNARDO,0,1,1
ERNAS,0,1,1
ERNAU,0,1,1
ERNEI,0,1,1
ERNELDINA,0,1,1
ERNELIN,0,1,1
ERNELINDA,0,1,1
ERNERIO,0,1,1
ERNESTINE,0,1,1
ERNESTNA,0,1,1
ERNESTO',0,1,1
ERNESTO ANTONIO,0,1,1
ERNESTO CRUZ,0,1,1
ERNESTO FERMAN,0,1,1
ERNESTO JACOBO,0,1,1
ERNESTO JAVIER,0,1,1
ERNESTO SANTOS,0,1,1
ERNESTO TADEO,0,1,1
ERNEX,0,1,1
ERNIT,0,1,1
ERNOE,0,1,1
ERNOVIO,0,1,1
ERNOY,0,1,1
ERNULDO,0,1,1
EROBA,0,1,1
EROBITO,0,1,1
ERODE,0,1,1
ERODEZ,0,1,1
ERODICO,0,1,1
ERODILIA,0,1,1
ERODIRIA,0,1,1
ERODITAS,0,1,1
ERODY,0,1,1
ERODY ESPERANZA,0,1,1
EROE,0,1,1
EROI,0,1,1
EROIDES,0,1,1
EROLI,0,1,1
EROLIO,0,1,1
ERONIAS,0,1,1
EROPA,0,1,1
EROSMINA,0,1,1
EROVVI,0,1,1
EROYDA,0,1,1
EROYDES,0,1,1
EROYNA,0,1,1
ERRAL,0,1,1
ERRAYN,0,1,1
ERREDIL,0,1,1
ERREQUEL,0,1,1
ERRIA,0,1,1
ERRICH,0,1,1
ERRICKSON,0,1,1
ERRIGTON,0,1,1
ERRIGUE,0,1,1
ERRINTON,0,1,1
ERSABIT,0,1,1
ERSALEY,0,1,1
ERSAU,0,1,1
ERSAVI,0,1,1
ERSE ENEIS,0,1,1
ERSIDIA,0,1,1
ERSILI A,0,1,1
ERTERLIN,0,1,1
ERTERLINDA,0,1,1
ERUBES,0,1,1
ERUBEX,0,1,1
ERUBUEY,0,1,1
ERUCINA,0,1,1
ERUD,0,1,1
ERUDIZ,0,1,1
ERUES,0,1,1
ERUFINO,0,1,1
ERULIO,0,1,1
ERUNDIDA,0,1,1
ERUSPIDES,0,1,1
ERUT,0,1,1
ERUTINIA,0,1,1
ERUVI,0,1,1
ERVE,0,1,1
ERVELINDA,0,1,1
ERVERLIER,0,1,1
ERVES,0,1,1
ERVIDA,0,1,1
ERVIDK,0,1,1
ERVINDA,0,1,1
ERWEY,0,1,1
ERWIN FELIX,0,1,1
ERWINDALY,0,1,1
ERY GEOVANY,0,1,1
ERYS ROSARIO,0,1,1
ESABELLA,0,1,1
ESAHIN,0,1,1
ESAIS,0,1,1
ESALI,0,1,1
ESARAIN,0,1,1
ESARDO,0,1,1
ESAUN,0,1,1
ESAVARO,0,1,1
ESBAI,0,1,1
ESBEIDA,0,1,1
ESBELDIANA,0,1,1
ESBELEINA,0,1,1
ESBELINDA,0,1,1
ESBELY DE JESUS,0,1,1
ESBELYS,0,1,1
ESBET,0,1,1
ESBETLANA,0,1,1
ESBIDIO,0,1,1
ESBILTA,0,1,1
ESBIN FREDY,0,1,1
ESBINDA,0,1,1
ESCAILOR,0,1,1
ESCALANTE,0,1,1
ESCALASTICO,0,1,1
ESCALON,0,1,1
ESCANCIADA,0,1,1
ESCARH,0,1,1
ESCARLED,0,1,1
ESCARLETHS,0,1,1
ESCARLETTE,0,1,1
ESCARLIX,0,1,1
ESCARLO,0,1,1
ESCARLOTH,0,1,1
ESCARTETH,0,1,1
ESCELY,0,1,1
ESCILASTICO,0,1,1
ESCKARLET,0,1,1
ESCLARIBEL,0,1,1
ESCOLASTICA DEL,0,1,1
ESCORCINO,0,1,1
ESCPECTACION,0,1,1
ESCROBIT,0,1,1
ESDALIA,0,1,1
ESDEN,0,1,1
ESDIBRANDO,0,1,1
ESDOMILIA,0,1,1
ESEDEX,0,1,1
ESEIL,0,1,1
ESEINIA,0,1,1
ESELIDA,0,1,1
ESELITA,0,1,1
ESELMO,0,1,1
ESELVINA,0,1,1
ESEMERALDA,0,1,1
ESENAYDA,0,1,1
ESERON,0,1,1
ESFAIN,0,1,1
ESFRANI,0,1,1
ESGARS,0,1,1
ESGUARDO,0,1,1
ESHNEYDER,0,1,1
ESHOMAN,0,1,1
ESID,0,1,1
ESIDRIA,0,1,1
ESIDRO,0,1,1
ESIFREDO,0,1,1
ESILDA,0,1,1
ESITH,0,1,1
ESKARLIN,0,1,1
ESKARP,0,1,1
ESKIBEL,0,1,1
ESKLEY,0,1,1
ESLAM,0,1,1
ESLANDIHER,0,1,1
ESLANI,0,1,1
ESLANISTADA,0,1,1
ESLAVEN,0,1,1
ESLEDINA,0,1,1
ESLEIDA,0,1,1
ESLEIN,0,1,1
ESLELA,0,1,1
ESLEN,0,1,1
ESLENIA,0,1,1
ESLESBAN,0,1,1
ESLIBIDA,0,1,1
ESLIRDEN,0,1,1
ESLIVER,0,1,1
ESLIVO,0,1,1
ESLIZABETH,0,1,1
ESLOAN,0,1,1
ESLOC,0,1,1
ESLOI,0,1,1
ESLON,0,1,1
ESLTER,0,1,1
ESLVINA,0,1,1
ESMABEL,0,1,1
ESMAIDA,0,1,1
ESMAIN,0,1,1
ESMAIS,0,1,1
ESMALI,0,1,1
ESMALIN,0,1,1
ESMART,0,1,1
ESMEIDA,0,1,1
ESMEILDO,0,1,1
ESMELDIANA,0,1,1
ESMELDINA,0,1,1
ESMELDIS,0,1,1
ESMELDY,0,1,1
ESMELHIN,0,1,1
ESMELIM,0,1,1
ESMELINDO,0,1,1
ESMELITO,0,1,1
ESMELL,0,1,1
ESMELLDA,0,1,1
ESMELLYN,0,1,1
ESMELRALDA,0,1,1
ESMELYNG,0,1,1
ESMELYS,0,1,1
ESMENGUILLER,0,1,1
ESMERAD,0,1,1
ESMERADIA,0,1,1
ESMERAL,0,1,1
ESMERALDA DE J,0,1,1
ESMERALDA DEL S,0,1,1
ESMERALDA IRIS,0,1,1
ESMERARY,0,1,1
ESMERDA,0,1,1
ESMERIA,0,1,1
ESMERING,0,1,1
ESMERIO,0,1,1
ESMERLI,0,1,1
ESMERLY,0,1,1
ESMERNA,0,1,1
ESMERYN,0,1,1
ESMESALDA,0,1,1
ESMETEDO,0,1,1
ESMEYNER,0,1,1
ESMICH,0,1,1
ESMIDES,0,1,1
ESMIK,0,1,1
ESMILER,0,1,1
ESMILH,0,1,1
ESMILIA,0,1,1
ESMILO,0,1,1
ESMILY,0,1,1
ESMIN ADOLFO,0,1,1
ESMIRELDA,0,1,1
ESMIRGEN,0,1,1
ESMIRIAM,0,1,1
ESMISAEL,0,1,1
ESMISENDA,0,1,1
ESMITHS,0,1,1
ESMIX,0,1,1
ESMOGENES,0,1,1
ESMOR,0,1,1
ESMUNDINA,0,1,1
ESNAIDER,0,1,1
ESNALDA,0,1,1
ESNALY,0,1,1
ESNAN,0,1,1
ESNAY,0,1,1
ESNELDER,0,1,1
ESNELDINA,0,1,1
ESNELIO,0,1,1
ESNERDEY,0,1,1
ESNERIA,0,1,1
ESNERIZ,0,1,1
ESNERYS,0,1,1
ESNESTO,0,1,1
ESNI,0,1,1
ESNIDIA,0,1,1
ESODIE,0,1,1
ESOERANZA,0,1,1
ESON,0,1,1
ESP,0,1,1
ESPA+A,0,1,1
ESPAÑA,0,1,1
ESPACIANO,0,1,1
ESPADICTO,0,1,1
ESPAGITAS,0,1,1
ESPALMINIO,0,1,1
ESPANIA,0,1,1
ESPASARIO,0,1,1
ESPAYLET,0,1,1
ESPECTA,0,1,1
ESPEMALDA,0,1,1
ESPENAZA,0,1,1
ESPENCER,0,1,1
ESPENSAR,0,1,1
ESPERANNZA,0,1,1
ESPERANZ,0,1,1
ESPERANZA ELIDA,0,1,1
ESPERANZA MARIA,0,1,1
ESPERANZA PIEDA,0,1,1
ESPERANZA SOFIA,0,1,1
ESPERARNZA,0,1,1
ESPERATRIZ,0,1,1
ESPERQNZA,0,1,1
ESPETLANA,0,1,1
ESPIFANIO,0,1,1
ESPILER,0,1,1
ESPINALES,0,1,1
ESPIRIODION,0,1,1
ESPIRION,0,1,1
ESPLENDA,0,1,1
ESPORIA,0,1,1
ESPROSODIA,0,1,1
ESQUIAS,0,1,1
ESQUIPULA,0,1,1
ESRILEY,0,1,1
ESROM,0,1,1
ESSEN,0,1,1
ESSEX,0,1,1
ESSMELINS,0,1,1
ESSMIT,0,1,1
ESTABANA,0,1,1
ESTABIANA,0,1,1
ESTABINA,0,1,1
ESTACIA,0,1,1
ESTACIANO,0,1,1
ESTADEO,0,1,1
ESTAFLOR,0,1,1
ESTAINLEY,0,1,1
ESTALDIN,0,1,1
ESTALDY,0,1,1
ESTALIA,0,1,1
ESTALINA,0,1,1
ESTALINO,0,1,1
ESTALMIR,0,1,1
ESTAND,0,1,1
ESTANDER,0,1,1
ESTANEES,0,1,1
ESTANIESLAO RAM,0,1,1
ESTANILADO,0,1,1
ESTANISTAO,0,1,1
ESTANLER,0,1,1
ESTANLIM,0,1,1
ESTANLIX,0,1,1
ESTANLYN,0,1,1
ESTAP,0,1,1
ESTAQUEO,0,1,1
ESTAQUIA,0,1,1
ESTAQUIO,0,1,1
ESTARLEN,0,1,1
ESTARQUIN,0,1,1
ESTASIA,0,1,1
ESTAURO,0,1,1
ESTAYLER,0,1,1
ESTE,0,1,1
ESTEAVENS,0,1,1
ESTEBALI,0,1,1
ESTEBAN CRUZ,0,1,1
ESTEBAN D JESUS,0,1,1
ESTEBAN ELISEO,0,1,1
ESTEBAN SANTOS,0,1,1
ESTEBEC,0,1,1
ESTEBEL,0,1,1
ESTEBELIS,0,1,1
ESTEEF,0,1,1
ESTEFANIA DE LA,0,1,1
ESTEFANNY,0,1,1
ESTEFER,0,1,1
ESTEFI,0,1,1
ESTEFINA,0,1,1
ESTEICI,0,1,1
ESTELA ARGENTIN,0,1,1
ESTELA DE JESUS,0,1,1
ESTELA EDUVIGES,0,1,1
ESTELA EUFRACIA,0,1,1
ESTELA EUGENIA,0,1,1
ESTELA GLADIS,0,1,1
ESTELA ISABEL,0,1,1
ESTELA MANUELA,0,1,1
ESTELA MARIBEL,0,1,1
ESTELA MARINA,0,1,1
ESTELA PATRICIA,0,1,1
ESTELA ROMELIA,0,1,1
ESTELANA,0,1,1
ESTELAS,0,1,1
ESTELCI,0,1,1
ESTELDA,0,1,1
ESTELGIBEN,0,1,1
ESTELHA,0,1,1
ESTELHWAR,0,1,1
ESTELIR,0,1,1
ESTELLA   A,0,1,1
ESTELYM,0,1,1
ESTENDINA,0,1,1
ESTENE,0,1,1
ESTENEO,0,1,1
ESTEPHANEE,0,1,1
ESTEPHANY,0,1,1
ESTER AMPARO,0,1,1
ESTER HESMITH,0,1,1
ESTER JUDIT,0,1,1
ESTER LIDIA,0,1,1
ESTER LILA,0,1,1
ESTER MARINA,0,1,1
ESTER REINA,0,1,1
ESTERBINA,0,1,1
ESTERBOLDO,0,1,1
ESTEREDMITH,0,1,1
ESTERH,0,1,1
ESTERIBETH,0,1,1
ESTERLEE,0,1,1
ESTERLINDA DE L,0,1,1
ESTERLINY,0,1,1
ESTERLITA,0,1,1
ESTERLYN,0,1,1
ESTETHER,0,1,1
ESTEVER,0,1,1
ESTEVERSON,0,1,1
ESTEVEZ,0,1,1
ESTEVIN,0,1,1
ESTEWART,0,1,1
ESTEWEN,0,1,1
ESTEY,0,1,1
ESTEYCE,0,1,1
ESTHARLIN,0,1,1
ESTHEFANY,0,1,1
ESTHELGOLDA,0,1,1
ESTHELI,0,1,1
ESTHER ARACELY,0,1,1
ESTHER DE FATIM,0,1,1
ESTHER DE JESUS,0,1,1
ESTHER DE LA CR,0,1,1
ESTHER DEL CARM,0,1,1
ESTHER SERINA,0,1,1
ESTHERHAZY,0,1,1
ESTHERVINA,0,1,1
ESTHOSEL,0,1,1
ESTHUARDO,0,1,1
ESTHY,0,1,1
ESTIBALIS,0,1,1
ESTIBE,0,1,1
ESTIBEENS,0,1,1
ESTIBENSON,0,1,1
ESTIBER,0,1,1
ESTIBES,0,1,1
ESTIBY,0,1,1
ESTIC,0,1,1
ESTIDIN,0,1,1
ESTIE,0,1,1
ESTIEVEN,0,1,1
ESTIK,0,1,1
ESTILA,0,1,1
ESTILENA,0,1,1
ESTILIAM,0,1,1
ESTILICA,0,1,1
ESTILINA,0,1,1
ESTILLION,0,1,1
ESTILTA,0,1,1
ESTIPSON,0,1,1
ESTIPT,0,1,1
ESTIT,0,1,1
ESTITUTA,0,1,1
ESTIV,0,1,1
ESTIVALIZ,0,1,1
ESTIVARPAKSAD,0,1,1
ESTIVETH,0,1,1
ESTIVIN,0,1,1
ESTIVYN,0,1,1
ESTIWAR,0,1,1
ESTIWER,0,1,1
ESTLEUWOLDO,0,1,1
ESTOCIA,0,1,1
ESTONAVIC,0,1,1
ESTONIL,0,1,1
ESTOSEL,0,1,1
ESTRABON,0,1,1
ESTREANA,0,1,1
ESTREBESTRA,0,1,1
ESTREVES,0,1,1
ESTREYSI,0,1,1
ESTRHER,0,1,1
ESTRID,0,1,1
ESTRIRCIL,0,1,1
ESTRUC,0,1,1
ESTTEMAN,0,1,1
ESTTID,0,1,1
ESTTUARD,0,1,1
ESTUANDO,0,1,1
ESTUAR,0,1,1
ESTUBAR,0,1,1
ESTYVEN,0,1,1
ESUA,0,1,1
ESUANY,0,1,1
ESUELI,0,1,1
ESUSBINDA,0,1,1
ESUSEBIA,0,1,1
ESVEL,0,1,1
ESVELA,0,1,1
ESVELI,0,1,1
ESVELTIANA,0,1,1
ESVENIA,0,1,1
ESVERALDA,0,1,1
ESVET,0,1,1
ESXEQUIEL,0,1,1
ETANISLAO,0,1,1
ETELBANO,0,1,1
ETELBINDA,0,1,1
ETELCIA,0,1,1
ETELCIDIA,0,1,1
ETELFIDIA,0,1,1
ETELH,0,1,1
ETELICIA,0,1,1
ETELSY,0,1,1
ETELUINA,0,1,1
ETELVI,0,1,1
ETELVIGE,0,1,1
ETELVINO,0,1,1
ETELY,0,1,1
ETELYN,0,1,1
ETERLINDA,0,1,1
ETERMINA,0,1,1
ETEWALDO,0,1,1
ETHDOMILIA,0,1,1
ETHELIEL,0,1,1
ETHELVENIS,0,1,1
ETHESLSY,0,1,1
ETHNAN,0,1,1
ETHNE,0,1,1
ETHYLYN,0,1,1
ETIANNE,0,1,1
ETIFAMIO,0,1,1
ETILFIDA,0,1,1
ETILIO,0,1,1
ETIMIA,0,1,1
ETNA SULEMA,0,1,1
ETNALI,0,1,1
ETNAVELI,0,1,1
ETNIZA,0,1,1
ETONIEL,0,1,1
ETONILA,0,1,1
ETRHENN,0,1,1
ETRIFENIA,0,1,1
ETSABE,0,1,1
ETTELEE,0,1,1
ETTIS,0,1,1
ETTLIA,0,1,1
ETTLINNG,0,1,1
ETURBIDE,0,1,1
ETZABE,0,1,1
ETZAU,0,1,1
EUALDO,0,1,1
EUBANI,0,1,1
EUBENIA,0,1,1
EUBETH,0,1,1
EUBIN,0,1,1
EUBITICIA,0,1,1
EUCALINA,0,1,1
EUCARISTICO DE,0,1,1
EUCDORO,0,1,1
EUCEDA,0,1,1
EUCELA,0,1,1
EUCELI,0,1,1
EUCELIA,0,1,1
EUCENIO,0,1,1
EUCLIDE,0,1,1
EUCLIS,0,1,1
EUDAILY,0,1,1
EUDALGO,0,1,1
EUDALI,0,1,1
EUDAN,0,1,1
EUDAS,0,1,1
EUDEC,0,1,1
EUDECI,0,1,1
EUDEFA,0,1,1
EUDEIS,0,1,1
EUDEL,0,1,1
EUDEMIA,0,1,1
EUDEMILIA,0,1,1
EUDEMIO,0,1,1
EUDER,0,1,1
EUDICINA,0,1,1
EUDILA,0,1,1
EUDISES,0,1,1
EUDIVIGES,0,1,1
EUDIZ,0,1,1
EUDOMILIE,0,1,1
EUDOMINA,0,1,1
EUDORIA,0,1,1
EUDOVICK,0,1,1
EUDOVINIA,0,1,1
EUDOXIO,0,1,1
EUDUARDO,0,1,1
EUDUBIJES,0,1,1
EUDUBINIO,0,1,1
EUDURO,0,1,1
EUDUVINA,0,1,1
EUDUXIA,0,1,1
EUEON,0,1,1
EUFEMIA DE JESU,0,1,1
EUFIDENY,0,1,1
EUFILIA,0,1,1
EUFRACIANO,0,1,1
EUFRASINIA,0,1,1
EUFRECIA,0,1,1
EUFRECIANA,0,1,1
EUFROCIA,0,1,1
EUGANIA,0,1,1
EUGARDA,0,1,1
EUGCIA,0,1,1
EUGENIA ESTHER,0,1,1
EUGENIA MARTINA,0,1,1
EUGENO,0,1,1
EUGLOGIO,0,1,1
EUGNICE,0,1,1
EUGRACIAS,0,1,1
EUJALON,0,1,1
EULALIA MERIDA,0,1,1
EULARIA,0,1,1
EULAYA,0,1,1
EULECIA,0,1,1
EULENTINA,0,1,1
EULEUTERIO,0,1,1
EULIA,0,1,1
EULIDE,0,1,1
EULIDIA,0,1,1
EULIGIA,0,1,1
EULIGIO,0,1,1
EULISEX,0,1,1
EULITZER,0,1,1
EULIZA,0,1,1
EULIZER,0,1,1
EULOBIO,0,1,1
EULOCARIA,0,1,1
EULOTINIA,0,1,1
EUMANUEL,0,1,1
EUMELDO,0,1,1
EUMELINDA,0,1,1
EUMENO,0,1,1
EUMICE,0,1,1
EUMICES,0,1,1
EUMIK,0,1,1
EUMILDA,0,1,1
EUNA,0,1,1
EUNETH,0,1,1
EUNICE  MELYSSA,0,1,1
EUNICEE,0,1,1
EUNICEZ,0,1,1
EUNICIO,0,1,1
EUNIZE,0,1,1
EUNMA,0,1,1
EUNNO,0,1,1
EUNOVIA,0,1,1
EUPAGITA,0,1,1
EUPHEMIA,0,1,1
EUQUEDIO,0,1,1
EURALIA,0,1,1
EURELIO,0,1,1
EURICELA,0,1,1
EURIDISE,0,1,1
EURINETH,0,1,1
EURIPEDES,0,1,1
EURIQUE,0,1,1
EURITHIDES,0,1,1
EURODIO,0,1,1
EUROFINA,0,1,1
EUROLINA,0,1,1
EURTEMIA,0,1,1
EURUBINA,0,1,1
EURYDICE,0,1,1
EURYNDIA,0,1,1
EUSANIA,0,1,1
EUSBELINDA,0,1,1
EUSBIA,0,1,1
EUSEBIA ANGELIC,0,1,1
EUSEVIO ALFREDO,0,1,1
EUSFEMIA,0,1,1
EUSIBIO,0,1,1
EUSILA,0,1,1
EUSIRI,0,1,1
EUSLASIA,0,1,1
EUSQUIA,0,1,1
EUSTACIO AVAD,0,1,1
EUSTEMIA,0,1,1
EUSTN,0,1,1
EUSULEMA,0,1,1
EUSY,0,1,1
EUTACIA,0,1,1
EUTELIO,0,1,1
EUTEMA,0,1,1
EUTENIA,0,1,1
EUTROPA,0,1,1
EUTROPIA,0,1,1
EUVAN,0,1,1
EUVERT,0,1,1
EUXENCIA,0,1,1
EUXITA,0,1,1
EUYENI,0,1,1
EUZILA,0,1,1
EUZIMARD,0,1,1
EV,0,1,1
EVA  LUS,0,1,1
EVA ANGELICA,0,1,1
EVA ANTONIA,0,1,1
EVA BASILISA,0,1,1
EVA ELENA,0,1,1
EVA ELISABET,0,1,1
EVA ELIZABET,0,1,1
EVA ELIZABETH,0,1,1
EVA EMERENCIANA,0,1,1
EVA ERNESTINA,0,1,1
EVA EUDINIA,0,1,1
EVA EVANGELINA,0,1,1
EVA FELIPA,0,1,1
EVA GILBERTA,0,1,1
EVA GUADALUPE,0,1,1
EVA IRIS,0,1,1
EVA LINA,0,1,1
EVA MARTINA,0,1,1
EVA ONDINA,0,1,1
EVA ORFILIA,0,1,1
EVA RAMONA,0,1,1
EVA SUYAPA,0,1,1
EVA YOLANDA,0,1,1
EVADESSA,0,1,1
EVADI,0,1,1
EVADIN,0,1,1
EVADINA,0,1,1
EVADISTA,0,1,1
EVADY,0,1,1
EVAGELISTO,0,1,1
EVALDINA,0,1,1
EVALENA,0,1,1
EVALGITZA,0,1,1
EVALIA,0,1,1
EVALICZA,0,1,1
EVALIE,0,1,1
EVALIN,0,1,1
EVALINDA,0,1,1
EVALO,0,1,1
EVALOIS,0,1,1
EVANA,0,1,1
EVANAN,0,1,1
EVANEL,0,1,1
EVANERI,0,1,1
EVANERIN,0,1,1
EVANERIS,0,1,1
EVANGELIN,0,1,1
EVANGELIS,0,1,1
EVANGELISTA A,0,1,1
EVANGELISTICO,0,1,1
EVANGUELINA,0,1,1
EVANIDIA,0,1,1
EVANITA,0,1,1
EVANIX,0,1,1
EVANJELISTO,0,1,1
EVANLEY,0,1,1
EVANLINDA,0,1,1
EVANLY,0,1,1
EVAONE,0,1,1
EVARALDO,0,1,1
EVARARD,0,1,1
EVARI,0,1,1
EVASILICIA,0,1,1
EVAYRIS,0,1,1
EVCRADY,0,1,1
EVEALY,0,1,1
EVEDINIA,0,1,1
EVEDIS,0,1,1
EVEDUARDO,0,1,1
EVEE,0,1,1
EVEGANGELISTA,0,1,1
EVEINA,0,1,1
EVEJISTO,0,1,1
EVELA,0,1,1
EVELCIDA,0,1,1
EVELEE,0,1,1
EVELENA,0,1,1
EVELIAN,0,1,1
EVELIGN,0,1,1
EVELILA,0,1,1
EVELIMNO,0,1,1
EVELINETH,0,1,1
EVELIO  JR,0,1,1
EVELIO ANTONIO,0,1,1
EVELISSA,0,1,1
EVELIZE,0,1,1
EVELLA,0,1,1
EVELYN MARIA,0,1,1
EVELYNA,0,1,1
EVELYNQ,0,1,1
EVENDINA,0,1,1
EVENENOR,0,1,1
EVENESER,0,1,1
EVENEZER,0,1,1
EVENGELINE,0,1,1
EVENICIO,0,1,1
EVENIZER,0,1,1
EVENOE,0,1,1
EVENON,0,1,1
EVENOT,0,1,1
EVENTIN,0,1,1
EVENTY,0,1,1
EVERANO,0,1,1
EVERARDA,0,1,1
EVERDEEN,0,1,1
EVERENDA,0,1,1
EVERGELIA,0,1,1
EVERIANA,0,1,1
EVERICE,0,1,1
EVERILLDO,0,1,1
EVERINDA,0,1,1
EVERINE,0,1,1
EVERISTO,0,1,1
EVERJILA,0,1,1
EVERLAN,0,1,1
EVERLI,0,1,1
EVERLING,0,1,1
EVERSTS,0,1,1
EVERTS,0,1,1
EVERYS,0,1,1
EVET,0,1,1
EVETENIA,0,1,1
EVETLYN,0,1,1
EVETT,0,1,1
EVETY,0,1,1
EVEY,0,1,1
EVEYDA,0,1,1
EVICTALINA,0,1,1
EVIDE,0,1,1
EVIDEL,0,1,1
EVIDEY,0,1,1
EVIDIEL,0,1,1
EVIESABET,0,1,1
EVIEZER,0,1,1
EVILET,0,1,1
EVILEXIS,0,1,1
EVILEYDA,0,1,1
EVILIAM,0,1,1
EVILIO MIGUEL,0,1,1
EVIMILET,0,1,1
EVINIA,0,1,1
EVINRUTH,0,1,1
EVINS,0,1,1
EVION,0,1,1
EVIRAN,0,1,1
EVIRILDA,0,1,1
EVISAHI,0,1,1
EVISEL,0,1,1
EVISMAEL,0,1,1
EVISON,0,1,1
EVITEL,0,1,1
EVITELIA,0,1,1
EVITELIO,0,1,1
EVONE,0,1,1
EVONELY,0,1,1
EVONERGES,0,1,1
EVONIE,0,1,1
EVONNE,0,1,1
EVORLIN,0,1,1
EVORNO,0,1,1
EWELL,0,1,1
EWENCE,0,1,1
EWERT,0,1,1
EWILBERTO,0,1,1
EXABELL,0,1,1
EXABET,0,1,1
EXAGEL,0,1,1
EXAGEMIA,0,1,1
EXALAN,0,1,1
EXALI,0,1,1
EXALIA,0,1,1
EXALTACION DE J,0,1,1
EXAMAE,0,1,1
EXAMANY,0,1,1
EXAMILA,0,1,1
EXAQUEL,0,1,1
EXAQUELIS,0,1,1
EXARAI,0,1,1
EXARY,0,1,1
EXAUN,0,1,1
EXAVET,0,1,1
EXAVY,0,1,1
EXAYDA,0,1,1
EXBENIA,0,1,1
EXBORO,0,1,1
EXCALIZ,0,1,1
EXCELENT,0,1,1
EXCELIN,0,1,1
EXCELINDA,0,1,1
EXCENIS,0,1,1
EXCEOMO,0,1,1
EXCEQUIAS,0,1,1
EXCIDE,0,1,1
EXCIDES,0,1,1
EXCIMANDA,0,1,1
EXDALIA,0,1,1
EXDELIA,0,1,1
EXDENIK,0,1,1
EXDHENYK,0,1,1
EXDOMILIO,0,1,1
EXDORA,0,1,1
EXDRUBAL,0,1,1
EXDUBI,0,1,1
EXDUBINO,0,1,1
EXEBE,0,1,1
EXEBIO,0,1,1
EXECELIA,0,1,1
EXEDEQUIEL,0,1,1
EXEDOMINIA,0,1,1
EXEDY,0,1,1
EXEGOVINA,0,1,1
EXEHOMO,0,1,1
EXELENY,0,1,1
EXELINDA,0,1,1
EXEMAQUIER,0,1,1
EXEMEGIL,0,1,1
EXEMIAS,0,1,1
EXEOMO,0,1,1
EXERIEL,0,1,1
EXEVELINDA,0,1,1
EXEZQUIEL,0,1,1
EXHELA,0,1,1
EXHIDIA,0,1,1
EXHISABEL,0,1,1
EXHOMARA,0,1,1
EXIBEL,0,1,1
EXIBIADES,0,1,1
EXIBIR,0,1,1
EXIDER,0,1,1
EXIDEZ,0,1,1
EXIEL,0,1,1
EXIGENIA,0,1,1
EXIGES,0,1,1
EXIKIA,0,1,1
EXILDA,0,1,1
EXILIO,0,1,1
EXIMINDA,0,1,1
EXIMINIA,0,1,1
EXIMIO,0,1,1
EXINELIA,0,1,1
EXINOLVIA,0,1,1
EXINY,0,1,1
EXIOBER,0,1,1
EXIODEL,0,1,1
EXIOMAR,0,1,1
EXIOMARY,0,1,1
EXIOMO,0,1,1
EXIQUIAS,0,1,1
EXIQUIEL,0,1,1
EXITY,0,1,1
EXLANDER,0,1,1
EXLENA,0,1,1
EXLIAZAR,0,1,1
EXMA,0,1,1
EXMERALDA,0,1,1
EXMID,0,1,1
EXMIK,0,1,1
EXMILDA,0,1,1
EXMIN,0,1,1
EXMINOLDA,0,1,1
EXMIT,0,1,1
EXMITH,0,1,1
EXNOMAN,0,1,1
EXOEL,0,1,1
EXOINA,0,1,1
EXOLMINA,0,1,1
EXPECTACIONA,0,1,1
EXPRASI,0,1,1
EXQUIMANDA,0,1,1
EXSALTACION DE,0,1,1
EXSAMANDA,0,1,1
EXSAUL,0,1,1
EXSAULO,0,1,1
EXSEDA,0,1,1
EXSEGUIEL,0,1,1
EXSEKIEL,0,1,1
EXSELENIA,0,1,1
EXSELINO,0,1,1
EXSIDIO,0,1,1
EXSIOMAR,0,1,1
EXSOEL,0,1,1
EXTALIN,0,1,1
EXTALY,0,1,1
EXTANLEY,0,1,1
EXTELI,0,1,1
EXTELVINA,0,1,1
EXTER,0,1,1
EXTERIO,0,1,1
EXTES,0,1,1
EXTIVEN,0,1,1
EXTRONAIDA,0,1,1
EXTTID,0,1,1
EXUBALDO,0,1,1
EXUHANY,0,1,1
EXUNE,0,1,1
EXZALON,0,1,1
EYADIR,0,1,1
EYANETH,0,1,1
EYBEL,0,1,1
EYBHI,0,1,1
EYDALID,0,1,1
EYDIZ,0,1,1
EYDY MARICEL,0,1,1
EYE,0,1,1
EYERI,0,1,1
EYESENIA,0,1,1
EYEVETTE,0,1,1
EYISSE,0,1,1
EYKING,0,1,1
EYNE,0,1,1
EYNITH,0,1,1
EYOBEB,0,1,1
EYONE,0,1,1
EYONIE,0,1,1
EYONNE,0,1,1
EYONNIE,0,1,1
EYRENE,0,1,1
EYSABEL,0,1,1
EYSEN,0,1,1
EZABONE,0,1,1
EZAEL,0,1,1
EZAHI,0,1,1
EZEGUIEL,0,1,1
EZEKEL,0,1,1
EZEL,0,1,1
EZELDA,0,1,1
EZELKEA,0,1,1
EZENIA,0,1,1
EZERA,0,1,1
EZIKEL,0,1,1
EZIKIEL,0,1,1
EZILITA,0,1,1
EZMABETH,0,1,1
EZMERALDA,0,1,1
EZQUIBEL,0,1,1
EZUCENA,0,1,1
FAANZI,0,1,1
FABBIANI,0,1,1
FABELA,0,1,1
FABER,0,1,1
FABIAN ADALID,0,1,1
FABIAN ANGEL,0,1,1
FABIAN RENE,0,1,1
FABIANI,0,1,1
FABILENA,0,1,1
FABIO RAMON,0,1,1
FABIOLY,0,1,1
FABIR,0,1,1
FABRIAN,0,1,1
FABRICCIO,0,1,1
FABRICIO ROMAN,0,1,1
FABRIEL,0,1,1
FABRIXI,0,1,1
FABRIXY,0,1,1
FABRIZIO VIRGIL,0,1,1
FACENY,0,1,1
FACEY,0,1,1
FACIEL,0,1,1
FACINEL,0,1,1
FACUMDO,0,1,1
FACUZI,0,1,1
FADAL,0,1,1
FADEL,0,1,1
FADEO,0,1,1
FADIAN,0,1,1
FADIANNIE,0,1,1
FADIO,0,1,1
FADIP,0,1,1
FAE,0,1,1
FAENA,0,1,1
FAGARDO,0,1,1
FAGIMA,0,1,1
FAGOT,0,1,1
FAI,0,1,1
FAIR,0,1,1
FAIRAM,0,1,1
FAIRUTH,0,1,1
FAISHELL,0,1,1
FAIT,0,1,1
FALCO NERY,0,1,1
FALCONIRIA,0,1,1
FALDA,0,1,1
FALEIO,0,1,1
FALETH,0,1,1
FALFOURD,0,1,1
FALITA,0,1,1
FAMILETH,0,1,1
FAN,0,1,1
FANCISCA,0,1,1
FANDILIA,0,1,1
FANE,0,1,1
FANELY,0,1,1
FANETH,0,1,1
FANICE,0,1,1
FANIEL,0,1,1
FANNINA,0,1,1
FANNIS ESPERANZ,0,1,1
FANOL,0,1,1
FANOUR,0,1,1
FANRIQUE,0,1,1
FANTH,0,1,1
FANTONY,0,1,1
FANY DIOSELINDA,0,1,1
FANY MADELI,0,1,1
FARA CONCEPCION,0,1,1
FARACH SABA,0,1,1
FARAHONI,0,1,1
FARCILA,0,1,1
FARDELI,0,1,1
FARE,0,1,1
FARHID,0,1,1
FARIÑOS,0,1,1
FARIDETH,0,1,1
FARIEL,0,1,1
FARIHT,0,1,1
FARINE,0,1,1
FARINNA,0,1,1
FARISA,0,1,1
FARISH,0,1,1
FARITD,0,1,1
FARIZT,0,1,1
FARLINTON,0,1,1
FARNCISCA,0,1,1
FARNECIO,0,1,1
FARNEL,0,1,1
FARNELICIA,0,1,1
FARNNEL,0,1,1
FARON,0,1,1
FAROUT,0,1,1
FARRELL,0,1,1
FARROW,0,1,1
FARUT,0,1,1
FASAFAT,0,1,1
FASIER,0,1,1
FASILDA,0,1,1
FASSANY,0,1,1
FATIMA ANABEL,0,1,1
FATIMA DOLORES,0,1,1
FATIMA ROSARIO,0,1,1
FATIMA SOCORRO,0,1,1
FATIMA YORLIN,0,1,1
FATINIA,0,1,1
FATTIMA,0,1,1
FAURE,0,1,1
FAUST,0,1,1
FAUSTINA SUYAPA,0,1,1
FAUSTINO ALBERT,0,1,1
FAUSTO PASTOR,0,1,1
FAUSTO RUFINO,0,1,1
FAUSTULIA,0,1,1
FAVILA,0,1,1
FAVIOLY,0,1,1
FAVRICIO,0,1,1
FAWCETH,0,1,1
FAWZIA,0,1,1
FAYE ANN,0,1,1
FAYES,0,1,1
FAYRUS,0,1,1
FEARN,0,1,1
FEBENIA,0,1,1
FEBENY,0,1,1
FEBRERO,0,1,1
FEBRINDO,0,1,1
FECENIA,0,1,1
FEDERICO DE J,0,1,1
FEDERICO JOSE,0,1,1
FEDERICO RAFAEL,0,1,1
FEDERIKA,0,1,1
FEDESLINDA,0,1,1
FEDILIA,0,1,1
FEDILINA,0,1,1
FEELING,0,1,1
FEEN,0,1,1
FEENDER,0,1,1
FEFTALY,0,1,1
FEHELMA,0,1,1
FEING,0,1,1
FEIPE,0,1,1
FEIRUTH,0,1,1
FEISSAL,0,1,1
FELACIO,0,1,1
FELANDER,0,1,1
FELANDY,0,1,1
FELANI,0,1,1
FELANIA,0,1,1
FELCIANO,0,1,1
FELE,0,1,1
FELECIO,0,1,1
FELEFOR,0,1,1
FELENI,0,1,1
FELESFORA,0,1,1
FELESTINA,0,1,1
FELETH,0,1,1
FELIANA,0,1,1
FELIC,0,1,1
FELICANA,0,1,1
FELICE,0,1,1
FELICETH,0,1,1
FELICH,0,1,1
FELICIA AMPARO,0,1,1
FELICIBAN,0,1,1
FELICIDAD AMADA,0,1,1
FELICINO,0,1,1
FELICINTA,0,1,1
FELICITA ISABEL,0,1,1
FELICITA RAMONA,0,1,1
FELICITAS CALIX,0,1,1
FELICITH,0,1,1
FELIDEL,0,1,1
FELIDIA,0,1,1
FELIPA AIDA,0,1,1
FELIPA CORAZON,0,1,1
FELIPA INGRES,0,1,1
FELIPA NERIS,0,1,1
FELIPA SANTIAGO,0,1,1
FELIPE EDUARDO,0,1,1
FELIPE HUMBERTO,0,1,1
FELIPE LEONIDAS,0,1,1
FELIPE NERY,0,1,1
FELIPE NEUDALID,0,1,1
FELIPE RODOLFO,0,1,1
FELIPOUS,0,1,1
FELIPOVICH,0,1,1
FELIS ARGENTINA,0,1,1
FELISIDAD,0,1,1
FELISINDA,0,1,1
FELIX ADAN,0,1,1
FELIX BELOIS,0,1,1
FELIX CANTALIZA,0,1,1
FELIX FAUSTINO,0,1,1
FELIX JAVIER,0,1,1
FELIX LEOPOLDO,0,1,1
FELIX MAFALDO,0,1,1
FELIX NELSON,0,1,1
FELIX OBISPO,0,1,1
FELIX OCTAVIO,0,1,1
FELIX OMAR,0,1,1
FELIXIS,0,1,1
FELIZ BALAI,0,1,1
FELMIRA,0,1,1
FELMON,0,1,1
FELTRIN,0,1,1
FEMELECIA,0,1,1
FEMELINA,0,1,1
FEMELISIA,0,1,1
FEMG,0,1,1
FEN,0,1,1
FENDIL,0,1,1
FENITA,0,1,1
FENIXIA,0,1,1
FENOVIA,0,1,1
FENWICKS,0,1,1
FEODOLINDA,0,1,1
FEOTISTA,0,1,1
FER ORQUIDIA,0,1,1
FERANDO,0,1,1
FERBINDA,0,1,1
FERDENISSE,0,1,1
FERDINALDO,0,1,1
FEREK,0,1,1
FERESMINDO,0,1,1
FERIBERTO,0,1,1
FERIBETH,0,1,1
FERIDEH,0,1,1
FERIP,0,1,1
FERLANDY,0,1,1
FERLINA,0,1,1
FERLINE,0,1,1
FERMEL,0,1,1
FERMELIS,0,1,1
FERMELISIA,0,1,1
FERMENIA,0,1,1
FERMINES,0,1,1
FERNADY,0,1,1
FERNAL,0,1,1
FERNANDDO,0,1,1
FERNANDES,0,1,1
FERNANDI,0,1,1
FERNANDO DE J,0,1,1
FERNANDO ISRRAE,0,1,1
FERNANDO REY,0,1,1
FERNANDY,0,1,1
FERNEDY,0,1,1
FERNELLI,0,1,1
FERNELLY,0,1,1
FERNELYS,0,1,1
FERNET,0,1,1
FERORITA,0,1,1
FERRARI,0,1,1
FERRAY,0,1,1
FERY,0,1,1
FESTINA,0,1,1
FETENISA,0,1,1
FETZGERALD,0,1,1
FEURUS,0,1,1
FEVAL,0,1,1
FEXLA,0,1,1
FEY,0,1,1
FEZIL,0,1,1
FHARES,0,1,1
FHERNEL,0,1,1
FIALDELFO,0,1,1
FICENIA,0,1,1
FICX,0,1,1
FIDAL,0,1,1
FIDECTO,0,1,1
FIDEL ANTONIO,0,1,1
FIDEL HECTOR,0,1,1
FIDELENA,0,1,1
FIDELFIA,0,1,1
FIDELIANITA,0,1,1
FIDELIGNA,0,1,1
FIDELINA VIDAL,0,1,1
FIDELISA,0,1,1
FIDELITO,0,1,1
FIDELMAN,0,1,1
FIDELMAR,0,1,1
FIDELSE,0,1,1
FIDELY,0,1,1
FIDENCIS,0,1,1
FIDERMINY,0,1,1
FIDESBINDA,0,1,1
FIDIAN,0,1,1
FIDILINA,0,1,1
FIDOMILIA,0,1,1
FIDONILO,0,1,1
FIELD LARVIN,0,1,1
FIFANIA,0,1,1
FIGLEREN,0,1,1
FIGUERES,0,1,1
FIGUEROA,0,1,1
FIGUEROAONEIDA,0,1,1
FIHSER,0,1,1
FILADER,0,1,1
FILANDY,0,1,1
FILBERTICO,0,1,1
FILENA SANTOS,0,1,1
FILENIO,0,1,1
FILIA,0,1,1
FILIANDRO,0,1,1
FILIBERIA,0,1,1
FILIBERTO ANTON,0,1,1
FILICIA,0,1,1
FILIGRAN,0,1,1
FILITERNA,0,1,1
FILITINA,0,1,1
FILIVERTA,0,1,1
FILLANDER,0,1,1
FILLIBERTO,0,1,1
FILLMORE,0,1,1
FILOE,0,1,1
FILOINA,0,1,1
FILOLINA,0,1,1
FILOMENA DE SAN,0,1,1
FILORILA,0,1,1
FILUMENA,0,1,1
FIN,0,1,1
FINDA,0,1,1
FINDENCE,0,1,1
FINETH,0,1,1
FIONELA,0,1,1
FIONNA,0,1,1
FIORA,0,1,1
FIORELA,0,1,1
FIRENZE,0,1,1
FIRFO,0,1,1
FIRIO,0,1,1
FIRLANDO,0,1,1
FIRLES,0,1,1
FIRMAN,0,1,1
FIRNEVA,0,1,1
FIRPO,0,1,1
FIRZO,0,1,1
FISSELA,0,1,1
FISTHER ANABELL,0,1,1
FITGERAL,0,1,1
FITSGERALD,0,1,1
FITZ GERALD,0,1,1
FITZGERLD,0,1,1
FIYACOVIS,0,1,1
FIYEN,0,1,1
FLABIANA,0,1,1
FLABIR,0,1,1
FLAIDE,0,1,1
FLAMEL,0,1,1
FLARISELA,0,1,1
FLAVIA CECILIA,0,1,1
FLAVINA,0,1,1
FLEAZAR,0,1,1
FLENI,0,1,1
FLENINS,0,1,1
FLENYS,0,1,1
FLETCHER,0,1,1
FLINT,0,1,1
FLOR AMANDA,0,1,1
FLOR DE LIZ,0,1,1
FLOR DE SUYAPA,0,1,1
FLOR DEL CARMEN,0,1,1
FLOR ELIZA,0,1,1
FLOR ENEIDA,0,1,1
FLOR LIDIA,0,1,1
FLOR MAGALY,0,1,1
FLOR XELIE,0,1,1
FLORA ESPERANZA,0,1,1
FLORA IDALDA,0,1,1
FLORA VICTOR,0,1,1
FLORANI,0,1,1
FLORDALIZA,0,1,1
FLORDANIA,0,1,1
FLORDOLICIA,0,1,1
FLORECELVA,0,1,1
FLORECINDA,0,1,1
FLORELIS,0,1,1
FLORELLA,0,1,1
FLORENI,0,1,1
FLORENIA,0,1,1
FLORENIS,0,1,1
FLORENTINE,0,1,1
FLORENTINI,0,1,1
FLORENZA,0,1,1
FLORES ESVINDA,0,1,1
FLORES NILA,0,1,1
FLORESBINTA,0,1,1
FLORESMI,0,1,1
FLORESNA,0,1,1
FLORETA,0,1,1
FLORIBE,0,1,1
FLORIBEH,0,1,1
FLORIBELH,0,1,1
FLORICELIA,0,1,1
FLORICETH,0,1,1
FLORIDALMA M,0,1,1
FLORIDEL,0,1,1
FLORIDEY,0,1,1
FLORIDOLMA,0,1,1
FLORIGELDA,0,1,1
FLORIGENE,0,1,1
FLORINDA ABILE,0,1,1
FLORINDA FLORES,0,1,1
FLORINEL,0,1,1
FLORIS ELVA,0,1,1
FLORISA,0,1,1
FLORISBELLOA,0,1,1
FLORISEBEL,0,1,1
FLORISETH,0,1,1
FLORISLEY,0,1,1
FLORISSELA,0,1,1
FLORISTELA,0,1,1
FLORIT,0,1,1
FLORITZA,0,1,1
FLORIXA,0,1,1
FLORIXIA,0,1,1
FLORIXZA,0,1,1
FLORMARINA,0,1,1
FLORMIN,0,1,1
FLORO,0,1,1
FLORY ARELY,0,1,1
FLORYSELVA,0,1,1
FLOSELDA,0,1,1
FLOYDEL,0,1,1
FLRENTINO,0,1,1
FLYN,0,1,1
FOBITH,0,1,1
FOCTIEVA,0,1,1
FOCUNDO,0,1,1
FODESTER,0,1,1
FOHEL,0,1,1
FOLDER JOSE RAU,0,1,1
FOLVIUS,0,1,1
FONOGRAFO,0,1,1
FONOR,0,1,1
FONTANIS,0,1,1
FONTON,0,1,1
FORA,0,1,1
FOREIRA,0,1,1
FOREL,0,1,1
FORELT,0,1,1
FORENY,0,1,1
FORFILIA,0,1,1
FORINET,0,1,1
FORQUINO,0,1,1
FORREST,0,1,1
FORTIMATO,0,1,1
FOSEFA,0,1,1
FOSTER MILLER,0,1,1
FOTIEVA,0,1,1
FRABICIO,0,1,1
FRACCEDES,0,1,1
FRACEMA,0,1,1
FRACIO,0,1,1
FRACTINY,0,1,1
FRADIC,0,1,1
FRADILA,0,1,1
FRADIZ,0,1,1
FRAEEMS,0,1,1
FRAEL,0,1,1
FRAGEDES,0,1,1
FRAGEDIS,0,1,1
FRAHIN,0,1,1
FRAIMAR,0,1,1
FRAIN,0,1,1
FRAMCISCO,0,1,1
FRAMKLIMG,0,1,1
FRANCELIS,0,1,1
FRANCES ALMIRA,0,1,1
FRANCHELA,0,1,1
FRANCI NOEMI,0,1,1
FRANCIBELL,0,1,1
FRANCIBEY,0,1,1
FRANCID,0,1,1
FRANCIEL,0,1,1
FRANCIELIA,0,1,1
FRANCIER,0,1,1
FRANCINY,0,1,1
FRANCIOLI,0,1,1
FRANCIOLY,0,1,1
FRANCIS JAIME,0,1,1
FRANCIS NELSON,0,1,1
FRANCIS VALENTI,0,1,1
FRANCISCA ARGEL,0,1,1
FRANCISCA ARGEN,0,1,1
FRANCISCA AYDE,0,1,1
FRANCISCA DE J,0,1,1
FRANCISCA INES,0,1,1
FRANCISCA LILIA,0,1,1
FRANCISCA PAULA,0,1,1
FRANCISCA PETRO,0,1,1
FRANCISCA ROSA,0,1,1
FRANCISCO ADALI,0,1,1
FRANCISCO ADAN,0,1,1
FRANCISCO ANTON,0,1,1
FRANCISCO DE AS,0,1,1
FRANCISCO DE JE,0,1,1
FRANCISCO JABIE,0,1,1
FRANCISCO LAURO,0,1,1
FRANCISCO OMAR,0,1,1
FRANCISQUE,0,1,1
FRANCIST,0,1,1
FRANCITO,0,1,1
FRANCKOSI,0,1,1
FRANCLING,0,1,1
FRANCO MISAEL,0,1,1
FRANCOI,0,1,1
FRANCOIS MARIE,0,1,1
FRANCON,0,1,1
FRANCOSCA,0,1,1
FRANDILIA,0,1,1
FRANDIR,0,1,1
FRANDIX,0,1,1
FRANELGUIN,0,1,1
FRANELY,0,1,1
FRANES,0,1,1
FRANETT,0,1,1
FRANEY,0,1,1
FRANEZE,0,1,1
FRANGELIA,0,1,1
FRANGLER,0,1,1
FRANISCA,0,1,1
FRANKLINTON,0,1,1
FRANKO,0,1,1
FRANKROIS,0,1,1
FRANNEL,0,1,1
FRANNIELL,0,1,1
FRANQUEL,0,1,1
FRANQUIZ,0,1,1
FRANSCICO,0,1,1
FRANSCIS,0,1,1
FRANSENIA,0,1,1
FRANSEZ,0,1,1
FRANSHESCA,0,1,1
FRANSICA,0,1,1
FRANSSOL,0,1,1
FRANSUE,0,1,1
FRANYI,0,1,1
FRANZHUA,0,1,1
FRANZIS,0,1,1
FRANZUE,0,1,1
FRANZZOA,0,1,1
FRAUCEDES,0,1,1
FRAUGIL,0,1,1
FRAURICIO,0,1,1
FRAWSIDIA,0,1,1
FRAYBELITO,0,1,1
FRAYMAR,0,1,1
FRCO,0,1,1
FREBERTO,0,1,1
FREBINDA,0,1,1
FRECITA,0,1,1
FRED ERNESTY,0,1,1
FRED ESTHERLINS,0,1,1
FRED ESTHERLINX,0,1,1
FREDDY ROEL,0,1,1
FREDEI,0,1,1
FREDELMINA,0,1,1
FREDELMINDA,0,1,1
FREDEMIN,0,1,1
FREDERI,0,1,1
FREDERICHK,0,1,1
FREDERICKS,0,1,1
FREDERIS,0,1,1
FREDERIX,0,1,1
FREDERVINA,0,1,1
FREDESLANDO,0,1,1
FREDESMINDO,0,1,1
FREDESVILDO,0,1,1
FREDIGNA,0,1,1
FREDINA,0,1,1
FREDIS ALEXI,0,1,1
FREDIS JOEL,0,1,1
FREDISVINA,0,1,1
FREDIY,0,1,1
FREDRICKS,0,1,1
FREDUBINDA,0,1,1
FREDY ANTONIO,0,1,1
FREDY DANILO,0,1,1
FREDY FRANCISCO,0,1,1
FREDY HUMBERTO,0,1,1
FREDY JAVIER,0,1,1
FREDYT,0,1,1
FREELYN,0,1,1
FREIDIBINDA,0,1,1
FREILIANA,0,1,1
FREIS,0,1,1
FREMI,0,1,1
FREMID,0,1,1
FREMINTH,0,1,1
FRENCES,0,1,1
FRENCH,0,1,1
FRENEDIN,0,1,1
FRENIDELZO,0,1,1
FRENZY,0,1,1
FREPINDO,0,1,1
FREREORVAN,0,1,1
FRESOLANO,0,1,1
FRESUINDO,0,1,1
FREYH,0,1,1
FRICZANY,0,1,1
FRIDA ESTELA,0,1,1
FRIDAY,0,1,1
FRIDESVINDA,0,1,1
FRIDIA,0,1,1
FRIDL,0,1,1
FRIEDRICK,0,1,1
FRIGUNES,0,1,1
FRISMEGISTO,0,1,1
FRISTROY,0,1,1
FRITZGERALD,0,1,1
FRITZNED,0,1,1
FRIZ AERALD,0,1,1
FRNANDO,0,1,1
FRODICIA,0,1,1
FRODY,0,1,1
FROIDIA,0,1,1
FROLICIO,0,1,1
FRONCIBEL,0,1,1
FRONILDE,0,1,1
FRUDENCIO,0,1,1
FRUDEY,0,1,1
FRUEMAN,0,1,1
FRUMAN,0,1,1
FU XING,0,1,1
FUADD,0,1,1
FUARTE,0,1,1
FUBIA,0,1,1
FUD,0,1,1
FUFINO,0,1,1
FUING,0,1,1
FULBERTO,0,1,1
FULGENICA,0,1,1
FULGENIO,0,1,1
FULLMER,0,1,1
FULOFIA,0,1,1
FUNDER,0,1,1
FUNEZ,0,1,1
FUNEZYAMILEHT,0,1,1
FUNICE,0,1,1
FUSLIN,0,1,1
FUSNELDA,0,1,1
FUTIEL,0,1,1
FUTURNO,0,1,1
GAABIELA,0,1,1
GABADIEL,0,1,1
GABANIEL,0,1,1
GABARA,0,1,1
GABAY,0,1,1
GABDIEL,0,1,1
GABIAN,0,1,1
GABINO JULIO,0,1,1
GABIREL,0,1,1
GABLE,0,1,1
GABREILA,0,1,1
GABRICIA,0,1,1
GABRIEL  ANGEL,0,1,1
GABRIEL ANGEL,0,1,1
GABRIEL CHARTER,0,1,1
GABRIEL EDUARDO,0,1,1
GABRIEL},0,1,1
GABRIELA SOLEDA,0,1,1
GABRIELL,0,1,1
GABRINY,0,1,1
GABY ENMA,0,1,1
GACER,0,1,1
GACIANO,0,1,1
GACIBEL,0,1,1
GACIER,0,1,1
GADALUPE,0,1,1
GADANIEL,0,1,1
GADDIEL,0,1,1
GADDIELA,0,1,1
GADEAS,0,1,1
GADELIS,0,1,1
GADEZ,0,1,1
GADIALI,0,1,1
GADIR,0,1,1
GADIRA,0,1,1
GADLSMITH,0,1,1
GADSBY,0,1,1
GADWIN,0,1,1
GAERYN,0,1,1
GAETAMA,0,1,1
GAETANO,0,1,1
GAFATI,0,1,1
GAGARIN,0,1,1
GAGARY,0,1,1
GAHERI,0,1,1
GAHILL,0,1,1
GAHZAAEL,0,1,1
GAID,0,1,1
GAIN,0,1,1
GAK ANNA,0,1,1
GAKELIN,0,1,1
GAL,0,1,1
GALAZANS,0,1,1
GALDAMES,0,1,1
GALDINO,0,1,1
GALE,0,1,1
GALEC,0,1,1
GALEL FRATERNO,0,1,1
GALELIS,0,1,1
GALEXIS,0,1,1
GALIANA,0,1,1
GALIBETH,0,1,1
GALIC,0,1,1
GALINNE,0,1,1
GALISAY,0,1,1
GALIVEX,0,1,1
GALLEL,0,1,1
GALVANY,0,1,1
GALVAY,0,1,1
GALVIERY,0,1,1
GAM,0,1,1
GAMACIOLI,0,1,1
GAMAEL,0,1,1
GAMALE,0,1,1
GAMALIER,0,1,1
GAMBOA,0,1,1
GAMELI,0,1,1
GAMELIA,0,1,1
GAMELIEL,0,1,1
GAMELIL,0,1,1
GAMELING,0,1,1
GAMELYN,0,1,1
GAMEZ,0,1,1
GAMILETH,0,1,1
GAMILIETH,0,1,1
GAMILTON,0,1,1
GAN SION,0,1,1
GANARO,0,1,1
GANBRIELA,0,1,1
GANDER,0,1,1
GANELIA,0,1,1
GANELY,0,1,1
GANERITH,0,1,1
GANIMEDA,0,1,1
GANOBE,0,1,1
GANORIS,0,1,1
GANZAGA,0,1,1
GAQUELI,0,1,1
GARACCIOLE,0,1,1
GARBRIEL,0,1,1
GARCIELA,0,1,1
GARDAN,0,1,1
GARDELL,0,1,1
GARDELY,0,1,1
GARDEN,0,1,1
GARDLY,0,1,1
GAREL,0,1,1
GARFIL,0,1,1
GARFRIELD,0,1,1
GARIDALDY,0,1,1
GARIEL,0,1,1
GARINI,0,1,1
GARINSON,0,1,1
GARLENI,0,1,1
GARMENDIAS,0,1,1
GARMI,0,1,1
GARMINDO,0,1,1
GARNIE,0,1,1
GAROLD,0,1,1
GAROLINA,0,1,1
GARRIGO,0,1,1
GARVEN,0,1,1
GASBIL,0,1,1
GASDELY,0,1,1
GASENI,0,1,1
GASIVEL,0,1,1
GASLEN,0,1,1
GASMIL,0,1,1
GASMINA,0,1,1
GASPAR ANTONIO,0,1,1
GASSIBI,0,1,1
GASTANO,0,1,1
GASTINE,0,1,1
GASTONI,0,1,1
GAUADALUPE,0,1,1
GAUBRIEL,0,1,1
GAUDIOSA,0,1,1
GAUDOCIA,0,1,1
GAURIE,0,1,1
GAVALI,0,1,1
GAVANY,0,1,1
GAVIDIO,0,1,1
GAVIELA,0,1,1
GAVIMEL,0,1,1
GAVITO,0,1,1
GAVRIL,0,1,1
GAVY JO,0,1,1
GAY BRELLA,0,1,1
GAYETANA,0,1,1
GAYLENA,0,1,1
GAYLI,0,1,1
GAYNOR,0,1,1
GAZENY,0,1,1
GDYNIA,0,1,1
GEËA,0,1,1
GEËO,0,1,1
GEACKELINE,0,1,1
GEACOVINY,0,1,1
GEAFFRI,0,1,1
GEAIRZ HINO,0,1,1
GEAMELES,0,1,1
GEAMILTH,0,1,1
GEAMINIA,0,1,1
GEANEHT,0,1,1
GEANET,0,1,1
GEANINY,0,1,1
GEANNETTE,0,1,1
GEANNINA,0,1,1
GEARIM,0,1,1
GEAVANI,0,1,1
GEBHARD,0,1,1
GEBRONANI,0,1,1
GECALIA,0,1,1
GECELA,0,1,1
GECELIS,0,1,1
GECIBEL,0,1,1
GECONIAS,0,1,1
GECSABEL,0,1,1
GECSAEL,0,1,1
GECSOMINA,0,1,1
GECXI,0,1,1
GEDAI,0,1,1
GEDAIL,0,1,1
GEDALDID,0,1,1
GEDALDINA,0,1,1
GEDALTI,0,1,1
GEDALY,0,1,1
GEDASMIN,0,1,1
GEDBERTH,0,1,1
GEDBIN,0,1,1
GEDDES,0,1,1
GEDELIAS,0,1,1
GEDEONIE,0,1,1
GEDUBINE,0,1,1
GEESOMINA,0,1,1
GEHANETH,0,1,1
GEHENA,0,1,1
GEHINS,0,1,1
GEHIROMARA,0,1,1
GEHOMARA,0,1,1
GEHOVA,0,1,1
GEHOVANA,0,1,1
GEHOVANNY,0,1,1
GEHRI,0,1,1
GEHSABEL,0,1,1
GEHU,0,1,1
GEISSELL,0,1,1
GEISTER,0,1,1
GELAMIER,0,1,1
GELANDIO,0,1,1
GELBERTO,0,1,1
GELBIES,0,1,1
GELBITA,0,1,1
GELE FRANCISCO,0,1,1
GELIBERTO,0,1,1
GELILIAM,0,1,1
GELINSA,0,1,1
GELLE YORLENIS,0,1,1
GELMALENIA,0,1,1
GELMENY,0,1,1
GELMIRO,0,1,1
GELPIS,0,1,1
GELSONINA,0,1,1
GELTE,0,1,1
GELTRUDIZ,0,1,1
GELVINTAS,0,1,1
GELZALY,0,1,1
GEMALY,0,1,1
GEMAYEL,0,1,1
GEMBERTO,0,1,1
GEMECIO,0,1,1
GEMENIS,0,1,1
GEMENIXA,0,1,1
GEMICENIA,0,1,1
GEMIMAH,0,1,1
GEMINMA,0,1,1
GEMLOM,0,1,1
GEMUEL,0,1,1
GEMUEN,0,1,1
GENAI,0,1,1
GENAN,0,1,1
GENANCIO,0,1,1
GENARBAN,0,1,1
GENARY,0,1,1
GENEDIC,0,1,1
GENEIS,0,1,1
GENELA,0,1,1
GENELEE,0,1,1
GENEON,0,1,1
GENERA,0,1,1
GENERALDA,0,1,1
GENERRIO,0,1,1
GENES,0,1,1
GENESIA,0,1,1
GENETA,0,1,1
GENETH,0,1,1
GENEVEVA,0,1,1
GENEVIENE,0,1,1
GENEXIS,0,1,1
GENEYSIS,0,1,1
GENG,0,1,1
GENIBETH,0,1,1
GENIC,0,1,1
GENINA,0,1,1
GENINE,0,1,1
GENION,0,1,1
GENISI,0,1,1
GENIZ,0,1,1
GENNELY,0,1,1
GENNEY,0,1,1
GENO,0,1,1
GENOBENA,0,1,1
GENOBERTO,0,1,1
GENORIO,0,1,1
GENOSINE,0,1,1
GENOVELA,0,1,1
GENOVEVA GENARA,0,1,1
GENOVEVE,0,1,1
GENOVO,0,1,1
GENRRY ALFREDO,0,1,1
GENTLE,0,1,1
GENY MARICELA,0,1,1
GEOANY,0,1,1
GEOBADIS,0,1,1
GEOBANINA,0,1,1
GEOBEDI,0,1,1
GEOBEDY,0,1,1
GEOBEL,0,1,1
GEOCANNI,0,1,1
GEOCKOMINA,0,1,1
GEOCKONDA,0,1,1
GEODANI,0,1,1
GEOFROY,0,1,1
GEOGENI,0,1,1
GEOGILDA,0,1,1
GEOHLY,0,1,1
GEOHOVAN,0,1,1
GEOJANY,0,1,1
GEOLBERTO,0,1,1
GEOLFREDY,0,1,1
GEOMARE,0,1,1
GEOMEGZA,0,1,1
GEONANI,0,1,1
GEONANY,0,1,1
GEONATHAN,0,1,1
GEONEL,0,1,1
GEONERY,0,1,1
GEONETH,0,1,1
GEONEXA,0,1,1
GEONILDA,0,1,1
GEONNI,0,1,1
GEOOVAMY,0,1,1
GEORDYL,0,1,1
GEORGE ABDULLAH,0,1,1
GEORGE EZEKIEL,0,1,1
GEORGEBERT,0,1,1
GEORGETE,0,1,1
GEORGETINA,0,1,1
GEORGIL,0,1,1
GEORGINDA,0,1,1
GEORGINIA,0,1,1
GEOSSELF,0,1,1
GEOVALDO,0,1,1
GEOVALGIN,0,1,1
GEOVAMMY,0,1,1
GEOVAMNY,0,1,1
GEOVANE,0,1,1
GEOVANES,0,1,1
GEOVANESSA,0,1,1
GEOVANHY,0,1,1
GEOVANINE,0,1,1
GEOVANIY,0,1,1
GEOVANIZ,0,1,1
GEOVANMI,0,1,1
GEOVANNI  JESUS,0,1,1
GEOVANNNI,0,1,1
GEOVANO,0,1,1
GEOVANYNA,0,1,1
GEOVAVY,0,1,1
GEOVEDYS,0,1,1
GEOVIGILDO,0,1,1
GEOVINY,0,1,1
GEOVVANNY,0,1,1
GEOWAD,0,1,1
GEPSABEL,0,1,1
GERACY,0,1,1
GERAHRDESCA,0,1,1
GERALBINA,0,1,1
GERALDEEN,0,1,1
GERALDI,0,1,1
GERALDIA,0,1,1
GERALDIN,0,1,1
GERALDINA GUADA,0,1,1
GERALDINNE,0,1,1
GERALDIS,0,1,1
GERALGINA,0,1,1
GERALIA,0,1,1
GERALY,0,1,1
GERAMEEL,0,1,1
GERANDIO,0,1,1
GERAR,0,1,1
GERARDI,0,1,1
GERARDILNA,0,1,1
GERARDIN,0,1,1
GERARDO BIATO,0,1,1
GERARDO ELIAS,0,1,1
GERARDO FATIMA,0,1,1
GERARDO GONZALO,0,1,1
GERARDO REY,0,1,1
GERARDO SANTOS,0,1,1
GERARDO SERAFIN,0,1,1
GERARVIN,0,1,1
GERASENI,0,1,1
GERASI,0,1,1
GERASMIN,0,1,1
GERBANCIA,0,1,1
GERBELIO,0,1,1
GERBELYN,0,1,1
GERBYN,0,1,1
GERCI,0,1,1
GERDANN,0,1,1
GERECTRIC,0,1,1
GERED,0,1,1
GERELDINA,0,1,1
GEREMILLAS,0,1,1
GEREMINA,0,1,1
GERENIA,0,1,1
GERERMAN,0,1,1
GERESNARDO,0,1,1
GERETTZEN,0,1,1
GEREYDI,0,1,1
GERICHO,0,1,1
GERINOTH,0,1,1
GERISEL,0,1,1
GERITON,0,1,1
GERLANDO,0,1,1
GERLDANE,0,1,1
GERLHYN,0,1,1
GERMAIG,0,1,1
GERMAN ARTURO,0,1,1
GERMAN CELIN,0,1,1
GERMAN DAVID,0,1,1
GERMAN FERMIN,0,1,1
GERMAN RENIERY,0,1,1
GERMAN RICARDO,0,1,1
GERMAN ROLANDO,0,1,1
GERMANDA,0,1,1
GERMARIS,0,1,1
GERMAY,0,1,1
GERMECINDA,0,1,1
GERMEL,0,1,1
GERMELI,0,1,1
GERMINEIS,0,1,1
GERMINEL,0,1,1
GERMINIA,0,1,1
GERNMAN,0,1,1
GEROBOAOM,0,1,1
GEROMINI,0,1,1
GEROMINIO,0,1,1
GERONINMO,0,1,1
GEROVAN,0,1,1
GERRITA,0,1,1
GERROLL,0,1,1
GERSARILA,0,1,1
GERSES,0,1,1
GERSOMINA,0,1,1
GERSONIA,0,1,1
GERTAIDEZ,0,1,1
GERTENIA,0,1,1
GERTRIDIS,0,1,1
GERTRUDIS AGUST,0,1,1
GERTRUDIS MADAL,0,1,1
GERTRUDYZ,0,1,1
GERTRULIS,0,1,1
GERTUDYS,0,1,1
GERTURDIS,0,1,1
GERUBIN,0,1,1
GERUDIS,0,1,1
GERVALDO,0,1,1
GERZONITA,0,1,1
GERZZER,0,1,1
GESAU,0,1,1
GESAYNA,0,1,1
GESELE,0,1,1
GESELI,0,1,1
GESELINA,0,1,1
GESENY,0,1,1
GESERY,0,1,1
GESESENIA,0,1,1
GESETH,0,1,1
GESILLE,0,1,1
GESINA,0,1,1
GESMIR,0,1,1
GESVIN,0,1,1
GESXAEL,0,1,1
GETH,0,1,1
GETSABEL,0,1,1
GETSEVEL,0,1,1
GETSIMINA,0,1,1
GETSOMINA,0,1,1
GEUDI,0,1,1
GEUFRACIO,0,1,1
GEUN,0,1,1
GEUSER,0,1,1
GEUVILCAR,0,1,1
GEVALDINA,0,1,1
GEVANDINA,0,1,1
GEVANI,0,1,1
GEVANIR,0,1,1
GEVANY,0,1,1
GEVELIN,0,1,1
GEVIMEL,0,1,1
GEVONY,0,1,1
GEXABEL,0,1,1
GEXAEL,0,1,1
GEXSOBEL,0,1,1
GEXSOMINA,0,1,1
GEYLIS,0,1,1
GEYLUBEL,0,1,1
GEZZABEL,0,1,1
GEZZARELA,0,1,1
GHELBI,0,1,1
GHEOVANY,0,1,1
GHISELA,0,1,1
GHISSELA,0,1,1
GHOVANY,0,1,1
GIACOBINI,0,1,1
GIANINE,0,1,1
GIANLUCA,0,1,1
GIBAN,0,1,1
GIBEL,0,1,1
GICEHEL,0,1,1
GICELLA,0,1,1
GICELS,0,1,1
GIDALTHY,0,1,1
GIDGAD,0,1,1
GIDIA MARIA PIA,0,1,1
GIEMIL,0,1,1
GIENSY,0,1,1
GIESE,0,1,1
GIESELLE,0,1,1
GIFFORD,0,1,1
GIGELIN,0,1,1
GIGSELDA,0,1,1
GIGZABEL,0,1,1
GIJAD,0,1,1
GIL ALBERTO,0,1,1
GIL ANTONIA,0,1,1
GIL BAD,0,1,1
GIL OMAR,0,1,1
GILBA,0,1,1
GILBERTIN,0,1,1
GILBERTO DE JES,0,1,1
GILBERTO TULIO,0,1,1
GILBINA,0,1,1
GILCENA,0,1,1
GILCONA,0,1,1
GILDALI,0,1,1
GILDO EVANGELIS,0,1,1
GILIBERTA,0,1,1
GILITA,0,1,1
GILIVALDO,0,1,1
GILLY,0,1,1
GILMUNDO,0,1,1
GILOBERTO,0,1,1
GILORE,0,1,1
GILOSMAN,0,1,1
GILSABEL,0,1,1
GIMALDY,0,1,1
GIMENIA,0,1,1
GIMENZON,0,1,1
GIMINSSON,0,1,1
GIMYNSSON,0,1,1
GINBBETO,0,1,1
GINDULFO,0,1,1
GINETT,0,1,1
GINGER VIDA,0,1,1
GINO JOSE MARIA,0,1,1
GINOVEVA,0,1,1
GIOANA,0,1,1
GIOBANINA,0,1,1
GIOBANKA,0,1,1
GIOBEDI,0,1,1
GIOCARLOS,0,1,1
GIOCONA,0,1,1
GIOEL,0,1,1
GIOHARA,0,1,1
GIOMARE,0,1,1
GIONAVY,0,1,1
GIONETH,0,1,1
GIONETZA,0,1,1
GIORGI,0,1,1
GIOSETY,0,1,1
GIOSFREDO,0,1,1
GIOVAMINA,0,1,1
GIOVANMI,0,1,1
GIOVANNI MA FCO,0,1,1
GIOVANNIO,0,1,1
GIOVANYNA,0,1,1
GIOVINEXA,0,1,1
GIOWANI,0,1,1
GIPCELA,0,1,1
GIPSY MARIA,0,1,1
GIRABEL,0,1,1
GIRALDESKA,0,1,1
GIRALDIS,0,1,1
GIRIES,0,1,1
GIRLEY,0,1,1
GIRMALDO,0,1,1
GIROS,0,1,1
GIRU,0,1,1
GISCORD,0,1,1
GISELH,0,1,1
GISELIDA,0,1,1
GISELLE MARIE,0,1,1
GISELLELA,0,1,1
GISELLES,0,1,1
GISENA,0,1,1
GISETH,0,1,1
GISLAIN,0,1,1
GISLANE,0,1,1
GISMENIA,0,1,1
GISSELA YAQUELY,0,1,1
GISSELH,0,1,1
GISSELIA,0,1,1
GISSELS,0,1,1
GISSENIA,0,1,1
GISSET,0,1,1
GITEL,0,1,1
GITHEL,0,1,1
GITRUDIS,0,1,1
GITSELA,0,1,1
GITZABEL,0,1,1
GITZU,0,1,1
GIULIANI,0,1,1
GIULIANO,0,1,1
GIUSEPPE CESARE,0,1,1
GIVARY,0,1,1
GIYCEL,0,1,1
GIZEH,0,1,1
GIZELLS,0,1,1
GIZZELA,0,1,1
GLACIBEL,0,1,1
GLACILIA,0,1,1
GLADINA,0,1,1
GLADIS AMINDA,0,1,1
GLADIS ARGENTIN,0,1,1
GLADIS ASUCENA,0,1,1
GLADIS CLEMENTI,0,1,1
GLADIS CONSUELO,0,1,1
GLADIS DEL CARM,0,1,1
GLADIS ERLINDA,0,1,1
GLADIS ZULEMA,0,1,1
GLADISS,0,1,1
GLADIZ LETICIA,0,1,1
GLADIZ MARITZA,0,1,1
GLADIZ OFELIA,0,1,1
GLADIZ ORTENCIA,0,1,1
GLADYS ARGENTIN,0,1,1
GLADYS IDALIA,0,1,1
GLADYS ONDINA,0,1,1
GLAIMAR,0,1,1
GLAMALIN,0,1,1
GLARDINA,0,1,1
GLARELIA,0,1,1
GLAREM,0,1,1
GLARET,0,1,1
GLARIVEL,0,1,1
GLARIZA,0,1,1
GLASFORD,0,1,1
GLASIBEL,0,1,1
GLASIBETH,0,1,1
GLASTENIA,0,1,1
GLATLEN,0,1,1
GLAVES,0,1,1
GLAVIDEL,0,1,1
GLAXEDYS,0,1,1
GLAY,0,1,1
GLEBIN,0,1,1
GLECENIA,0,1,1
GLEDANY,0,1,1
GLEDIS SUYAPA,0,1,1
GLEE,0,1,1
GLEGARIO,0,1,1
GLEMP,0,1,1
GLEMS,0,1,1
GLEMYS,0,1,1
GLENDA LIZETTE,0,1,1
GLENDA PATRICIA,0,1,1
GLENDA YANETH,0,1,1
GLENDA YORLENY,0,1,1
GLENDALE,0,1,1
GLENIER,0,1,1
GLENIS MIRCIA,0,1,1
GLENNIES,0,1,1
GLENNS,0,1,1
GLENVILLE,0,1,1
GLEOTILDE,0,1,1
GLERIS OLIMPIA,0,1,1
GLESENIA,0,1,1
GLESIA,0,1,1
GLESIS,0,1,1
GLESSENY,0,1,1
GLEVIS,0,1,1
GLEXANDER,0,1,1
GLIANA DILCIA,0,1,1
GLICELIN,0,1,1
GLICELT,0,1,1
GLICENIA,0,1,1
GLICET,0,1,1
GLIDEXY,0,1,1
GLIGCERIA,0,1,1
GLIMIS,0,1,1
GLIN,0,1,1
GLINIY,0,1,1
GLIRIAM,0,1,1
GLIVERIO,0,1,1
GLOANNOR,0,1,1
GLOBANY,0,1,1
GLOBEL,0,1,1
GLODALDO,0,1,1
GLODIA,0,1,1
GLODIMAR,0,1,1
GLORIA ANSELMA,0,1,1
GLORIA ARGENTIN,0,1,1
GLORIA CELINA,0,1,1
GLORIA DINA,0,1,1
GLORIA EDINA,0,1,1
GLORIA ELCY,0,1,1
GLORIA ESTEËA,0,1,1
GLORIA HESTER,0,1,1
GLORIA IDOLINDA,0,1,1
GLORIA ISIDRA,0,1,1
GLORIA LUCIANA,0,1,1
GLORIA LUZ,0,1,1
GLORIA MARGOT,0,1,1
GLORIA MARIVEL,0,1,1
GLORIA MARLENY,0,1,1
GLORIA MORENA,0,1,1
GLORIA NOEMI,0,1,1
GLORIA RAMONA,0,1,1
GLORIA REINA,0,1,1
GLORIA SABINE,0,1,1
GLORIA VIRGINIA,0,1,1
GLORIALI,0,1,1
GLORIBET,0,1,1
GLORIBETH,0,1,1
GLORIC,0,1,1
GLORICEL,0,1,1
GLORICELVA,0,1,1
GLORIDEL,0,1,1
GLORIELLA,0,1,1
GLORIFEL,0,1,1
GLORIFICACION,0,1,1
GLORIMIRO,0,1,1
GLORINELA,0,1,1
GLORIS RUTH,0,1,1
GLORISALMA,0,1,1
GLORISBEL,0,1,1
GLORISELA,0,1,1
GLORISTA,0,1,1
GLORIT,0,1,1
GLORITIS,0,1,1
GLORIVETHS,0,1,1
GLORIZELA,0,1,1
GLORIZET,0,1,1
GLORIZETH,0,1,1
GLOVAL,0,1,1
GLOVAN,0,1,1
GLOVANNI,0,1,1
GLOVINE,0,1,1
GLYNN,0,1,1
GOAL,0,1,1
GOALBERTO,0,1,1
GOANI,0,1,1
GOANNY,0,1,1
GOBVIN,0,1,1
GOCIAS,0,1,1
GOD,0,1,1
GOD ABSOLOM,0,1,1
GODEYBA,0,1,1
GODFRI,0,1,1
GODFRIE,0,1,1
GODIEL,0,1,1
GODILFREDO,0,1,1
GODIVA,0,1,1
GODOBERTO,0,1,1
GODOFREY,0,1,1
GODOLFREDA,0,1,1
GOERGE,0,1,1
GOFREDO,0,1,1
GOGARDI,0,1,1
GOGINA,0,1,1
GOGTAMAN,0,1,1
GOHANA,0,1,1
GOHANNA,0,1,1
GOHEL,0,1,1
GOHERIG,0,1,1
GOJANA,0,1,1
GOJANI,0,1,1
GOLANDA,0,1,1
GOLANI,0,1,1
GOLDAMERY,0,1,1
GOLDINA,0,1,1
GOLESTIN,0,1,1
GOLFITO,0,1,1
GOLIBETH,0,1,1
GOLIVET,0,1,1
GOLSMANG,0,1,1
GOLVIANEY,0,1,1
GOMALIEL,0,1,1
GOMARA,0,1,1
GONADAC,0,1,1
GONARI,0,1,1
GONARY,0,1,1
GONAZALINA,0,1,1
GONCELA,0,1,1
GONETH,0,1,1
GONOFREDO,0,1,1
GONSALA,0,1,1
GONTRAN,0,1,1
GONY,0,1,1
GONZADAS,0,1,1
GONZADES,0,1,1
GONZAGO,0,1,1
GONZANI,0,1,1
GOOVANI,0,1,1
GOOVANY,0,1,1
GORAN,0,1,1
GORCH,0,1,1
GORDNER,0,1,1
GORECTY,0,1,1
GORETH,0,1,1
GORETHY,0,1,1
GORETTE,0,1,1
GORETTYS,0,1,1
GORIBEL,0,1,1
GORROMEO,0,1,1
GORTALIS,0,1,1
GOSBINDA,0,1,1
GOSMIN,0,1,1
GOTDALI,0,1,1
GOTTHARD,0,1,1
GOUBLI,0,1,1
GOUVELA,0,1,1
GOVAHNNY,0,1,1
GOVAN,0,1,1
GOVANA,0,1,1
GOVELIO,0,1,1
GOVETTY,0,1,1
GOVINDA,0,1,1
GOZHEL,0,1,1
GRABERTO,0,1,1
GRABESON,0,1,1
GRABI,0,1,1
GRABILETH,0,1,1
GRABIS,0,1,1
GRABOSKY,0,1,1
GRABRIL,0,1,1
GRACEDY,0,1,1
GRACELDA,0,1,1
GRACELINDA,0,1,1
GRACELIZ,0,1,1
GRACELYS,0,1,1
GRACEMA,0,1,1
GRACIA CRUZ,0,1,1
GRACIA DE JESUS,0,1,1
GRACIA MARIA,0,1,1
GRACIBELA,0,1,1
GRACIBELIG,0,1,1
GRACIBELL,0,1,1
GRACIBETH,0,1,1
GRACIELA MARIA,0,1,1
GRACIELA OFELIA,0,1,1
GRACIELA ONDINA,0,1,1
GRACIELINDA,0,1,1
GRACIL,0,1,1
GRACIO,0,1,1
GRACOMINA,0,1,1
GRADICER,0,1,1
GRADILO,0,1,1
GRADIMIR,0,1,1
GRADIOLINA,0,1,1
GRAEL,0,1,1
GRAHAN EDWIN,0,1,1
GRAIME,0,1,1
GRAIVI,0,1,1
GRALDINA,0,1,1
GRALIBEL,0,1,1
GRAM,0,1,1
GRAMIEL,0,1,1
GRAMYSSEL,0,1,1
GRANADOS,0,1,1
GRANATA,0,1,1
GRANCE,0,1,1
GRAND,0,1,1
GRANDLY,0,1,1
GRANES,0,1,1
GRANGELY,0,1,1
GRANISEL,0,1,1
GRANLI,0,1,1
GRANNI,0,1,1
GRANOSKY,0,1,1
GRANVILLE,0,1,1
GRARIBEL,0,1,1
GRASCIBEL,0,1,1
GRASE,0,1,1
GRASEMA,0,1,1
GRASILIA,0,1,1
GRASSIBEL,0,1,1
GRASSIEL,0,1,1
GRATHAM,0,1,1
GRATIVEL,0,1,1
GRAVETH,0,1,1
GRAVINA,0,1,1
GRAWOSKY,0,1,1
GRAYBURN,0,1,1
GRAYHAM,0,1,1
GRAZIANY,0,1,1
GRAZIONA,0,1,1
GRAZZIBEL,0,1,1
GREBER,0,1,1
GREBIEL,0,1,1
GREBILA,0,1,1
GRECENSI,0,1,1
GRECIBEL,0,1,1
GRECIELA,0,1,1
GREDILDES,0,1,1
GREETER,0,1,1
GREGORIA  ELENA,0,1,1
GREGORIA H,0,1,1
GREGORIA INOCEN,0,1,1
GREGORIA ISOLIN,0,1,1
GREGORIO DE JES,0,1,1
GREGORIO FAUM,0,1,1
GREGORIO HERMAS,0,1,1
GREHAMS,0,1,1
GREHEL,0,1,1
GRELINDA,0,1,1
GRENIX,0,1,1
GRENVIL,0,1,1
GRESELA,0,1,1
GRESENCIO,0,1,1
GRESIDEL,0,1,1
GRETER,0,1,1
GRETHEN,0,1,1
GREVES,0,1,1
GREYIL,0,1,1
GREYSIYOLANI,0,1,1
GREYTON,0,1,1
GRIBELL,0,1,1
GRICCELDA,0,1,1
GRICEDA,0,1,1
GRICELINE,0,1,1
GRICELIO,0,1,1
GRICELIS,0,1,1
GRICELLA,0,1,1
GRICELLY,0,1,1
GRICENA,0,1,1
GRICERY,0,1,1
GRICEX,0,1,1
GRICIBEL,0,1,1
GRICIEL,0,1,1
GRICIELA,0,1,1
GRIEN,0,1,1
GRIMALDE,0,1,1
GRIMALDIS,0,1,1
GRIMELDO,0,1,1
GRINCILA,0,1,1
GRINI,0,1,1
GRIPIL,0,1,1
GRISEËA,0,1,1
GRISEEL,0,1,1
GRISEIDA,0,1,1
GRISELDY,0,1,1
GRISELI,0,1,1
GRISELIDIS,0,1,1
GRISELIO,0,1,1
GRISET,0,1,1
GRISETH,0,1,1
GRISEYDA,0,1,1
GRISIELA,0,1,1
GRISMELDA,0,1,1
GRISMILDA,0,1,1
GRISOL,0,1,1
GRISS,0,1,1
GRISSELD,0,1,1
GRISSER,0,1,1
GRISSLLE,0,1,1
GRISTELIA,0,1,1
GRISTINA,0,1,1
GRIZABEL,0,1,1
GRIZZEL,0,1,1
GROBDIN,0,1,1
GROBIEL,0,1,1
GRODIBEL,0,1,1
GRON,0,1,1
GRORLENY,0,1,1
GROSMAN,0,1,1
GROWTH,0,1,1
GRUBIEL,0,1,1
GRUCHESKA,0,1,1
GRUDELY,0,1,1
GRUINEY,0,1,1
GRULLINY,0,1,1
GRUSCHEWNSKA,0,1,1
GRUSVEN,0,1,1
GRYCELD,0,1,1
GRYSDEL,0,1,1
GRYSELDA,0,1,1
GRYSELL,0,1,1
GRYSSELY,0,1,1
GSISELLE,0,1,1
GUACOLDA,0,1,1
GUADALDINA,0,1,1
GUADALPE,0,1,1
GUADALULPE,0,1,1
GUADALUPE DE JE,0,1,1
GUADALUPE DE LO,0,1,1
GUADALUPE DEL S,0,1,1
GUADALUPE ERIBE,0,1,1
GUADALUPE IVETH,0,1,1
GUADELTRUDIS,0,1,1
GUADID,0,1,1
GUADITH,0,1,1
GUAGALUPE,0,1,1
GUAGELMINA,0,1,1
GUAL ALBERTO,0,1,1
GUALDERINA,0,1,1
GUALDETRUDIZ,0,1,1
GUALDIMER,0,1,1
GUALDINIA,0,1,1
GUALDRINA,0,1,1
GUALDY,0,1,1
GUALINDA,0,1,1
GUALQUERIA,0,1,1
GUALQUIN,0,1,1
GUALQUIRA,0,1,1
GUAMERJE,0,1,1
GUAMERY,0,1,1
GUAN,0,1,1
GUANEL,0,1,1
GUANERGER,0,1,1
GUANERGY,0,1,1
GUANERJI,0,1,1
GUANTHER,0,1,1
GUANY,0,1,1
GUAQUINA,0,1,1
GUAQUIRY,0,1,1
GUARDAGESIMA,0,1,1
GUARDIAN,0,1,1
GUARINA,0,1,1
GUARQUIRIA,0,1,1
GUATIMOUZIN,0,1,1
GUATIMOZIN,0,1,1
GUAYAPA,0,1,1
GUBEL,0,1,1
GUBERLINA,0,1,1
GUBERTO,0,1,1
GUBINI,0,1,1
GUDARLIAZ,0,1,1
GUDDELIA,0,1,1
GUDEMIA,0,1,1
GUDENIA,0,1,1
GUDETH,0,1,1
GUDI,0,1,1
GUDIBETH,0,1,1
GUDIELA,0,1,1
GUDNARA,0,1,1
GUDOBERTA,0,1,1
GUEDALIA,0,1,1
GUELD,0,1,1
GUELEY,0,1,1
GUELSOMINE,0,1,1
GUELZAMINA,0,1,1
GUEMARY,0,1,1
GUENDOLI,0,1,1
GUENDOLIN,0,1,1
GUENDOLYN,0,1,1
GUENERGEN,0,1,1
GUENNETH,0,1,1
GUEOBE,0,1,1
GUESBEL,0,1,1
GUI,0,1,1
GUI KONG,0,1,1
GUI MARGARET,0,1,1
GUICEL,0,1,1
GUIDA,0,1,1
GUIDAD,0,1,1
GUIDALINA,0,1,1
GUIDARDO,0,1,1
GUIDEVALDO,0,1,1
GUIDIMIR,0,1,1
GUIKONG,0,1,1
GUILDE,0,1,1
GUILEO,0,1,1
GUILFREDIS,0,1,1
GUILIBARDO,0,1,1
GUILLENIS,0,1,1
GUILLERMINA DEL,0,1,1
GUILLERMINA E,0,1,1
GUILLERMO ABHAS,0,1,1
GUILLEVALDA,0,1,1
GUILLLERMINA,0,1,1
GUILMAI,0,1,1
GUILMEO,0,1,1
GUILMI,0,1,1
GUILMORES,0,1,1
GUILODINA,0,1,1
GUILOTH,0,1,1
GUINI,0,1,1
GUIRALDES,0,1,1
GUIRIBALDO,0,1,1
GUIRNALDA,0,1,1
GUISELE,0,1,1
GUISELI,0,1,1
GUISEPS,0,1,1
GUISEY,0,1,1
GUISMAN,0,1,1
GUISOL,0,1,1
GUISSETTE,0,1,1
GUITSU,0,1,1
GUIVINNY,0,1,1
GUIZELDA,0,1,1
GULANDIS,0,1,1
GULARA,0,1,1
GULDINA,0,1,1
GULFREDO,0,1,1
GULIANI,0,1,1
GULIBETH,0,1,1
GULISSA,0,1,1
GULIT,0,1,1
GULIZA,0,1,1
GULNARA ARTEMIS,0,1,1
GULNORA,0,1,1
GUMARIN,0,1,1
GUMERCIANA,0,1,1
GUMERCIDA,0,1,1
GUMERCINO,0,1,1
GUMERTINA,0,1,1
GUNIS,0,1,1
GUNTER NETZER,0,1,1
GUO XING,0,1,1
GUREN,0,1,1
GURON,0,1,1
GURTRUDIS,0,1,1
GUSDIEL,0,1,1
GUSELLE,0,1,1
GUSMELY,0,1,1
GUSSELIE,0,1,1
GUSSELL,0,1,1
GUSTAMANTE,0,1,1
GUSTAVA,0,1,1
GUSTAVINA,0,1,1
GUSTAVO ANTONIO,0,1,1
GUSTAVO DE JESU,0,1,1
GUSTAVO MISAEL,0,1,1
GUSTAVO RAUL,0,1,1
GUSTAVOS,0,1,1
GUSTIN,0,1,1
GUSTIT,0,1,1
GUSTVO,0,1,1
GUTEMBERG,0,1,1
GUVENNETH,0,1,1
GUVINE,0,1,1
GUXABI,0,1,1
GUZMAR,0,1,1
GUZMARA,0,1,1
GWEN,0,1,1
GWENDOLING,0,1,1
GYNN,0,1,1
GYNNETT,0,1,1
GYOBANY,0,1,1
GYOVANY,0,1,1
GYSELDA,0,1,1
GYSELL,0,1,1
GYSSEL,0,1,1
GYSSELA,0,1,1
GYSSELL,0,1,1
GYZELL,0,1,1
H ERNESTO,0,1,1
HABACUK,0,1,1
HABADI,0,1,1
HABAN,0,1,1
HABANEL,0,1,1
HABEBE,0,1,1
HABELISARIO,0,1,1
HABENER,0,1,1
HABENICIO,0,1,1
HABERNEUS,0,1,1
HABIBE,0,1,1
HABIDAN,0,1,1
HABIEL,0,1,1
HABIMAEL,0,1,1
HABIRAN,0,1,1
HABITAËA,0,1,1
HABITALINA,0,1,1
HABRAAM,0,1,1
HABREBON,0,1,1
HABY,0,1,1
HACCIRE,0,1,1
HACDELIA,0,1,1
HACELL,0,1,1
HACKMAN,0,1,1
HADAIAS,0,1,1
HADALID,0,1,1
HADALIER,0,1,1
HADASA,0,1,1
HADASSAH,0,1,1
HADAVIAS,0,1,1
HADDAN,0,1,1
HADDAR,0,1,1
HADELY,0,1,1
HADERITO,0,1,1
HADIC,0,1,1
HADIER,0,1,1
HADIL,0,1,1
HADILIA,0,1,1
HADIZ,0,1,1
HADLEY,0,1,1
HADORAN,0,1,1
HADSBELL,0,1,1
HAERTWALL,0,1,1
HAGARIN,0,1,1
HAGGETH,0,1,1
HAGOBERTO,0,1,1
HAGOR,0,1,1
HAGUSTO,0,1,1
HAHIN,0,1,1
HAI FENG,0,1,1
HAIAS,0,1,1
HAIDA ESPERANZA,0,1,1
HAIDELI,0,1,1
HAIDENIDA,0,1,1
HAIDIN,0,1,1
HAIK,0,1,1
HAILE,0,1,1
HAILIN,0,1,1
HAILY,0,1,1
HAIMED,0,1,1
HAINDE,0,1,1
HAIRAN,0,1,1
HAISIEL,0,1,1
HAISKEL,0,1,1
HAIYAN,0,1,1
HAIZA,0,1,1
HAJAYRA,0,1,1
HAJENO,0,1,1
HAKELENNE,0,1,1
HALAM,0,1,1
HALANORY,0,1,1
HALBILET,0,1,1
HALCIRA,0,1,1
HALDEAN,0,1,1
HALDEMAN,0,1,1
HALDER,0,1,1
HALDIN,0,1,1
HALDIS,0,1,1
HALDIVAR,0,1,1
HALEYCI,0,1,1
HALG,0,1,1
HALGERSON,0,1,1
HALIDE,0,1,1
HALIE,0,1,1
HALIFAX,0,1,1
HALINA,0,1,1
HALISETH,0,1,1
HALIZETH,0,1,1
HALKISK,0,1,1
HALL,0,1,1
HALLELULLA,0,1,1
HALLISQUEL,0,1,1
HALLSTEIN,0,1,1
HALMAY,0,1,1
HALYM,0,1,1
HAMANDRA,0,1,1
HAMANSKY,0,1,1
HAMBERTO,0,1,1
HAMES,0,1,1
HAMILET,0,1,1
HAMILETTE,0,1,1
HAMILLET,0,1,1
HAMILO,0,1,1
HAMILTHOS,0,1,1
HAMITEL,0,1,1
HAMNET,0,1,1
HAMS,0,1,1
HAMSHORE,0,1,1
HAMTON,0,1,1
HAMURABI,0,1,1
HANA ABU,0,1,1
HANCORK,0,1,1
HANDELY,0,1,1
HANDENL,0,1,1
HANDONI,0,1,1
HANDRAY,0,1,1
HANEC,0,1,1
HANEIRO,0,1,1
HANELTON,0,1,1
HANENCI,0,1,1
HANEP,0,1,1
HANETT,0,1,1
HANEY,0,1,1
HANKS,0,1,1
HANLEY,0,1,1
HANNA ABDULLAH,0,1,1
HANNA ELIAS,0,1,1
HANNAC,0,1,1
HANNALY,0,1,1
HANNANI,0,1,1
HANNELORE,0,1,1
HANNERY,0,1,1
HANNETH,0,1,1
HANNIER,0,1,1
HANNIS,0,1,1
HANOBER,0,1,1
HANOC,0,1,1
HANRIETTE,0,1,1
HANSERT,0,1,1
HANSIN,0,1,1
HANSOM,0,1,1
HANUN,0,1,1
HANYEE,0,1,1
HAPUE,0,1,1
HAPY,0,1,1
HARABELL,0,1,1
HARACELI,0,1,1
HARAJANY,0,1,1
HARANEL,0,1,1
HARBERCIO,0,1,1
HARCID,0,1,1
HARCIDE,0,1,1
HARCIDEZ,0,1,1
HARCULANO,0,1,1
HARDELL,0,1,1
HARDIE GLADSTON,0,1,1
HARDINGE M,0,1,1
HARDINGE MIDDLE,0,1,1
HARELIA,0,1,1
HARENTAN,0,1,1
HARESH,0,1,1
HAREST,0,1,1
HAREY,0,1,1
HAREZE,0,1,1
HARGENTINA,0,1,1
HARIB,0,1,1
HARIBERTO,0,1,1
HARICK,0,1,1
HARIEL VANTROI,0,1,1
HARIET,0,1,1
HARIM ALIBABA,0,1,1
HARINGTON,0,1,1
HARINN,0,1,1
HARIPH,0,1,1
HARISTELA,0,1,1
HARIZA,0,1,1
HARIZONDO,0,1,1
HARJENTINA,0,1,1
HARLANE,0,1,1
HARLEE,0,1,1
HARLETH,0,1,1
HARLINGTHON,0,1,1
HARMAN,0,1,1
HARMICENDA,0,1,1
HARMIDES,0,1,1
HARMONY,0,1,1
HARNEFER,0,1,1
HAROBI,0,1,1
HARRETTE,0,1,1
HARRIER,0,1,1
HARRYCLIA,0,1,1
HARTMON,0,1,1
HARU,0,1,1
HARUB,0,1,1
HARUZELKY,0,1,1
HARVE,0,1,1
HARVEL,0,1,1
HARVIE,0,1,1
HARWARD,0,1,1
HARYANI,0,1,1
HASAEL,0,1,1
HASEEL,0,1,1
HASER,0,1,1
HASFORD,0,1,1
HASHEA,0,1,1
HASKSY,0,1,1
HASLEL,0,1,1
HASLET,0,1,1
HASMERY,0,1,1
HASMIDA,0,1,1
HASMINDA,0,1,1
HASPER,0,1,1
HASSIELL,0,1,1
HASSITVEA,0,1,1
HASTOLIA,0,1,1
HASTOPINA,0,1,1
HASZEL,0,1,1
HATAHI,0,1,1
HATHY,0,1,1
HATILIO,0,1,1
HATZIA,0,1,1
HAUM,0,1,1
HAUNERD,0,1,1
HAUSEMAN,0,1,1
HAUSEN,0,1,1
HAUSIBEL,0,1,1
HAVENICIA,0,1,1
HAVIEL,0,1,1
HAVIER,0,1,1
HAVIMILETH,0,1,1
HAWANS,0,1,1
HAWELL,0,1,1
HAWER,0,1,1
HAWERD,0,1,1
HAWKIN,0,1,1
HAWORD,0,1,1
HAYDALI,0,1,1
HAYDALINA,0,1,1
HAYDEC,0,1,1
HAYDEEE,0,1,1
HAYDELA,0,1,1
HAYDELI,0,1,1
HAYDHE,0,1,1
HAYDINA,0,1,1
HAYDIRA,0,1,1
HAYEK,0,1,1
HAYLE,0,1,1
HAYLIM,0,1,1
HAYMEE,0,1,1
HAYNEL,0,1,1
HAYROL,0,1,1
HAYSQUEL,0,1,1
HAYXINE,0,1,1
HAZETT,0,1,1
HAZTOLFO,0,1,1
HAZTUL,0,1,1
HAZZELL,0,1,1
HAZZIEL,0,1,1
HEADER,0,1,1
HEALGER,0,1,1
HEANA,0,1,1
HEANNETTE,0,1,1
HEARTVINE,0,1,1
HEBARISTA,0,1,1
HEBBERT,0,1,1
HEBELCIO,0,1,1
HEBELINA,0,1,1
HEBELINDA,0,1,1
HEBERILDO,0,1,1
HEBERTHO,0,1,1
HEBILA,0,1,1
HEBRINET,0,1,1
HEBRINETH,0,1,1
HECCEOMO,0,1,1
HECDOMILIO,0,1,1
HECENIA,0,1,1
HECLEPONI,0,1,1
HECPIDIO,0,1,1
HECRIAN,0,1,1
HECTALINA,0,1,1
HECTALINO,0,1,1
HECTELIA,0,1,1
HECTERIO,0,1,1
HECTILIO,0,1,1
HECTOR ABDULIO,0,1,1
HECTOR ADALID,0,1,1
HECTOR AMILCAR,0,1,1
HECTOR DANILO,0,1,1
HECTOR DARIO,0,1,1
HECTOR ENRIQUE,0,1,1
HECTOR GEOVANNY,0,1,1
HECTOR GUADALUP,0,1,1
HECTOR HERNAN,0,1,1
HECTOR IVAN,0,1,1
HECTOR JACOBO,0,1,1
HECTOR MEDARDO,0,1,1
HECTOR ORLANDO,0,1,1
HECTOR RICARDO,0,1,1
HECTOR ROGELIO,0,1,1
HECTOR SAMUEL,0,1,1
HECTOR VIRGILIO,0,1,1
HECTOR YOVANI,0,1,1
HECTORINA,0,1,1
HECTORINO,0,1,1
HECTULIO,0,1,1
HEDALDO,0,1,1
HEDDALY,0,1,1
HEDDASS,0,1,1
HEDEK,0,1,1
HEDEL,0,1,1
HEDELBALDO,0,1,1
HEDELMAN,0,1,1
HEDELMAR,0,1,1
HEDERD,0,1,1
HEDERLINDA,0,1,1
HEDIA,0,1,1
HEDILA,0,1,1
HEDILBRANDO,0,1,1
HEDILFONZO,0,1,1
HEDILVERTO,0,1,1
HEDIMAR,0,1,1
HEDIMIR,0,1,1
HEDIQUEL,0,1,1
HEDISMAR,0,1,1
HEDORITO,0,1,1
HEDPHY,0,1,1
HEDRO,0,1,1
HEDULFO,0,1,1
HEDUP,0,1,1
HEDUTH,0,1,1
HEFENDY,0,1,1
HEFRAIN,0,1,1
HEFRI,0,1,1
HEGDOMILIO,0,1,1
HEGINIO,0,1,1
HEILENS,0,1,1
HEIMOCANE,0,1,1
HEINE,0,1,1
HEINRICH HERMAN,0,1,1
HEINS,0,1,1
HEISLER,0,1,1
HEISS,0,1,1
HEISSER,0,1,1
HEITIN,0,1,1
HELAHY,0,1,1
HELAIDA,0,1,1
HELAYDA,0,1,1
HELBETY,0,1,1
HELCIDEZ,0,1,1
HELDENIA,0,1,1
HELDILBERTO,0,1,1
HELDOMILIA,0,1,1
HELDUVINA,0,1,1
HELEB,0,1,1
HELECTO,0,1,1
HELECTORIA,0,1,1
HELEDIN,0,1,1
HELEDY,0,1,1
HELEDYN,0,1,1
HELENISSE,0,1,1
HELEONORA,0,1,1
HELEROY,0,1,1
HELEXI,0,1,1
HELHI,0,1,1
HELIAMAN,0,1,1
HELIANI,0,1,1
HELIAQUIN,0,1,1
HELIARZA,0,1,1
HELIBERATO,0,1,1
HELIBETH,0,1,1
HELIBORIO,0,1,1
HELICARDO,0,1,1
HELICEO,0,1,1
HELIETH,0,1,1
HELIEZEL,0,1,1
HELILBERTO,0,1,1
HELINARDO,0,1,1
HELINOR,0,1,1
HELISABEL,0,1,1
HELISABET,0,1,1
HELISANDRO,0,1,1
HELISKA,0,1,1
HELISMAN,0,1,1
HELIUT,0,1,1
HELIUTH,0,1,1
HELIVERIA,0,1,1
HELIVERTO,0,1,1
HELIZANDER,0,1,1
HELIZET,0,1,1
HELMANDINA,0,1,1
HELOHINA,0,1,1
HELUVINA,0,1,1
HELVAN,0,1,1
HELVEL,0,1,1
HELVETHIA,0,1,1
HELVETIA,0,1,1
HELVETYA,0,1,1
HELVIS,0,1,1
HEMARDY,0,1,1
HEMBERTA,0,1,1
HEMED,0,1,1
HEMELDINA,0,1,1
HEMELIC,0,1,1
HEMELIDA,0,1,1
HEMENA,0,1,1
HEMERON,0,1,1
HEMILCE YALIS,0,1,1
HEMILSON,0,1,1
HEMILTON,0,1,1
HEMINIO,0,1,1
HEMINOSKY,0,1,1
HEMIRTO,0,1,1
HEMLET,0,1,1
HEMORGENES,0,1,1
HEMSTEAD,0,1,1
HENADINA,0,1,1
HENALDO,0,1,1
HENAR,0,1,1
HENBERTO,0,1,1
HENCARNACION,0,1,1
HENDLY,0,1,1
HENDRICKS,0,1,1
HENDRIX,0,1,1
HENECAN,0,1,1
HENECON,0,1,1
HENEDAD,0,1,1
HENEDILSON,0,1,1
HENENSIS,0,1,1
HENERMINA,0,1,1
HENESTE,0,1,1
HENGRACIA,0,1,1
HENINGTON,0,1,1
HENJAMIN,0,1,1
HENMAS,0,1,1
HENNESSY,0,1,1
HENNEY,0,1,1
HENOBER,0,1,1
HENOCK,0,1,1
HENOH,0,1,1
HENOK,0,1,1
HENOMI,0,1,1
HENRIETT,0,1,1
HENRIQUE SANTOS,0,1,1
HENRY CESAR,0,1,1
HENRY FORD,0,1,1
HENRY GEREMIAS,0,1,1
HENRYN,0,1,1
HENYS,0,1,1
HEOBANIA,0,1,1
HEOMAR,0,1,1
HEPOLITA,0,1,1
HERAIN,0,1,1
HERAKLEO,0,1,1
HERALDINE,0,1,1
HERANDY,0,1,1
HERARDINA,0,1,1
HERASDO,0,1,1
HERASMIN,0,1,1
HERAYDA,0,1,1
HERBEN,0,1,1
HERBITAS,0,1,1
HERBORT,0,1,1
HERBRT,0,1,1
HERCICOLO,0,1,1
HERCULINA,0,1,1
HEREDITH,0,1,1
HEREDY,0,1,1
HEREEN,0,1,1
HERELIDH,0,1,1
HEREMIAS,0,1,1
HEREMILDO,0,1,1
HERENIAA,0,1,1
HERENIO,0,1,1
HERESIN,0,1,1
HERIBAN,0,1,1
HERIBERETO,0,1,1
HERIBERT,0,1,1
HERIBERTO RAMON,0,1,1
HERIBERTO+,0,1,1
HERIES,0,1,1
HERIHID,0,1,1
HERIMDINA,0,1,1
HERISBELA,0,1,1
HERISBERTO,0,1,1
HERISOLDO,0,1,1
HERISTER,0,1,1
HERIVAN,0,1,1
HERLANTINA,0,1,1
HERLEVI,0,1,1
HERLITO,0,1,1
HERMANI,0,1,1
HERMANN ANTONIO,0,1,1
HERMANO,0,1,1
HERMANTINA,0,1,1
HERMANX,0,1,1
HERMEDITH,0,1,1
HERMELIDA,0,1,1
HERMENELINDO,0,1,1
HERMENS,0,1,1
HERMERINDA,0,1,1
HERMICEL,0,1,1
HERMICELA,0,1,1
HERMICILA,0,1,1
HERMIDANDO,0,1,1
HERMILIANO,0,1,1
HERMINDA ANTONI,0,1,1
HERMINGOLO,0,1,1
HERMINIA C,0,1,1
HERMINO,0,1,1
HERMIRA,0,1,1
HERMIRINA,0,1,1
HERMIRIO,0,1,1
HERMISILDA,0,1,1
HERMITAËA,0,1,1
HERMITANA,0,1,1
HERMITAS,0,1,1
HERMITO,0,1,1
HERMONIO,0,1,1
HERMUILDA,0,1,1
HERNAIES,0,1,1
HERNAN BARTOLO,0,1,1
HERNAN MARTIN,0,1,1
HERNANDA,0,1,1
HERNANN,0,1,1
HERNARI,0,1,1
HERNAUL,0,1,1
HERNE,0,1,1
HERNEDINA,0,1,1
HERNEREGILDO,0,1,1
HERNESTA,0,1,1
HERNILIA,0,1,1
HERNILO,0,1,1
HERNNADEZ,0,1,1
HERNOIDES,0,1,1
HERNONDINA,0,1,1
HERNRIQUE,0,1,1
HERNULFA,0,1,1
HEROBERTHA,0,1,1
HERODICTO,0,1,1
HERODIN,0,1,1
HERODYS,0,1,1
HEROISA,0,1,1
HERONIS,0,1,1
HERONNY,0,1,1
HERRADO,0,1,1
HERREDIA,0,1,1
HERRERA,0,1,1
HERSELIS,0,1,1
HERSELL,0,1,1
HERSH,0,1,1
HERSIDES,0,1,1
HERSINDA,0,1,1
HERTAN,0,1,1
HERUBEY,0,1,1
HERVACIO,0,1,1
HERVET,0,1,1
HERVINDA,0,1,1
HERWYNS,0,1,1
HERZAM,0,1,1
HES,0,1,1
HESBRAHAN,0,1,1
HESLENA,0,1,1
HESMERITA,0,1,1
HESMOUR,0,1,1
HESRRI,0,1,1
HESSIL,0,1,1
HESSLER,0,1,1
HESSY BELL,0,1,1
HESTAN,0,1,1
HESTERIO,0,1,1
HESTID,0,1,1
HETERINA,0,1,1
HETI,0,1,1
HETRUD,0,1,1
HETZABELL,0,1,1
HEUNISE,0,1,1
HEUSTAQUIA,0,1,1
HEVE,0,1,1
HEVELINDA,0,1,1
HEVELIO,0,1,1
HEVENECER,0,1,1
HEVENOR,0,1,1
HEVET,0,1,1
HEVI,0,1,1
HEVIDENCIO,0,1,1
HEVLIN,0,1,1
HEW,0,1,1
HEWEL,0,1,1
HEWITH,0,1,1
HEWMER,0,1,1
HEXIVANIA,0,1,1
HEYDDYN,0,1,1
HEYDY GERALDINA,0,1,1
HEYERI,0,1,1
HEYLDA,0,1,1
HEYSY,0,1,1
HEYWILEM,0,1,1
HEYWLEM,0,1,1
HEZIR,0,1,1
HIAHAN,0,1,1
HIANET,0,1,1
HIBANNY,0,1,1
HIBED,0,1,1
HIBEET,0,1,1
HIBEN,0,1,1
HIBENI,0,1,1
HIBINIA,0,1,1
HIBLEY,0,1,1
HIBODNIG,0,1,1
HIBON,0,1,1
HIBRHAN,0,1,1
HIBRIDGE,0,1,1
HICENIA,0,1,1
HICILIA,0,1,1
HICILIO,0,1,1
HIDALI,0,1,1
HIDALID,0,1,1
HIDALINA,0,1,1
HIDALTY,0,1,1
HIDALYA,0,1,1
HIDARY,0,1,1
HIDAY,0,1,1
HIDDALI,0,1,1
HIDDAY,0,1,1
HIDEE,0,1,1
HIDEL,0,1,1
HIDELL,0,1,1
HIDELMER,0,1,1
HIDELVERTO,0,1,1
HIDELVINO,0,1,1
HIDETH,0,1,1
HIDILVERTO,0,1,1
HIDLUMIMDA,0,1,1
HIDOME,0,1,1
HIDRIZ,0,1,1
HIDUBI,0,1,1
HIENRICH,0,1,1
HIERALDO,0,1,1
HIESSAMARY,0,1,1
HIEYDI,0,1,1
HIFROCINIA,0,1,1
HIGIDA,0,1,1
HIGIDIO,0,1,1
HIGINALDO,0,1,1
HIGMAR,0,1,1
HIGNACIA,0,1,1
HIGUINIA,0,1,1
HILAN,0,1,1
HILARI,0,1,1
HILARIA DE JESU,0,1,1
HILARIA ISABEL,0,1,1
HILARIA PASTORA,0,1,1
HILARIO OLAYO,0,1,1
HILBI,0,1,1
HILCANA,0,1,1
HILCENIA,0,1,1
HILDA B,0,1,1
HILDA ERNESTINA,0,1,1
HILDA ESPERANZA,0,1,1
HILDA FRANCELIA,0,1,1
HILDA GLADIS,0,1,1
HILDA HIDE,0,1,1
HILDA HONORIA,0,1,1
HILDA MARIBEL,0,1,1
HILDA NORMA,0,1,1
HILDA RUBENIA,0,1,1
HILDA SUYAPA,0,1,1
HILDA TERESA,0,1,1
HILDA VENTURA,0,1,1
HILDALBERTO,0,1,1
HILDANI,0,1,1
HILDEBRANDE,0,1,1
HILDEGARTH,0,1,1
HILDEJARDO,0,1,1
HILDELBRANDO,0,1,1
HILDELGARTH,0,1,1
HILDENY,0,1,1
HILDEREN,0,1,1
HILDEYARDO,0,1,1
HILDILBRANDO,0,1,1
HILDINA,0,1,1
HILDITH,0,1,1
HILDOBERTO,0,1,1
HILDONEL,0,1,1
HILDOR,0,1,1
HILDUBINA,0,1,1
HILEALDO,0,1,1
HILEM,0,1,1
HILENA,0,1,1
HILERMAN,0,1,1
HILEYDIA,0,1,1
HILIBALDO,0,1,1
HILICH,0,1,1
HILIVERTO,0,1,1
HILLARD,0,1,1
HILLRAY,0,1,1
HILMA ANTONIA,0,1,1
HILMANDINA,0,1,1
HILOBANDO,0,1,1
HILSENIA,0,1,1
HILVERIO,0,1,1
HILY,0,1,1
HIMENIA,0,1,1
HIMERIA,0,1,1
HINDA,0,1,1
HINDALECIA,0,1,1
HINDALY,0,1,1
HINDERSO,0,1,1
HINEDINA,0,1,1
HINEZ,0,1,1
HING,0,1,1
HIOLANDA,0,1,1
HIOMARA,0,1,1
HIOMEDES,0,1,1
HIONYRA,0,1,1
HIOSETH,0,1,1
HIOVANI,0,1,1
HIPATYA,0,1,1
HIRACELMA,0,1,1
HIRAD,0,1,1
HIRAEL,0,1,1
HIRAENA,0,1,1
HIRAHENA,0,1,1
HIRAK,0,1,1
HIREMA,0,1,1
HIRENA,0,1,1
HIRIACO,0,1,1
HIRINEO,0,1,1
HIRIZ,0,1,1
HIRMES,0,1,1
HIRODITA,0,1,1
HIRVENIA,0,1,1
HIRZAN,0,1,1
HISABEL,0,1,1
HISAIN,0,1,1
HISAMARY,0,1,1
HISAY,0,1,1
HISBEL,0,1,1
HISEL,0,1,1
HISELL,0,1,1
HISIBY,0,1,1
HISILDA,0,1,1
HISIQUIA,0,1,1
HISLAAD,0,1,1
HISMAEL,0,1,1
HISMAIRA,0,1,1
HISMAREX,0,1,1
HISMARI,0,1,1
HISMARIS,0,1,1
HISNELDA,0,1,1
HISPANY,0,1,1
HISPELO,0,1,1
HISRAEL,0,1,1
HISSEL,0,1,1
HISSELH,0,1,1
HISSEN,0,1,1
HITALINO,0,1,1
HITARINA,0,1,1
HITIEL,0,1,1
HITLLER,0,1,1
HITOBERTO,0,1,1
HITY,0,1,1
HIU,0,1,1
HIVANA,0,1,1
HIVAR,0,1,1
HIVEL,0,1,1
HIVON,0,1,1
HIYAMILETH,0,1,1
HIZAIHAS,0,1,1
HJASIR,0,1,1
HOALO,0,1,1
HOAN,0,1,1
HOAS,0,1,1
HOBALLEIRO,0,1,1
HOBAN,0,1,1
HOBANDO,0,1,1
HOBANI,0,1,1
HOBBEIN,0,1,1
HOBBETT,0,1,1
HOBDULIO,0,1,1
HOBE,0,1,1
HOBENCIO,0,1,1
HOBERSSON,0,1,1
HOBERTON,0,1,1
HOBIS,0,1,1
HOBITA,0,1,1
HOBORT,0,1,1
HOBRISTELA,0,1,1
HOCCIRE,0,1,1
HOCDONILA,0,1,1
HOCKSEMAN,0,1,1
HODALICIA,0,1,1
HODAYR,0,1,1
HODELI,0,1,1
HODELYN,0,1,1
HODESA,0,1,1
HODGER,0,1,1
HODIE,0,1,1
HODILBER,0,1,1
HODIN,0,1,1
HODIR,0,1,1
HOENAI,0,1,1
HOFFMARK,0,1,1
HOGG,0,1,1
HOGO,0,1,1
HOGUAR,0,1,1
HOGUES,0,1,1
HOHANA,0,1,1
HOJANY,0,1,1
HOKELI,0,1,1
HOLANCO,0,1,1
HOLAYA,0,1,1
HOLAYO,0,1,1
HOLBURN,0,1,1
HOLDSTEN,0,1,1
HOLEDIS,0,1,1
HOLEMAN,0,1,1
HOLGA HONDINA,0,1,1
HOLGAR,0,1,1
HOLIBAN,0,1,1
HOLIBEROS,0,1,1
HOLIVAR,0,1,1
HOLLIWOD,0,1,1
HOLLWEG,0,1,1
HOLNELSIS,0,1,1
HOLNESS,0,1,1
HOLOFERMES,0,1,1
HOLVER,0,1,1
HOLYBETH,0,1,1
HOMAM,0,1,1
HOMART,0,1,1
HOMBERTA,0,1,1
HOMED,0,1,1
HOMELI,0,1,1
HOMILIA,0,1,1
HOMMBLE,0,1,1
HOMMER,0,1,1
HOMNIDA,0,1,1
HOMNIDAS,0,1,1
HOMOBONA,0,1,1
HONADATH,0,1,1
HONAIDA,0,1,1
HONAIRAM,0,1,1
HONALDO,0,1,1
HONAM,0,1,1
HONARICT,0,1,1
HONATT,0,1,1
HONEIL,0,1,1
HONELIO,0,1,1
HONER,0,1,1
HONETT,0,1,1
HONEXIT,0,1,1
HONICIK,0,1,1
HONIT,0,1,1
HONLER,0,1,1
HONNATHAN,0,1,1
HONNEMY,0,1,1
HONORES,0,1,1
HONORIAN,0,1,1
HONORIE,0,1,1
HOOLDERLING,0,1,1
HOOVED,0,1,1
HOPKINS,0,1,1
HOPSY,0,1,1
HOQUELY,0,1,1
HORACELI,0,1,1
HORACIO MARCELO,0,1,1
HORALIN,0,1,1
HORANGEL,0,1,1
HORAUL,0,1,1
HORBELICIA,0,1,1
HORBORT,0,1,1
HORDALY,0,1,1
HORDAN,0,1,1
HORDIN,0,1,1
HORDOSIA,0,1,1
HOREBEB,0,1,1
HOREN,0,1,1
HORESTILIA,0,1,1
HORETH,0,1,1
HORFANIA,0,1,1
HORFELINA,0,1,1
HORGELIA,0,1,1
HORI,0,1,1
HORICELA,0,1,1
HORIDINA,0,1,1
HORIEL,0,1,1
HORIMAC,0,1,1
HORKEN,0,1,1
HORLENDA,0,1,1
HORLI,0,1,1
HORLINTON,0,1,1
HORMEL,0,1,1
HORMIDAS,0,1,1
HORMIDES,0,1,1
HORTELIO,0,1,1
HORTENICA,0,1,1
HORTILIO,0,1,1
HORTIS,0,1,1
HORUS SAMAEL,0,1,1
HORVELI,0,1,1
HORVICELA,0,1,1
HORVIE,0,1,1
HOSANIN,0,1,1
HOSANNA,0,1,1
HOSANNY,0,1,1
HOSANY,0,1,1
HOSAYA,0,1,1
HOSBERTO,0,1,1
HOSEEP,0,1,1
HOSEPTH,0,1,1
HOSMANY,0,1,1
HOSMEDIN,0,1,1
HOSMELDA,0,1,1
HOSMY,0,1,1
HOSNERY,0,1,1
HOSSEIN,0,1,1
HOSSEN,0,1,1
HOSSENIA,0,1,1
HOSTEANO,0,1,1
HOSWALDO,0,1,1
HOTAN,0,1,1
HOTOMAN,0,1,1
HOTOMI,0,1,1
HOTONHAN,0,1,1
HOTSELI,0,1,1
HOUWER,0,1,1
HOVAIRO,0,1,1
HOVANNY,0,1,1
HOVEDY,0,1,1
HOVEN,0,1,1
HOVERD,0,1,1
HOVERDAN,0,1,1
HOWEL,0,1,1
HOXIAS,0,1,1
HOXIRES,0,1,1
HOYDA,0,1,1
HOZMA,0,1,1
HOZUEL,0,1,1
HRNARDO,0,1,1
HSARMABET,0,1,1
HSHLEY,0,1,1
HSIUNG,0,1,1
HSUEH,0,1,1
HUBAL,0,1,1
HUBE,0,1,1
HUBELIO,0,1,1
HUBENSI,0,1,1
HUBENSY,0,1,1
HUBERTINA,0,1,1
HUBERTS,0,1,1
HUBETH,0,1,1
HUBIX,0,1,1
HUBMERTO,0,1,1
HUCEBIA,0,1,1
HUDALIO,0,1,1
HUDBERTO,0,1,1
HUDELFA,0,1,1
HUDY,0,1,1
HUEY,0,1,1
HUFFAR,0,1,1
HUGA,0,1,1
HUGEET,0,1,1
HUGENIA,0,1,1
HUGETH,0,1,1
HUGGETH,0,1,1
HUGO AARON,0,1,1
HUGO EVERALDO,0,1,1
HUGO IVAN,0,1,1
HUGO LEONEL,0,1,1
HUGO MANUEL,0,1,1
HUGO OSWALDO,0,1,1
HUGO PEDRO,0,1,1
HUGO VILSON,0,1,1
HUGO VITELIO,0,1,1
HUGONALDO,0,1,1
HUGONDINA,0,1,1
HUGUET,0,1,1
HUGUEY,0,1,1
HUHNER,0,1,1
HUI HUA,0,1,1
HUI YA,0,1,1
HUIL FREDO,0,1,1
HUILBERTO,0,1,1
HUILFIDO,0,1,1
HUILME,0,1,1
HUIT,0,1,1
HULDEN,0,1,1
HULGASON,0,1,1
HULICE,0,1,1
HULISA,0,1,1
HULISER,0,1,1
HULL TANFIC,0,1,1
HULROY,0,1,1
HULTON,0,1,1
HUMAR,0,1,1
HUMBALDO,0,1,1
HUMBER,0,1,1
HUMBERLINDA,0,1,1
HUMBERTHS,0,1,1
HUMBERTIS,0,1,1
HUMBERTO DE JES,0,1,1
HUMBERTO GERARD,0,1,1
HUMBERTO III,0,1,1
HUMBERTO RAMON,0,1,1
HUMBERTO RENE,0,1,1
HUMBRETO,0,1,1
HUMEDES,0,1,1
HUMERCINO,0,1,1
HUMERSINDA,0,1,1
HUMHPERTY,0,1,1
HUMNERTO,0,1,1
HUNBENSE,0,1,1
HUNFREDO,0,1,1
HUNVELINA,0,1,1
HURAI,0,1,1
HURALIA,0,1,1
HURBANI,0,1,1
HURBCURTH,0,1,1
HURBERTO,0,1,1
HURDY,0,1,1
HURIA,0,1,1
HURITH,0,1,1
HURSEL,0,1,1
HUSAYN,0,1,1
HUSBERTO,0,1,1
HUSH,0,1,1
HUSMAN,0,1,1
HUSMARE,0,1,1
HUSSEF,0,1,1
HUSTES,0,1,1
HUSTINA,0,1,1
HUTTON,0,1,1
HUVAN,0,1,1
HUVENIER,0,1,1
HUVORT,0,1,1
HWAN,0,1,1
HY,0,1,1
HYACINTH,0,1,1
HYADIRA,0,1,1
HYALMAR,0,1,1
HYASENT,0,1,1
HYBRINET,0,1,1
HYDRICK,0,1,1
HYESENIA,0,1,1
HYLLET,0,1,1
HYLLIAN,0,1,1
HYLTON,0,1,1
HYON,0,1,1
HYREZI,0,1,1
HYSELA,0,1,1
HYUN,0,1,1
I  MAXIMILIEN,0,1,1
IABEL,0,1,1
IADIRA,0,1,1
IALEAN,0,1,1
IANINA,0,1,1
IANN,0,1,1
IANTE,0,1,1
IARELY,0,1,1
IAROSLAU,0,1,1
IASIAS,0,1,1
IAZID,0,1,1
IBAD,0,1,1
IBAHAM,0,1,1
IBAHEL,0,1,1
IBAM,0,1,1
IBANDO,0,1,1
IBANO,0,1,1
IBANOBA,0,1,1
IBANS,0,1,1
IBANYA,0,1,1
IBAR,0,1,1
IBDALIA,0,1,1
IBDO,0,1,1
IBECK,0,1,1
IBED,0,1,1
IBEETH,0,1,1
IBEIRY,0,1,1
IBEK,0,1,1
IBELES,0,1,1
IBELLE,0,1,1
IBELLINE,0,1,1
IBELLIZY,0,1,1
IBELSI,0,1,1
IBELY,0,1,1
IBENCE,0,1,1
IBENCI,0,1,1
IBENY,0,1,1
IBERTH,0,1,1
IBERTON,0,1,1
IBERZA,0,1,1
IBETHE,0,1,1
IBETN,0,1,1
IBEYDA,0,1,1
IBILENA,0,1,1
IBITELH,0,1,1
IBOLUIS,0,1,1
IBONE,0,1,1
IBONTH,0,1,1
IBONY,0,1,1
IBRAGIN,0,1,1
IBRANETH,0,1,1
IBRANETT,0,1,1
IBRANY,0,1,1
IBREHETH,0,1,1
IBRONIA,0,1,1
IBUCANE,0,1,1
IBUKANE,0,1,1
IBURGAS,0,1,1
ICAIN,0,1,1
ICARDO,0,1,1
ICDALY,0,1,1
ICDENIA,0,1,1
ICDOMILIA,0,1,1
ICEL,0,1,1
ICEMA,0,1,1
ICENCIA,0,1,1
ICENIA AURORA,0,1,1
ICENIE,0,1,1
ICHMUCANE,0,1,1
ICIANO,0,1,1
ICIDORA,0,1,1
ICLON,0,1,1
ICSABEL,0,1,1
ICSAIAS,0,1,1
ICTA,0,1,1
ICXA,0,1,1
ICXAI,0,1,1
ICXEL,0,1,1
ICZEL,0,1,1
IDAAY,0,1,1
IDABEL,0,1,1
IDABILA,0,1,1
IDAC,0,1,1
IDAE,0,1,1
IDAHIL,0,1,1
IDAIA,0,1,1
IDAIMI,0,1,1
IDAIN,0,1,1
IDALBINA,0,1,1
IDALBIS,0,1,1
IDALCER,0,1,1
IDALDINA,0,1,1
IDALECIO,0,1,1
IDALENI,0,1,1
IDALFA,0,1,1
IDALFIDO,0,1,1
IDALGICA,0,1,1
IDALIA ELIZABET,0,1,1
IDALIA NOHEMI,0,1,1
IDALIA SUYAPA,0,1,1
IDALIAA,0,1,1
IDALIAS,0,1,1
IDALIDIA,0,1,1
IDALILA,0,1,1
IDALLY,0,1,1
IDALMINA,0,1,1
IDALUE,0,1,1
IDALUS,0,1,1
IDALUY,0,1,1
IDALUZ,0,1,1
IDANA SULAYA,0,1,1
IDANIE,0,1,1
IDANY,0,1,1
IDAR,0,1,1
IDARDO,0,1,1
IDATH,0,1,1
IDAURO,0,1,1
IDBEA,0,1,1
IDDAHY,0,1,1
IDDE,0,1,1
IDDER,0,1,1
IDE,0,1,1
IDEA,0,1,1
IDEANA,0,1,1
IDEDIA,0,1,1
IDEE,0,1,1
IDEFONSA,0,1,1
IDEICI,0,1,1
IDELFI,0,1,1
IDELFIDA,0,1,1
IDELGAR,0,1,1
IDELGARDO,0,1,1
IDELIDA,0,1,1
IDELIPSIA,0,1,1
IDELISA,0,1,1
IDELMAR,0,1,1
IDELME,0,1,1
IDELVAIS,0,1,1
IDELVIS,0,1,1
IDELZI,0,1,1
IDELZY,0,1,1
IDEMA,0,1,1
IDENE,0,1,1
IDENY,0,1,1
IDEQUEL,0,1,1
IDERALINA,0,1,1
IDERY,0,1,1
IDETTE,0,1,1
IDEXIS,0,1,1
IDEYSIS,0,1,1
IDEZ,0,1,1
IDGIDIO,0,1,1
IDHELIN,0,1,1
IDI ESPERANZA,0,1,1
IDIANCA,0,1,1
IDIANO,0,1,1
IDIBALDO,0,1,1
IDIBETH,0,1,1
IDIER,0,1,1
IDIGORO,0,1,1
IDILARIO,0,1,1
IDILI,0,1,1
IDILIA SAGRADO,0,1,1
IDILIANA,0,1,1
IDILTRUDEZ,0,1,1
IDINAEL,0,1,1
IDIRSEU,0,1,1
IDLIA,0,1,1
IDMELDA,0,1,1
IDOBELIA,0,1,1
IDOMEDES,0,1,1
IDONE,0,1,1
IDORITO,0,1,1
IDOVEL,0,1,1
IDRAHIN,0,1,1
IDRAIN,0,1,1
IDRODIS,0,1,1
IDROLDO,0,1,1
IDUALDO,0,1,1
IDUBIN,0,1,1
IDUFAN,0,1,1
IDULFINA,0,1,1
IDULFO,0,1,1
IDUMIMA,0,1,1
IDUNDICIA,0,1,1
IDUVAN,0,1,1
IDUVIGEZ,0,1,1
IDUVINE,0,1,1
IDVANY,0,1,1
IDVEN,0,1,1
IDYLI,0,1,1
IELANET,0,1,1
IELENA,0,1,1
IENG,0,1,1
IER,0,1,1
IEZENIA,0,1,1
IFALIO,0,1,1
IFANIA,0,1,1
IFAT,0,1,1
IFELITH,0,1,1
IFIDENCIA,0,1,1
IFLUCINDA,0,1,1
IFRAILDA,0,1,1
IFRAXINA,0,1,1
IGDALID,0,1,1
IGDE,0,1,1
IGDIANIS,0,1,1
IGDOMAR,0,1,1
IGDONIO,0,1,1
IGIN,0,1,1
IGMARA,0,1,1
IGMENA,0,1,1
IGMERINA,0,1,1
IGNACIA ADRIANA,0,1,1
IGNACIO ANTONIO,0,1,1
IGNACIO DE LOYO,0,1,1
IGNACIO NARCISO,0,1,1
IGNACIO ROGELIO,0,1,1
IGNANCIO,0,1,1
IGNATIUS,0,1,1
IGNIA,0,1,1
IGNORIA,0,1,1
IGNOVAL,0,1,1
IGOR JAVIER,0,1,1
IGRACEL,0,1,1
IGRAN,0,1,1
IGRAYNE,0,1,1
IGREN,0,1,1
IGSABEL,0,1,1
IGSAE,0,1,1
IGTALIA,0,1,1
IGUEY,0,1,1
IHAZEEL,0,1,1
IHOLINA,0,1,1
IHTAMAR,0,1,1
IIDALIA,0,1,1
III ALEXANDER,0,1,1
IIZZALLEDD,0,1,1
IKCHEL,0,1,1
IKEBANA,0,1,1
IKSEL,0,1,1
IKVAR,0,1,1
ILADENY,0,1,1
ILADIA,0,1,1
ILALINA,0,1,1
ILAM,0,1,1
ILANE,0,1,1
ILANET,0,1,1
ILANOV,0,1,1
ILASKI,0,1,1
ILAYALY,0,1,1
ILAZABET,0,1,1
ILAZARO,0,1,1
ILBAIN,0,1,1
ILBERTA,0,1,1
ILBIO,0,1,1
ILCENIA,0,1,1
ILDA DOLORES,0,1,1
ILDA JESUS,0,1,1
ILDA LINA,0,1,1
ILDAIN,0,1,1
ILDALIA,0,1,1
ILDAMAR,0,1,1
ILDAMY,0,1,1
ILDELINA,0,1,1
ILDEMIDA,0,1,1
ILDENFONZA,0,1,1
ILDEVERTO,0,1,1
ILDIA,0,1,1
ILDIBET,0,1,1
ILDIBRAN,0,1,1
ILDICENSO,0,1,1
ILDILICIA,0,1,1
ILDOLIRIO,0,1,1
ILDUBINIA,0,1,1
ILDUBINO,0,1,1
ILDUVILMA,0,1,1
ILDUVINDA,0,1,1
ILE,0,1,1
ILEANE,0,1,1
ILEARQUIN,0,1,1
ILEEN,0,1,1
ILENEA,0,1,1
ILENI,0,1,1
ILENNE,0,1,1
ILES,0,1,1
ILESENIA,0,1,1
ILETH,0,1,1
ILEXER,0,1,1
ILEXIS,0,1,1
ILEYNA,0,1,1
ILIANOVA,0,1,1
ILIARIA,0,1,1
ILIASET,0,1,1
ILICETH,0,1,1
ILICH HULIANOW,0,1,1
ILICH VIRGILIO,0,1,1
ILICIA,0,1,1
ILIEL,0,1,1
ILIFONZA,0,1,1
ILIGINIO,0,1,1
ILILIANA,0,1,1
ILINKA,0,1,1
ILIOBAN,0,1,1
ILIODORO,0,1,1
ILIOM,0,1,1
ILISABET,0,1,1
ILISANDER,0,1,1
ILIZ,0,1,1
ILIZABET,0,1,1
ILLARY,0,1,1
ILLDELLARDO,0,1,1
ILLIANOV,0,1,1
ILLINOIS,0,1,1
ILLISH,0,1,1
ILMA ESPERANZA,0,1,1
ILMANDA,0,1,1
ILMANDINA,0,1,1
ILMENIA,0,1,1
ILNAVIC,0,1,1
ILOEN,0,1,1
ILOHIN,0,1,1
ILOIBRANDO,0,1,1
ILORIS,0,1,1
ILOVAN,0,1,1
ILOVANIA,0,1,1
ILOVANY,0,1,1
ILSA MARILU,0,1,1
ILSIDA,0,1,1
ILSINORA,0,1,1
ILSOMINA,0,1,1
ILUBINDA,0,1,1
ILUSINA,0,1,1
ILYICH,0,1,1
ILYZET,0,1,1
IMACULADA,0,1,1
IMADH,0,1,1
IMAGEN,0,1,1
IMAIN,0,1,1
IMALDA,0,1,1
IMALETH,0,1,1
IMALIA,0,1,1
IMARIA,0,1,1
IMARIS,0,1,1
IMARLEN,0,1,1
IMDELY,0,1,1
IMED,0,1,1
IMEDEL,0,1,1
IMELBA,0,1,1
IMELIA,0,1,1
IMELVA,0,1,1
IMHOTEP,0,1,1
IMILDINA,0,1,1
IMILSY,0,1,1
IMISABEL,0,1,1
IMMANUEL,0,1,1
IMNACIA,0,1,1
IMPRECION,0,1,1
INËANE,0,1,1
INABET,0,1,1
INAHI,0,1,1
INAHID,0,1,1
INALEN,0,1,1
INANIA,0,1,1
INANIAS,0,1,1
INARA,0,1,1
INARIA,0,1,1
INARINA,0,1,1
INATALIS,0,1,1
INAVIL,0,1,1
INBEL,0,1,1
INCENCIO,0,1,1
INDABERTO,0,1,1
INDALACIO,0,1,1
INDALES,0,1,1
INDALEX,0,1,1
INDANIA,0,1,1
INDELGAR,0,1,1
INDERLANDO,0,1,1
INDINOVE,0,1,1
INDOLFIN,0,1,1
INDOLIDIO,0,1,1
INDOLIRIO,0,1,1
INDONIO,0,1,1
INDRANI,0,1,1
INDUSTRIO,0,1,1
INECILIO,0,1,1
INELA,0,1,1
INELDY,0,1,1
INELIN,0,1,1
INELINO,0,1,1
INELIS,0,1,1
INELSI,0,1,1
INENE,0,1,1
INES ADALINDA,0,1,1
INES ANGELINA,0,1,1
INES ANIBAL,0,1,1
INES ANTONIA,0,1,1
INES CELIA,0,1,1
INES CONCEPCION,0,1,1
INES DE LA CRUZ,0,1,1
INES ELEAZAR,0,1,1
INES HERNAN,0,1,1
INES MARCIAL,0,1,1
INES MARIANO,0,1,1
INES VERONICA,0,1,1
INES VICENTE,0,1,1
INESCILIA,0,1,1
INET,0,1,1
INETEC,0,1,1
INEVA,0,1,1
INEXOR,0,1,1
INEZABETH,0,1,1
INGANACIO,0,1,1
INGDALECIO,0,1,1
INGENIO,0,1,1
INGERMAN,0,1,1
INGINA,0,1,1
INGLATERRA,0,1,1
INGNASIO,0,1,1
INGRICIA,0,1,1
INGRID DAPHNE,0,1,1
INGRID GRISELA,0,1,1
INGRINORI,0,1,1
INGRIS BRISELDA,0,1,1
INGUINIA,0,1,1
INHA,0,1,1
INICACIA,0,1,1
INIFRAN,0,1,1
INILIA,0,1,1
ININA,0,1,1
INKAYBI,0,1,1
INMAEL,0,1,1
INMARIA,0,1,1
INMENSIDAD,0,1,1
INMERIS,0,1,1
INNOEL,0,1,1
INNORA,0,1,1
INNOSES,0,1,1
INOCELINA,0,1,1
INOCENCION,0,1,1
INOCK,0,1,1
INODILIA,0,1,1
INOHEMIA,0,1,1
INOREMO,0,1,1
INORIA,0,1,1
INORY,0,1,1
INOSECIA,0,1,1
INOSENTES,0,1,1
INOSIENCIO,0,1,1
INOYDA,0,1,1
INRIQUETA,0,1,1
INSDULFO,0,1,1
INSMELIDA,0,1,1
INSNELDA,0,1,1
INSSABEL,0,1,1
INTERCLUS,0,1,1
INUMINADA,0,1,1
INVENSA,0,1,1
INVERNA,0,1,1
INVERTO,0,1,1
INY,0,1,1
IOBEY,0,1,1
IODANY,0,1,1
IODINE,0,1,1
IOE,0,1,1
IOIS,0,1,1
IOKASSTA,0,1,1
IOLADI,0,1,1
IOLIBETH,0,1,1
IOLYN,0,1,1
IONIEL,0,1,1
IORLENY,0,1,1
IOSETH,0,1,1
IOSIF,0,1,1
IOSIFOVICH,0,1,1
IOSSELA,0,1,1
IOTHA,0,1,1
IOU,0,1,1
IOVE,0,1,1
IPACARAI,0,1,1
IPARCO,0,1,1
IPATIA,0,1,1
IPECILIA,0,1,1
IPOTAMIA,0,1,1
IPRADI,0,1,1
IPSOLINA,0,1,1
IRABEL,0,1,1
IRABELA,0,1,1
IRACENA,0,1,1
IRACENY,0,1,1
IRACINIA,0,1,1
IRACK,0,1,1
IRADE,0,1,1
IRADELA,0,1,1
IRADENE,0,1,1
IRADETH,0,1,1
IRAEMA,0,1,1
IRAHAM,0,1,1
IRAHAN,0,1,1
IRAHEL,0,1,1
IRAIN,0,1,1
IRAKLIC,0,1,1
IRAKLY,0,1,1
IRALIO,0,1,1
IRALY,0,1,1
IRAMO,0,1,1
IRAQUEL,0,1,1
IRASELDA,0,1,1
IRASELDY,0,1,1
IRASELIS,0,1,1
IRASEMI,0,1,1
IRASENA,0,1,1
IRASSEMA,0,1,1
IRASY,0,1,1
IRAVIELA,0,1,1
IRAZENA,0,1,1
IRAZU,0,1,1
IRAZUE,0,1,1
IRBA,0,1,1
IRBENA,0,1,1
IRBENIA,0,1,1
IRBET,0,1,1
IRCER,0,1,1
IRCIDIS,0,1,1
IREA,0,1,1
IRECIO,0,1,1
IREDINA,0,1,1
IREENE,0,1,1
IREES,0,1,1
IREINA,0,1,1
IRENALDO,0,1,1
IRENE BENIGNO,0,1,1
IRENE CRUZ,0,1,1
IRENE EVELINA,0,1,1
IRENE HIMELDY,0,1,1
IRENE IZAZI,0,1,1
IRENE MEZA,0,1,1
IRENE RIVERA,0,1,1
IRENE VICENTA,0,1,1
IRENEON,0,1,1
IRENIAS,0,1,1
IRENITA,0,1,1
IRENNE,0,1,1
IRENYS,0,1,1
IRESI,0,1,1
IRETZI,0,1,1
IRIBAR,0,1,1
IRICELA,0,1,1
IRIDEA,0,1,1
IRIEL,0,1,1
IRILICIA,0,1,1
IRILU,0,1,1
IRIMAR,0,1,1
IRINILO,0,1,1
IRINOSCA,0,1,1
IRINOZCA,0,1,1
IRIONEL,0,1,1
IRIS ARGENTINA,0,1,1
IRIS CARMINDA,0,1,1
IRIS DEL CARMEN,0,1,1
IRIS ELSENORA,0,1,1
IRIS ESMERALDA,0,1,1
IRIS ESTRELLA,0,1,1
IRIS ISABEL,0,1,1
IRIS JEANNETT,0,1,1
IRIS MARGARITA,0,1,1
IRIS MARLENI,0,1,1
IRIS ONDINA,0,1,1
IRIS YAMILET,0,1,1
IRIS YANET,0,1,1
IRISHA,0,1,1
IRISSABEL,0,1,1
IRISTEL,0,1,1
IRISTINA,0,1,1
IRLADY,0,1,1
IRLAINES,0,1,1
IRLATAN,0,1,1
IRLIANA,0,1,1
IRMA AMELIA,0,1,1
IRMA ANTONIETA,0,1,1
IRMA ASENCION,0,1,1
IRMA DE JESUS,0,1,1
IRMA DINA,0,1,1
IRMA GLORIA,0,1,1
IRMA LORENZA,0,1,1
IRMA MARITZA,0,1,1
IRMA MERCEDEZ,0,1,1
IRMA NICOLAZA,0,1,1
IRMA OLANDA,0,1,1
IRMA ORBELINA,0,1,1
IRMA PASTORA,0,1,1
IRMA PAZ,0,1,1
IRMA RAMONA,0,1,1
IRMA ROSA,0,1,1
IRMA ROSARIO,0,1,1
IRMA SANTOS,0,1,1
IRMA VICTORINA,0,1,1
IRMAIL,0,1,1
IRMALINA,0,1,1
IRMAR,0,1,1
IRMELINE,0,1,1
IRMELIS,0,1,1
IRMEN,0,1,1
IRMENA,0,1,1
IRMINIO,0,1,1
IRMOILDO,0,1,1
IRNALINA,0,1,1
IROA,0,1,1
IROCEMA,0,1,1
IROCENA,0,1,1
IRODERI,0,1,1
IROLDINA,0,1,1
IROMINA,0,1,1
IRONDINA,0,1,1
IRONEA,0,1,1
IRONEE,0,1,1
IROSCA,0,1,1
IROY,0,1,1
IRRAELA,0,1,1
IRRAID,0,1,1
IRREDI,0,1,1
IRSAEL,0,1,1
IRSELA,0,1,1
IRSENY,0,1,1
IRSILIA,0,1,1
IRSIO,0,1,1
IRSOLINA,0,1,1
IRUMBINA,0,1,1
IRUS,0,1,1
IRUSAMA,0,1,1
IRUTH,0,1,1
IRUVINE,0,1,1
IRVELA,0,1,1
IRVELINA,0,1,1
IRVENE,0,1,1
IRVENIA,0,1,1
IRY,0,1,1
IRYZ,0,1,1
IRZI,0,1,1
ISA SABA,0,1,1
ISAAAC,0,1,1
ISAAC ADALID,0,1,1
ISAAC HECTOR,0,1,1
ISAAC NELZON,0,1,1
ISAAC RAUL,0,1,1
ISAAI,0,1,1
ISAAIAS,0,1,1
ISAAIS,0,1,1
ISAAT,0,1,1
ISAATH,0,1,1
ISAAU,0,1,1
ISAAUD,0,1,1
ISABEBT,0,1,1
ISABED,0,1,1
ISABEG,0,1,1
ISABEHT,0,1,1
ISABEL  REINA,0,1,1
ISABEL ADELISA,0,1,1
ISABEL AIDA,0,1,1
ISABEL ANTONIA,0,1,1
ISABEL ANTONIO,0,1,1
ISABEL ARGELIA,0,1,1
ISABEL CRUZ,0,1,1
ISABEL DEL SOCO,0,1,1
ISABEL EVANGELI,0,1,1
ISABEL LIDIA,0,1,1
ISABEL MARINA,0,1,1
ISABEL OCTAVIO,0,1,1
ISABEL PASTORA,0,1,1
ISABEL PATRICIA,0,1,1
ISABEL PRISCILA,0,1,1
ISABEL REINADA,0,1,1
ISABEL REINO,0,1,1
ISABEL SANTOS,0,1,1
ISABEL SOFIA,0,1,1
ISABEL SUYAPA,0,1,1
ISABEL YOVANNY,0,1,1
ISABELI,0,1,1
ISABERL,0,1,1
ISABETTY,0,1,1
ISABLE,0,1,1
ISABLEL,0,1,1
ISABTH,0,1,1
ISAC HECTOR,0,1,1
ISADEE,0,1,1
ISADELIA,0,1,1
ISADES,0,1,1
ISAEBL,0,1,1
ISAEE,0,1,1
ISAEL ANTONIO,0,1,1
ISAELI,0,1,1
ISAEN,0,1,1
ISAES,0,1,1
ISAGRA,0,1,1
ISAGUL,0,1,1
ISAHAP,0,1,1
ISAHIA,0,1,1
ISAHIRA,0,1,1
ISAHY,0,1,1
ISAIASS,0,1,1
ISAILLAS,0,1,1
ISAINA,0,1,1
ISAIX,0,1,1
ISAIYAS,0,1,1
ISALAN,0,1,1
ISALBA,0,1,1
ISALET,0,1,1
ISALON,0,1,1
ISALUL,0,1,1
ISAMILO,0,1,1
ISAMIRA,0,1,1
ISANDO,0,1,1
ISANEL,0,1,1
ISANET,0,1,1
ISANIN,0,1,1
ISAOS,0,1,1
ISAQUIA,0,1,1
ISARARI,0,1,1
ISARELA,0,1,1
ISARIEL,0,1,1
ISAUL ANTONIO,0,1,1
ISAURA DE JESUS,0,1,1
ISAURA SULEMA,0,1,1
ISAURINA,0,1,1
ISAUT,0,1,1
ISAVETI,0,1,1
ISAYA,0,1,1
ISBAAL,0,1,1
ISBAC,0,1,1
ISBAEL,0,1,1
ISBEA,0,1,1
ISBELA MARIA,0,1,1
ISBELIN,0,1,1
ISCEBEL,0,1,1
ISCEL,0,1,1
ISDELINA,0,1,1
ISE¼A,0,1,1
ISEANARA,0,1,1
ISEEL,0,1,1
ISEELL,0,1,1
ISELA MARIEL,0,1,1
ISELEAN,0,1,1
ISELET,0,1,1
ISELIN,0,1,1
ISELIO,0,1,1
ISELITA,0,1,1
ISELLE,0,1,1
ISENARY,0,1,1
ISENEN,0,1,1
ISEO,0,1,1
ISES,0,1,1
ISETH,0,1,1
ISEYDA,0,1,1
ISIA,0,1,1
ISIAH,0,1,1
ISIATI,0,1,1
ISIDALY,0,1,1
ISIDORO IRENE,0,1,1
ISIDORO RAFAEL,0,1,1
ISIDRA CRISTINA,0,1,1
ISIDRO ANTONIO,0,1,1
ISIDRO ARZOVISP,0,1,1
ISIDRO MARCOS,0,1,1
ISIDROD,0,1,1
ISIODORA,0,1,1
ISIODORO,0,1,1
ISIOMARA,0,1,1
ISIONET,0,1,1
ISIONETH,0,1,1
ISIRE,0,1,1
ISKAVIGA,0,1,1
ISKRA,0,1,1
ISLADO,0,1,1
ISLAM,0,1,1
ISLAURA,0,1,1
ISLDA,0,1,1
ISLENDIA,0,1,1
ISLETTE,0,1,1
ISLIA MARLENY,0,1,1
ISMADI,0,1,1
ISMADY,0,1,1
ISMAE,0,1,1
ISMAEL  H,0,1,1
ISMAEL ANTONIO,0,1,1
ISMAEL DE JESUS,0,1,1
ISMAELDA,0,1,1
ISMAELINA,0,1,1
ISMAHAN,0,1,1
ISMAIL,0,1,1
ISMAILIN,0,1,1
ISMALDA,0,1,1
ISMALE,0,1,1
ISMALIN,0,1,1
ISMANIS,0,1,1
ISMANY,0,1,1
ISMARITH,0,1,1
ISMARYN,0,1,1
ISMELDA DE JESU,0,1,1
ISMELDIA,0,1,1
ISMELI,0,1,1
ISMELTA,0,1,1
ISMELY,0,1,1
ISMENDIA,0,1,1
ISMENE,0,1,1
ISMERARI,0,1,1
ISMERARY,0,1,1
ISMERIA,0,1,1
ISMERIN,0,1,1
ISMETH,0,1,1
ISMIE,0,1,1
ISMINDO,0,1,1
ISMIRNA,0,1,1
ISMOCANEY,0,1,1
ISMUNDA,0,1,1
ISNALLA,0,1,1
ISNAY,0,1,1
ISNEDINA,0,1,1
ISNELA,0,1,1
ISNELDO,0,1,1
ISNOEL,0,1,1
ISNOYA,0,1,1
ISOBEL,0,1,1
ISODORA,0,1,1
ISOFINA,0,1,1
ISOL,0,1,1
ISOLANE,0,1,1
ISOLDI,0,1,1
ISOLID,0,1,1
ISOLINA ISABEL,0,1,1
ISOLMINA,0,1,1
ISOLONDA,0,1,1
ISOVINA,0,1,1
ISPANIA,0,1,1
ISRADEL,0,1,1
ISRAEL BENJAMIN,0,1,1
ISRAEL DE DIOS,0,1,1
ISRAHEL,0,1,1
ISRLENE,0,1,1
ISRRAEL DE JESU,0,1,1
ISRRAELIA,0,1,1
ISRRAN,0,1,1
ISSA ELIAS,0,1,1
ISSA JOSE,0,1,1
ISSAA,0,1,1
ISSABETH,0,1,1
ISSACC,0,1,1
ISSAF GEO,0,1,1
ISSAHI,0,1,1
ISSAIAS,0,1,1
ISSALIA,0,1,1
ISSARAHEL,0,1,1
ISSAURA,0,1,1
ISSELL,0,1,1
ISSET,0,1,1
ISSRAEL,0,1,1
ISTAEL,0,1,1
ISTALEN,0,1,1
ISTALMIR,0,1,1
ISTANLY,0,1,1
ISTELI,0,1,1
ISTMA,0,1,1
ISTNAN,0,1,1
ISUAEL,0,1,1
ISUELA,0,1,1
ISUGEY,0,1,1
ISVEA,0,1,1
ISVELI,0,1,1
ISVET,0,1,1
ISWELDA,0,1,1
ISZELA,0,1,1
ITAEL,0,1,1
ITAHY,0,1,1
ITAIN,0,1,1
ITANISLAO,0,1,1
ITEL,0,1,1
ITILLIA,0,1,1
ITMAN,0,1,1
ITOMAR,0,1,1
ITRAN,0,1,1
ITRUDIZ,0,1,1
ITSBELA,0,1,1
ITSEL,0,1,1
ITSELA,0,1,1
ITSMARY,0,1,1
ITSOLINA,0,1,1
ITSOMARA,0,1,1
ITSVAN,0,1,1
ITSVAN BILEK,0,1,1
ITTAHI,0,1,1
ITTAY,0,1,1
ITTHAY,0,1,1
ITVELA,0,1,1
ITXAMANY,0,1,1
ITZAE,0,1,1
ITZAMA,0,1,1
ITZAMMA,0,1,1
ITZANMA,0,1,1
ITZAYANA,0,1,1
ITZCOATL,0,1,1
ITZEEL,0,1,1
ITZELA,0,1,1
ITZKEL,0,1,1
IUAN,0,1,1
IULINA,0,1,1
IUSAELA,0,1,1
IVA DELL,0,1,1
IVAHAN,0,1,1
IVAIN,0,1,1
IVALERIO,0,1,1
IVAN ALEJANDRO,0,1,1
IVAN MIDDLETON,0,1,1
IVANE,0,1,1
IVANEA,0,1,1
IVANELL,0,1,1
IVANEY,0,1,1
IVANIES,0,1,1
IVANNOVICH,0,1,1
IVANOB,0,1,1
IVANOSNA,0,1,1
IVARISTO,0,1,1
IVEC,0,1,1
IVECTH,0,1,1
IVEHT,0,1,1
IVEHTE,0,1,1
IVELI,0,1,1
IVELIN,0,1,1
IVELIO,0,1,1
IVELISSE,0,1,1
IVELL,0,1,1
IVELLINGTON,0,1,1
IVENA,0,1,1
IVENETT,0,1,1
IVENI,0,1,1
IVENIEL,0,1,1
IVERENICE,0,1,1
IVERS,0,1,1
IVERY,0,1,1
IVETD,0,1,1
IVETH PATRICIA,0,1,1
IVETHY,0,1,1
IVETTI,0,1,1
IVEY,0,1,1
IVEYRI,0,1,1
IVHANIA,0,1,1
IVHANNIA,0,1,1
IVIDIA,0,1,1
IVIENE,0,1,1
IVIET,0,1,1
IVILDA,0,1,1
IVINNE,0,1,1
IVIS ALEXIS,0,1,1
IVISAI,0,1,1
IVIT,0,1,1
IVIXS,0,1,1
IVLISE,0,1,1
IVOME,0,1,1
IVON ESPERANZA,0,1,1
IVONA,0,1,1
IVONE SORAYA,0,1,1
IVONELDE,0,1,1
IVONIS,0,1,1
IVONNE SUYAPA,0,1,1
IVONNEY,0,1,1
IVONNIS,0,1,1
IVONOV,0,1,1
IVOON,0,1,1
IVORNE,0,1,1
IVRENETH,0,1,1
IVRENETT,0,1,1
IVRINETH,0,1,1
IVTA,0,1,1
IVVETH,0,1,1
IVVETTE,0,1,1
IVVONIE,0,1,1
IVY DELL,0,1,1
IWANDY,0,1,1
IX SAUL,0,1,1
IXAA,0,1,1
IXABALENKE,0,1,1
IXAIDES,0,1,1
IXALEN,0,1,1
IXALIA,0,1,1
IXALY,0,1,1
IXANAJI,0,1,1
IXAO,0,1,1
IXARAY,0,1,1
IXARINA,0,1,1
IXBAL,0,1,1
IXBALANQUE,0,1,1
IXBELA,0,1,1
IXCELA,0,1,1
IXCELDA,0,1,1
IXCHIEL,0,1,1
IXELL,0,1,1
IXELY,0,1,1
IXIDIA,0,1,1
IXILIA,0,1,1
IXMEL,0,1,1
IXMUCANET,0,1,1
IXMUKANE,0,1,1
IXOLANDA,0,1,1
IXOLDA,0,1,1
IXOLIN,0,1,1
IXORA,0,1,1
IXQUIC,0,1,1
IXSAELA,0,1,1
IXSAI,0,1,1
IXSOMINA,0,1,1
IXTHAYUL,0,1,1
IXTOH,0,1,1
IXZEL,0,1,1
IXZELA,0,1,1
IYAJANA,0,1,1
IYANELY,0,1,1
IYANTHE,0,1,1
IYANTY,0,1,1
IYASANI,0,1,1
IYELITA,0,1,1
IYODESA,0,1,1
IYOJANA,0,1,1
IYOLITZMA,0,1,1
IYUBETH,0,1,1
IYULA,0,1,1
IYUNA,0,1,1
IYVONNE,0,1,1
IZABELA,0,1,1
IZABELL,0,1,1
IZACC,0,1,1
IZACIO,0,1,1
IZACK,0,1,1
IZAET,0,1,1
IZAHIS,0,1,1
IZAHT,0,1,1
IZAIN,0,1,1
IZALDA,0,1,1
IZALEX,0,1,1
IZAMAR,0,1,1
IZAMNA,0,1,1
IZANIA,0,1,1
IZAQUEL,0,1,1
IZARAI,0,1,1
IZARI,0,1,1
IZARITH,0,1,1
IZAT,0,1,1
IZAUD,0,1,1
IZAULA,0,1,1
IZAUN,0,1,1
IZAYDA,0,1,1
IZBEL,0,1,1
IZBELA,0,1,1
IZEL JOSEFA,0,1,1
IZELL,0,1,1
IZENOLA,0,1,1
IZER,0,1,1
IZERON,0,1,1
IZIDRA,0,1,1
IZILDA,0,1,1
IZIQUEL,0,1,1
IZKANDER,0,1,1
IZMAR,0,1,1
IZMAYA,0,1,1
IZONILDA,0,1,1
IZRAUL,0,1,1
IZSABEL,0,1,1
IZUA,0,1,1
IZUEL,0,1,1
IZVAE,0,1,1
IZVELA,0,1,1
IZVENIA,0,1,1
IZZETH,0,1,1
J ANETH,0,1,1
J. GERVACIO,0,1,1
J. YOLANDA,0,1,1
JËHANA,0,1,1
JAAB,0,1,1
JAACAN,0,1,1
JAALAM,0,1,1
JAANETTE,0,1,1
JAAQUELIN,0,1,1
JAAREL,0,1,1
JABANY,0,1,1
JABBAD,0,1,1
JABDIEL,0,1,1
JABEB,0,1,1
JABETH,0,1,1
JABIANA,0,1,1
JABID,0,1,1
JABIED,0,1,1
JABINA,0,1,1
JABINI,0,1,1
JABITO,0,1,1
JABLONIKY,0,1,1
JAC KELINA,0,1,1
JAC KELINE,0,1,1
JACABED,0,1,1
JACABET,0,1,1
JACAYDRA,0,1,1
JACCENEA,0,1,1
JACED,0,1,1
JACELIN,0,1,1
JACELINE,0,1,1
JACELYN,0,1,1
JACENY,0,1,1
JACHELLY,0,1,1
JACHNIEL,0,1,1
JACIBEL,0,1,1
JACIBER,0,1,1
JACIER,0,1,1
JACILETH,0,1,1
JACINEL,0,1,1
JACINTO ROBERTO,0,1,1
JACIVES,0,1,1
JACKEINE,0,1,1
JACKELENE,0,1,1
JACKELIA,0,1,1
JACKELINEES,0,1,1
JACKELING,0,1,1
JACKELINI,0,1,1
JACKELLING,0,1,1
JACKELLYN,0,1,1
JACKELYN TERESA,0,1,1
JACKELYNNE,0,1,1
JACKILIN,0,1,1
JACKILINE,0,1,1
JACKLENE,0,1,1
JACKLINE,0,1,1
JACKS,0,1,1
JACKUELIN,0,1,1
JACNIEL,0,1,1
JACOBE,0,1,1
JACOBED,0,1,1
JACOBETH,0,1,1
JACOBO DE JESUS,0,1,1
JACOBO ESTEBAN,0,1,1
JACOBO WILMAN,0,1,1
JACOC,0,1,1
JACODDY,0,1,1
JACOES,0,1,1
JACOHP,0,1,1
JACOLI,0,1,1
JACOMINY,0,1,1
JACOVEL,0,1,1
JACOY,0,1,1
JACQELIN,0,1,1
JACQUELEN,0,1,1
JACQUELENNE,0,1,1
JACQUELININE,0,1,1
JACQUELLIN,0,1,1
JACQULINE,0,1,1
JACSAN,0,1,1
JADARY,0,1,1
JADASA,0,1,1
JADEER,0,1,1
JADHIRT,0,1,1
JADID,0,1,1
JADILETH,0,1,1
JADIN,0,1,1
JADINA,0,1,1
JADIRA JAMILETH,0,1,1
JADIRY,0,1,1
JADIXIA,0,1,1
JAENETH,0,1,1
JAENETT,0,1,1
JAENNE,0,1,1
JAENNETTE,0,1,1
JAEQUELINE,0,1,1
JAFEH,0,1,1
JAFETHE,0,1,1
JAFEX,0,1,1
JAFIA,0,1,1
JAFIEL,0,1,1
JAFREY,0,1,1
JAGEIRA,0,1,1
JAGKELINE,0,1,1
JAGUELINE,0,1,1
JAGUIR,0,1,1
JAHAIDA,0,1,1
JAHAIRO,0,1,1
JAHALEL,0,1,1
JAHAN,0,1,1
JAHARALINA,0,1,1
JAHEIRA,0,1,1
JAHEMIA,0,1,1
JAHIRCIDES,0,1,1
JAHIRCINIO,0,1,1
JAHIRSON,0,1,1
JAHIRZINIO,0,1,1
JAHJAIRA,0,1,1
JAHNNETH,0,1,1
JAHONA,0,1,1
JAHONMY,0,1,1
JAHSSEL,0,1,1
JAHU,0,1,1
JAHVENNI,0,1,1
JAHZEEZ,0,1,1
JAIBEN,0,1,1
JAICINO,0,1,1
JAIDIOSO,0,1,1
JAIME DARIO,0,1,1
JAIME EDGARDO,0,1,1
JAINZINHA,0,1,1
JAIR DO SANTOS,0,1,1
JAIRI,0,1,1
JAIRINA,0,1,1
JAIRO ALBERTO,0,1,1
JAIRO NOE,0,1,1
JAIRSIËO,0,1,1
JAIRSON,0,1,1
JAIZINHO,0,1,1
JAJACKELINE,0,1,1
JAJAIRO,0,1,1
JAKELI,0,1,1
JAKELIME,0,1,1
JAKELINES,0,1,1
JAKELING,0,1,1
JAKELINY,0,1,1
JAKELLIN,0,1,1
JAKELLY,0,1,1
JAKELLYN,0,1,1
JAKELYNA,0,1,1
JAKILIN,0,1,1
JAKINETH,0,1,1
JAKINETT,0,1,1
JAKIRA,0,1,1
JAKIRE,0,1,1
JALCONERIS,0,1,1
JALDIRA,0,1,1
JALENI,0,1,1
JALENNY,0,1,1
JALGH,0,1,1
JALHMAR,0,1,1
JALI,0,1,1
JALIL ISSA,0,1,1
JALILA,0,1,1
JALIME,0,1,1
JALIN,0,1,1
JALITH,0,1,1
JALITZA,0,1,1
JALLIN,0,1,1
JALLU,0,1,1
JALMIRA,0,1,1
JAMALAK,0,1,1
JAMALAT,0,1,1
JAMALID,0,1,1
JAMANDAL,0,1,1
JAMARI,0,1,1
JAMARY,0,1,1
JAMELITH,0,1,1
JAMELY,0,1,1
JAMES AGUSTIN,0,1,1
JAMIBELT,0,1,1
JAMID,0,1,1
JAMIELTH,0,1,1
JAMIL BASIL,0,1,1
JAMILAITH,0,1,1
JAMILEHH,0,1,1
JAMILENI,0,1,1
JAMILETE,0,1,1
JAMILETTEE,0,1,1
JAMILEX,0,1,1
JAMILITH,0,1,1
JAMILLA,0,1,1
JAMILT,0,1,1
JAMILYA,0,1,1
JAMISSEL,0,1,1
JAMITEH,0,1,1
JAMITELH,0,1,1
JAMITETH,0,1,1
JAMITHI,0,1,1
JAMITO,0,1,1
JAMIXSA,0,1,1
JAMMELY,0,1,1
JAMNETTE,0,1,1
JAMNINY,0,1,1
JAMYLETH,0,1,1
JAMYLETT,0,1,1
JANAH,0,1,1
JANAHARA,0,1,1
JANAIH,0,1,1
JANAIRIA,0,1,1
JANALIDETH,0,1,1
JANALY,0,1,1
JANANI,0,1,1
JANARA,0,1,1
JANARI,0,1,1
JANATHAN,0,1,1
JANAY,0,1,1
JANDIRA,0,1,1
JANDIZ,0,1,1
JANEATE,0,1,1
JANEEN,0,1,1
JANEETT,0,1,1
JANEFER,0,1,1
JANEH,0,1,1
JANEIDA,0,1,1
JANEISE,0,1,1
JANEK,0,1,1
JANELYN,0,1,1
JANENTH,0,1,1
JANESSU,0,1,1
JANETEE,0,1,1
JANETEN,0,1,1
JANETHH,0,1,1
JANETL,0,1,1
JANETSY,0,1,1
JANETTA,0,1,1
JANETTI,0,1,1
JANETTS,0,1,1
JANEXIA,0,1,1
JANEXIS,0,1,1
JANEYDA,0,1,1
JANFMRY,0,1,1
JANFRUY,0,1,1
JANIBELL,0,1,1
JANIBETH,0,1,1
JANIC,0,1,1
JANICCIA,0,1,1
JANICIO,0,1,1
JANICK,0,1,1
JANIELL,0,1,1
JANIERY,0,1,1
JANIES,0,1,1
JANIETZA,0,1,1
JANIKEY,0,1,1
JANILEC,0,1,1
JANILET,0,1,1
JANILLE,0,1,1
JANINNA,0,1,1
JANINNE,0,1,1
JANIRET,0,1,1
JANIRIAN,0,1,1
JANIRO,0,1,1
JANISA,0,1,1
JANISSI,0,1,1
JANITE,0,1,1
JANITHSA,0,1,1
JANITTZA,0,1,1
JANIVEL,0,1,1
JANIVETTE,0,1,1
JANLEEL,0,1,1
JANMAL,0,1,1
JANMELETH,0,1,1
JANMETH,0,1,1
JANNEH,0,1,1
JANNELL,0,1,1
JANNEREE,0,1,1
JANNERY,0,1,1
JANNGT,0,1,1
JANNILETH,0,1,1
JANNINET,0,1,1
JANNIRE,0,1,1
JANNITHE,0,1,1
JANNIVIX,0,1,1
JANNTET,0,1,1
JANNYNA,0,1,1
JANOARY,0,1,1
JANOBY,0,1,1
JANOEL,0,1,1
JANOLI,0,1,1
JANOU,0,1,1
JANOVI,0,1,1
JANOVIK,0,1,1
JANOVY,0,1,1
JANSENIO,0,1,1
JANTT,0,1,1
JANUAR,0,1,1
JANURIA,0,1,1
JAQUEIL,0,1,1
JAQUELENI,0,1,1
JAQUELIGN,0,1,1
JAQUELINDA,0,1,1
JAQUELINEY,0,1,1
JAQUELINNES,0,1,1
JAQUELLIN,0,1,1
JAQUELLINNE,0,1,1
JAQUELLY,0,1,1
JAQUINO,0,1,1
JARAN,0,1,1
JARARDINA,0,1,1
JARCINIO,0,1,1
JARDELL,0,1,1
JARDERZON,0,1,1
JARDIER,0,1,1
JARDIN,0,1,1
JAREDT,0,1,1
JAREDY,0,1,1
JAREISI,0,1,1
JARELINE,0,1,1
JARELL,0,1,1
JAREMY,0,1,1
JARENTON,0,1,1
JARENY,0,1,1
JARETON,0,1,1
JARGONE,0,1,1
JARIAS,0,1,1
JARIDA,0,1,1
JARIE,0,1,1
JARIFF,0,1,1
JARITH,0,1,1
JARLELY,0,1,1
JARLENIS,0,1,1
JARLIBY,0,1,1
JARLINSSON,0,1,1
JARMAN,0,1,1
JARMILA,0,1,1
JARMYN,0,1,1
JAROSLAV,0,1,1
JAROSLOVA,0,1,1
JARQUELIN,0,1,1
JARRELLY,0,1,1
JARRIE,0,1,1
JARRINTON,0,1,1
JARUBAL,0,1,1
JARUSLAVE,0,1,1
JARUSZELSKI,0,1,1
JASAC,0,1,1
JASAIRA,0,1,1
JASEANAEL,0,1,1
JASEAR,0,1,1
JASEF,0,1,1
JASENCA,0,1,1
JASENI,0,1,1
JASENIS,0,1,1
JASERY,0,1,1
JASET,0,1,1
JASHAIRA,0,1,1
JASIAS,0,1,1
JASIBE,0,1,1
JASIELT,0,1,1
JASIL,0,1,1
JASILLE,0,1,1
JASIM,0,1,1
JASINTOS,0,1,1
JASIRA,0,1,1
JASIRIS,0,1,1
JASIRY,0,1,1
JASIVEL,0,1,1
JASKELY,0,1,1
JASMELY,0,1,1
JASMIDA,0,1,1
JASMIN DE MARIA,0,1,1
JASMINDA,0,1,1
JASMINI,0,1,1
JASMINY,0,1,1
JASMITH,0,1,1
JASQUELIN,0,1,1
JASSAMIRA,0,1,1
JASSENYA,0,1,1
JASSINEY,0,1,1
JASSMYN,0,1,1
JASUARA,0,1,1
JATACIA,0,1,1
JATZEL,0,1,1
JAUDELINO,0,1,1
JAULET,0,1,1
JAUMAN,0,1,1
JAVA,0,1,1
JAVAEL,0,1,1
JAVANNY,0,1,1
JAVBER,0,1,1
JAVELETH,0,1,1
JAVELITO,0,1,1
JAVIELL,0,1,1
JAVIER ABRAHAM,0,1,1
JAVIER AYAX,0,1,1
JAVIER EDUARDO,0,1,1
JAVIER MARIO,0,1,1
JAVIER SANTIAGO,0,1,1
JAVILETH,0,1,1
JAVIUER,0,1,1
JAVIX,0,1,1
JAVONI,0,1,1
JAVYN,0,1,1
JAWID,0,1,1
JAWIT,0,1,1
JAXEL,0,1,1
JAXELY,0,1,1
JAYNE,0,1,1
JAYSEN,0,1,1
JAZAEL,0,1,1
JAZIL,0,1,1
JAZMARY,0,1,1
JAZMELIA,0,1,1
JAZMINO,0,1,1
JAZNE,0,1,1
JCKELINE,0,1,1
JEABANY,0,1,1
JEABLONESKY,0,1,1
JEACKELIN,0,1,1
JEACKELINA,0,1,1
JEAKELINA,0,1,1
JEAKELY,0,1,1
JEAL,0,1,1
JEALETH,0,1,1
JEALIAS,0,1,1
JEAM BORDE,0,1,1
JEAMELI,0,1,1
JEAMETT,0,1,1
JEAMETTE,0,1,1
JEAMILEH,0,1,1
JEAMITEH,0,1,1
JEAMYLETH,0,1,1
JEAMYLETT,0,1,1
JEAN CARLOS,0,1,1
JEAN JOUNES,0,1,1
JEANARY,0,1,1
JEANBET,0,1,1
JEANECHT,0,1,1
JEANEETH,0,1,1
JEANEETT,0,1,1
JEANEETTE,0,1,1
JEANEH,0,1,1
JEANELITH,0,1,1
JEANELLE,0,1,1
JEANELLI,0,1,1
JEANELLY,0,1,1
JEANENTHE,0,1,1
JEANETTE SARAY,0,1,1
JEANETTEE,0,1,1
JEANINETTE,0,1,1
JEANINI,0,1,1
JEANISE,0,1,1
JEANISEL,0,1,1
JEANNE EVA,0,1,1
JEANNEATTH,0,1,1
JEANNETEE,0,1,1
JEANNETTE GUADA,0,1,1
JEANURIO,0,1,1
JEAQUILINE,0,1,1
JEASMILY,0,1,1
JEBB,0,1,1
JEBBRIL,0,1,1
JECENI,0,1,1
JECEPLI,0,1,1
JECHOBANY,0,1,1
JECHONIAS,0,1,1
JECKELINE,0,1,1
JECKSEL,0,1,1
JECOLIA,0,1,1
JECSAE,0,1,1
JECSE,0,1,1
JECTEH,0,1,1
JECZABEL,0,1,1
JEDAHT,0,1,1
JEDALIS,0,1,1
JEDEON,0,1,1
JEDETH,0,1,1
JEDRICK,0,1,1
JEDUN,0,1,1
JEEFERSON,0,1,1
JEEFFRY,0,1,1
JEENYTH,0,1,1
JEEP,0,1,1
JEESSAABEL,0,1,1
JEESSEL,0,1,1
JEEVEER,0,1,1
JEFAS,0,1,1
JEFFORT,0,1,1
JEFFRIES,0,1,1
JEFONE,0,1,1
JEGELIS,0,1,1
JEHANA,0,1,1
JEHAR,0,1,1
JEHONSON,0,1,1
JEHONY,0,1,1
JEHOVANA,0,1,1
JEHOVANEX,0,1,1
JEHOVAT,0,1,1
JEHOVAY,0,1,1
JEHTSABEL,0,1,1
JEHUE,0,1,1
JEIKE,0,1,1
JELDEEN,0,1,1
JELDREN,0,1,1
JELENY,0,1,1
JELERIS,0,1,1
JELINEK,0,1,1
JELIPZA,0,1,1
JELITZA,0,1,1
JELIVENIA,0,1,1
JELLARIS,0,1,1
JELLENICK,0,1,1
JELSSIN,0,1,1
JELSYN,0,1,1
JELYE,0,1,1
JEMANI,0,1,1
JEMAR,0,1,1
JEMBERTO,0,1,1
JEMESON,0,1,1
JEMIR,0,1,1
JEMISEF,0,1,1
JEMUEL,0,1,1
JENAY,0,1,1
JENCIA,0,1,1
JENDERSY,0,1,1
JENDISE,0,1,1
JENDISKA,0,1,1
JENECIA,0,1,1
JENEDITH,0,1,1
JENEFFOR,0,1,1
JENEHVID,0,1,1
JENELIN,0,1,1
JENELL,0,1,1
JENELLA,0,1,1
JENESY,0,1,1
JENEVIB,0,1,1
JENEXIS,0,1,1
JENI MARISOL,0,1,1
JENIESHA,0,1,1
JENINE,0,1,1
JENIPHER,0,1,1
JENISEY,0,1,1
JENNECE,0,1,1
JENNEFER,0,1,1
JENNELEE,0,1,1
JENNEN,0,1,1
JENNIEFER,0,1,1
JENNILYN,0,1,1
JENNINA,0,1,1
JENNINGS,0,1,1
JENNY LYN,0,1,1
JENNYFEER,0,1,1
JENOBELIA,0,1,1
JENOE,0,1,1
JENOVELIO,0,1,1
JENSEEN,0,1,1
JENTON,0,1,1
JENULFA,0,1,1
JEOBANIA,0,1,1
JEOBANINA,0,1,1
JEOBANIS,0,1,1
JEOBEL,0,1,1
JEODOCIO,0,1,1
JEOFILO,0,1,1
JEOHANA,0,1,1
JEOLANY,0,1,1
JEOMAN,0,1,1
JEOMARE,0,1,1
JEOMILETH,0,1,1
JEONAXSA,0,1,1
JEONAYRA,0,1,1
JEONEIVY,0,1,1
JEONEL,0,1,1
JEONELO,0,1,1
JEONIAS,0,1,1
JEONNARY,0,1,1
JEONNETH,0,1,1
JEONORY,0,1,1
JEOOVANY,0,1,1
JEORGETH,0,1,1
JEORGI,0,1,1
JEORGINIA,0,1,1
JEORLEN,0,1,1
JEOSELINNE,0,1,1
JEOVAN Y,0,1,1
JEOVANETZA,0,1,1
JEOVANEZ,0,1,1
JEOVANG,0,1,1
JEOVANMY,0,1,1
JEOVANNE,0,1,1
JEOVANNIE,0,1,1
JEOVANNY ARTURO,0,1,1
JEOVAS,0,1,1
JEOVENNY,0,1,1
JEOVITA,0,1,1
JEOVVANY,0,1,1
JEOWANAY,0,1,1
JEOWANI,0,1,1
JEOWANNY,0,1,1
JEPSABEL,0,1,1
JEPSARELA,0,1,1
JERALDINO,0,1,1
JERBACIO,0,1,1
JERCE,0,1,1
JEREE,0,1,1
JERELY,0,1,1
JERERLITA,0,1,1
JEREZ,0,1,1
JERGINA,0,1,1
JERICHO,0,1,1
JERICK,0,1,1
JERIES,0,1,1
JERIES ANTON,0,1,1
JERINE,0,1,1
JERIOT,0,1,1
JERJES,0,1,1
JERMELICIA,0,1,1
JEROB,0,1,1
JEROBOAN,0,1,1
JEROHAN,0,1,1
JEROMEEL,0,1,1
JERON IMO,0,1,1
JERONSO,0,1,1
JEROVANIE,0,1,1
JERRALDIN,0,1,1
JERRIE,0,1,1
JERRYNA,0,1,1
JERSONA,0,1,1
JERTRUDIZ,0,1,1
JERUMIN,0,1,1
JERUN,0,1,1
JERUNDINO,0,1,1
JERUSALEH,0,1,1
JERWICH,0,1,1
JERZA,0,1,1
JERZAM,0,1,1
JESAHI,0,1,1
JESARELY,0,1,1
JESBI,0,1,1
JESEIRA,0,1,1
JESELDI,0,1,1
JESELE,0,1,1
JESELY,0,1,1
JESEMIA,0,1,1
JESENEA,0,1,1
JESERY,0,1,1
JESES,0,1,1
JESET,0,1,1
JESHER,0,1,1
JESIBELL,0,1,1
JESIL,0,1,1
JESKIA ISMENIA,0,1,1
JESLIE,0,1,1
JESMEL,0,1,1
JESMINA,0,1,1
JESOLMINA,0,1,1
JESRAHEL,0,1,1
JESREELITA,0,1,1
JESSABEL,0,1,1
JESSANIA,0,1,1
JESSE SABINI,0,1,1
JESSEBEL,0,1,1
JESSEEL,0,1,1
JESSELI,0,1,1
JESSENE,0,1,1
JESSENEA,0,1,1
JESSENI,0,1,1
JESSENIE,0,1,1
JESSENNIA,0,1,1
JESSEQUEL,0,1,1
JESSIBELL,0,1,1
JESSIC A,0,1,1
JESSICA MARISOL,0,1,1
JESSIKEL,0,1,1
JESSILL,0,1,1
JESSUA,0,1,1
JESSUINA,0,1,1
JESUANA,0,1,1
JESUINA,0,1,1
JESULBINA,0,1,1
JESUS   ALBERTA,0,1,1
JESUS  SANTOS,0,1,1
JESUS ADELINA,0,1,1
JESUS ADIANA,0,1,1
JESUS ALBERTA,0,1,1
JESUS ALBERTINA,0,1,1
JESUS ANDRES,0,1,1
JESUS ANTONIA,0,1,1
JESUS ARGENTINA,0,1,1
JESUS ARTURO,0,1,1
JESUS ASUCENA,0,1,1
JESUS BENIGNA,0,1,1
JESUS CAYETANA,0,1,1
JESUS DE TERESO,0,1,1
JESUS EDMUNDO,0,1,1
JESUS EDUARDO,0,1,1
JESUS ELIZABETH,0,1,1
JESUS ELMER,0,1,1
JESUS ELVIA,0,1,1
JESUS ESPECTACI,0,1,1
JESUS ESPERANZA,0,1,1
JESUS ESTELA,0,1,1
JESUS FAUSTINO,0,1,1
JESUS GILMA,0,1,1
JESUS LEONCIO,0,1,1
JESUS LEONEL,0,1,1
JESUS MANUELES,0,1,1
JESUS MARGARITA,0,1,1
JESUS MARIANO,0,1,1
JESUS RAMIRO,0,1,1
JESUS RAMON,0,1,1
JESUS RENAN,0,1,1
JESUS SALVADORA,0,1,1
JESUS SANTOS,0,1,1
JESUS URBANO,0,1,1
JESUS VALENTIN,0,1,1
JESUS ZAVALA,0,1,1
JESYLE,0,1,1
JESYSAI,0,1,1
JESZETT,0,1,1
JETET,0,1,1
JETNAEL,0,1,1
JETSABEL,0,1,1
JETSARY,0,1,1
JETSEMI,0,1,1
JETSSEL,0,1,1
JETTZABELL,0,1,1
JETULIO,0,1,1
JETZABE,0,1,1
JEUBINI,0,1,1
JEUNNY,0,1,1
JEVIMEL,0,1,1
JEVONY,0,1,1
JEXSUANA,0,1,1
JEZABETH,0,1,1
JEZAHEL,0,1,1
JEZELINA,0,1,1
JEZENIA,0,1,1
JEZLIL,0,1,1
JEZROM SAMUEL,0,1,1
JEZRULITA,0,1,1
JEZUS,0,1,1
JHAIRSINO,0,1,1
JHAKELYN,0,1,1
JHALET,0,1,1
JHALU,0,1,1
JHAMARY,0,1,1
JHAMILETT,0,1,1
JHAMIN,0,1,1
J-HANA,0,1,1
JHANAN,0,1,1
JHANCARLOS,0,1,1
JHANDIRA,0,1,1
JHANELY,0,1,1
JHANLHY,0,1,1
JHANMILETH,0,1,1
JHANNET,0,1,1
JHAQUELYN,0,1,1
JHARINO,0,1,1
JHARJENY,0,1,1
JHASEEL,0,1,1
JHASMYN,0,1,1
JHASSIR,0,1,1
JHASUARY,0,1,1
JHATSMIN,0,1,1
JHAULISSA,0,1,1
JHAVANY,0,1,1
JHEL,0,1,1
JHELINA,0,1,1
JHELISSA,0,1,1
JHELLMELYN,0,1,1
JHEMS,0,1,1
JHENELYN,0,1,1
JHENIE,0,1,1
JHENMINSON,0,1,1
JHENN,0,1,1
JHEOREANNY,0,1,1
JHEOVANINA,0,1,1
JHEOVANNY,0,1,1
JHERRY,0,1,1
JHESENIA,0,1,1
JHESMINA,0,1,1
JHICELA,0,1,1
JHIJAD,0,1,1
JHIMINSON,0,1,1
JHIMIRSON,0,1,1
JHINEZKA,0,1,1
JHISELL,0,1,1
JHOANNA,0,1,1
JHOANNES,0,1,1
JHOANY,0,1,1
JHOBANI,0,1,1
JHOBED,0,1,1
JHOBEL,0,1,1
JHOCELYNE,0,1,1
JHOGELY,0,1,1
JHOGENY,0,1,1
JHOINNY,0,1,1
JHOJANNA,0,1,1
JHOJANY,0,1,1
JHOLANY,0,1,1
JHOMARY,0,1,1
JHONA,0,1,1
JHONAR,0,1,1
JHONATAM,0,1,1
JHONETH,0,1,1
JHONN,0,1,1
JHONNSON,0,1,1
JHORLENI,0,1,1
JHORLENYS,0,1,1
JHOSEFH,0,1,1
JHOSELINE,0,1,1
JHOSELY,0,1,1
JHOSSANA,0,1,1
JHOSSELYNE,0,1,1
JHOSSETH,0,1,1
JHOSUE,0,1,1
JHOTAN,0,1,1
JHOVAN,0,1,1
JHOVANYS,0,1,1
JHUBER,0,1,1
JHYSCELA,0,1,1
JIAKELIN,0,1,1
JIAN CARLOS,0,1,1
JIAN JUN,0,1,1
JIANETT,0,1,1
JIANINNA,0,1,1
JIANNINA,0,1,1
JIBAN,0,1,1
JICEL,0,1,1
JICSELA,0,1,1
JIDITH,0,1,1
JIESSEL,0,1,1
JIFF,0,1,1
JIHOEL,0,1,1
JIHOVANY,0,1,1
JIHUBER,0,1,1
JIKLY,0,1,1
JILBERTA,0,1,1
JILCIA,0,1,1
JILDARDO,0,1,1
JILENA,0,1,1
JILIANA,0,1,1
JILIBRANDO,0,1,1
JILISSA,0,1,1
JILKANA,0,1,1
JILMA LIDIA,0,1,1
JILO,0,1,1
JILVESTO,0,1,1
JILY,0,1,1
JIMAN,0,1,1
JIMENA  MARIA,0,1,1
JIMENIA,0,1,1
JIMENZON,0,1,1
JIMESON,0,1,1
JIMET,0,1,1
JIMIMSON,0,1,1
JIMINA,0,1,1
JIMINS,0,1,1
JIMISON,0,1,1
JIMMINSON,0,1,1
JIMMINSSON,0,1,1
JIMMYSON,0,1,1
JIN CHUAN,0,1,1
JINABEL,0,1,1
JINELTH,0,1,1
JINETTE,0,1,1
JING GANG,0,1,1
JINOSKA,0,1,1
JIOBANI,0,1,1
JIOMEDIS,0,1,1
JIOVANKA,0,1,1
JIOVANNA,0,1,1
JIOVEL,0,1,1
JIPHSY,0,1,1
JIRI ITZAMNA,0,1,1
JIRINA,0,1,1
JIRIS,0,1,1
JIRNALDO,0,1,1
JIROCEMA,0,1,1
JIRON,0,1,1
JISCELA,0,1,1
JISEELL,0,1,1
JISELI,0,1,1
JISEPT,0,1,1
JISET,0,1,1
JISEY,0,1,1
JISSEEL,0,1,1
JISSELE,0,1,1
JISSELLA,0,1,1
JISSELLE,0,1,1
JISSELY,0,1,1
JISSEYE,0,1,1
JISSLENA,0,1,1
JITALIA,0,1,1
JITCELA,0,1,1
JITSELI,0,1,1
JIUSEPPE,0,1,1
JIVAEL,0,1,1
JIVEL,0,1,1
JIVON,0,1,1
JIXEL,0,1,1
JIZELA,0,1,1
JIZELL,0,1,1
JOAC,0,1,1
JOACIM,0,1,1
JOACIN,0,1,1
JOAGUIN,0,1,1
JOAGUINA,0,1,1
JOAHANNA,0,1,1
JOAHO,0,1,1
JOAIDA,0,1,1
JOAMAR,0,1,1
JOANANE,0,1,1
JOANCE,0,1,1
JOANIA,0,1,1
JOANINA,0,1,1
JOANINI,0,1,1
JOANYE,0,1,1
JOAQUIN CAMILO,0,1,1
JOAQUIN LIONEL,0,1,1
JOAQUIN ROLANDO,0,1,1
JOAR,0,1,1
JOASIR,0,1,1
JOAVANY,0,1,1
JOAZ,0,1,1
JOB BELL,0,1,1
JOB RAMON,0,1,1
JOBANIS,0,1,1
JOBANNI,0,1,1
JOBEC,0,1,1
JOBELDA,0,1,1
JOBELIA,0,1,1
JOBELINA,0,1,1
JOBELITH,0,1,1
JOBIC,0,1,1
JOBIEL,0,1,1
JOBIK,0,1,1
JOBOS,0,1,1
JOBSAIN,0,1,1
JOC SAN,0,1,1
JOCABEL,0,1,1
JOCABET,0,1,1
JOCELY,0,1,1
JOCEPH,0,1,1
JOCETH,0,1,1
JOCHE,0,1,1
JOCHEBET,0,1,1
JOCHEBETH,0,1,1
JOCINTA,0,1,1
JOCKELINE,0,1,1
JOCSARIO,0,1,1
JOCSE,0,1,1
JOCSEE,0,1,1
JOCSSAN,0,1,1
JOCSUE,0,1,1
JOCUNDO,0,1,1
JOCXELY,0,1,1
JOD,0,1,1
JODESKA,0,1,1
JOEDI,0,1,1
JOEDY,0,1,1
JOEL SANTOS,0,1,1
JOELIYA,0,1,1
JOELL,0,1,1
JOELLENG,0,1,1
JOELMA,0,1,1
JOELMER,0,1,1
JOELMO,0,1,1
JOELMY,0,1,1
JOENMY,0,1,1
JOENY,0,1,1
JOEREY,0,1,1
JOES,0,1,1
JOESMEL,0,1,1
JOEVANI,0,1,1
JOEZ,0,1,1
JOEZER,0,1,1
JOFETT,0,1,1
JOFFRE,0,1,1
JOFPEP,0,1,1
JOFREDO,0,1,1
JOGANA,0,1,1
JOGAY,0,1,1
JOGELI,0,1,1
JOGENY,0,1,1
JOHAAN,0,1,1
JOHACIM,0,1,1
JOHALDY,0,1,1
JOHALY,0,1,1
JOHAMA,0,1,1
JOHAMS,0,1,1
JOHANA ESMITH,0,1,1
JOHANA WALESKA,0,1,1
JOHANAA,0,1,1
JOHANAM,0,1,1
JOHANATAN,0,1,1
JOHANDA,0,1,1
JOHANEN,0,1,1
JOHANLY,0,1,1
JOHANNA EVA,0,1,1
JOHANNES JOSEPH,0,1,1
JOHANNNA,0,1,1
JOHARSY,0,1,1
JOHATH,0,1,1
JOHAUNA,0,1,1
JOHAVANNI,0,1,1
JOHE,0,1,1
JOHEEN,0,1,1
JOHELE,0,1,1
JOHELI,0,1,1
JOHELIA,0,1,1
JOHELL,0,1,1
JOHENA,0,1,1
JOHENIS,0,1,1
JOHENNY,0,1,1
JOHESEC,0,1,1
JOHETH,0,1,1
JOHN JAHIRO,0,1,1
JOHN WILLIAMS A,0,1,1
JOHNATON,0,1,1
JOHNAY,0,1,1
JOHNE,0,1,1
JOHNN,0,1,1
JOHNNY BETH,0,1,1
JOHONIE,0,1,1
JOHONIEL,0,1,1
JOHONNIS,0,1,1
JOHONSON,0,1,1
JOHSETH,0,1,1
JOHSUA,0,1,1
JOHVANINA,0,1,1
JOHY,0,1,1
JOIARID,0,1,1
JOIL,0,1,1
JOISEO,0,1,1
JOITBETH,0,1,1
JOJANE,0,1,1
JOJANES,0,1,1
JOJANIA,0,1,1
JOJANIS,0,1,1
JOJANNY,0,1,1
JOJANYS,0,1,1
JOJHANA,0,1,1
JOKABEL,0,1,1
JOKABET,0,1,1
JOKABETH,0,1,1
JOKASTA,0,1,1
JOKEIDA,0,1,1
JOLADYS,0,1,1
JOLANA,0,1,1
JOLANI,0,1,1
JOLENNY,0,1,1
JOLESCA,0,1,1
JOLESKA,0,1,1
JOLI,0,1,1
JOLIBET,0,1,1
JOLIN,0,1,1
JOLINDA,0,1,1
JOLIVECK,0,1,1
JOLIVETTE,0,1,1
JOLMAS,0,1,1
JOLSON,0,1,1
JOM,0,1,1
JOMARA,0,1,1
JOMEIMY,0,1,1
JOMEINI,0,1,1
JOMI,0,1,1
JOMILETH,0,1,1
JOMLI,0,1,1
JOMNI,0,1,1
JONABEL,0,1,1
JONABELL,0,1,1
JONADAC,0,1,1
JONADDE,0,1,1
JONAHAN,0,1,1
JONAHETT,0,1,1
JONAHS,0,1,1
JONAHY,0,1,1
JONAL,0,1,1
JONARYS,0,1,1
JONARZA,0,1,1
JONAT,0,1,1
JONATAHAM,0,1,1
JONATHAIN,0,1,1
JONATHAN OTIS,0,1,1
JONCELY,0,1,1
JONCKELIN,0,1,1
JONEBIETH,0,1,1
JONEF,0,1,1
JONEIDA,0,1,1
JONELE,0,1,1
JONELLY,0,1,1
JONENY,0,1,1
JONERY,0,1,1
JONET,0,1,1
JONFREDY,0,1,1
JONHATHAN,0,1,1
JONHNEY,0,1,1
JONHNIEL,0,1,1
JONIBEL,0,1,1
JONIFEER,0,1,1
JONIH,0,1,1
JONILI,0,1,1
JONIN,0,1,1
JONISETH,0,1,1
JONN,0,1,1
JONNELI,0,1,1
JONNETT,0,1,1
JONNILETTE,0,1,1
JONONY,0,1,1
JONQUERIS,0,1,1
JONS,0,1,1
JONSETH,0,1,1
JOOVANY,0,1,1
JOQUEVEL,0,1,1
JORANY,0,1,1
JORASSELKI,0,1,1
JORAZEL,0,1,1
JORBY,0,1,1
JORDANCE,0,1,1
JORDANNA,0,1,1
JORDANY,0,1,1
JORDEL,0,1,1
JORDETH,0,1,1
JOREIM,0,1,1
JORENTON,0,1,1
JORGE ERALDO,0,1,1
JORGE EVELIO,0,1,1
JORGE GERARDO,0,1,1
JORGE GUSTAVO,0,1,1
JORGE HERNAN,0,1,1
JORGE HUMBERTO,0,1,1
JORGE JULIO,0,1,1
JORGE M,0,1,1
JORGE MARTIR,0,1,1
JORGE MIGUEL,0,1,1
JORGE NERI,0,1,1
JORGE OMAR,0,1,1
JORGE RAUL,0,1,1
JORGE SILVINA,0,1,1
JORGE YOEL,0,1,1
JORGELINO,0,1,1
JORGELY,0,1,1
JORGET,0,1,1
JORGETTE,0,1,1
JORGI,0,1,1
JORGIL,0,1,1
JORISSA,0,1,1
JORLANIE,0,1,1
JORLANY,0,1,1
JORLENYS,0,1,1
JORNAL,0,1,1
JORON,0,1,1
JORONIMA,0,1,1
JORTANA,0,1,1
JOSA PHAT,0,1,1
JOSAARY,0,1,1
JOSABO,0,1,1
JOSADEEL,0,1,1
JOSAEL,0,1,1
JOSAFAC,0,1,1
JOSAFATT,0,1,1
JOSAFET,0,1,1
JOSAIAS,0,1,1
JOSANETH,0,1,1
JOSAPHAT,0,1,1
JOSARY,0,1,1
JOSCELYN,0,1,1
JOSCIEL,0,1,1
JOSE  MARIA,0,1,1
JOSE ABEL,0,1,1
JOSE ADALID,0,1,1
JOSE ADAN,0,1,1
JOSE ADOLFO,0,1,1
JOSE ALLAN,0,1,1
JOSE ALONZO,0,1,1
JOSE AMADEO,0,1,1
JOSE AMILCAR,0,1,1
JOSE ANAEL,0,1,1
JOSE ARDUBI,0,1,1
JOSE ARGIMEDES,0,1,1
JOSE BALDEMAR,0,1,1
JOSE BAUTISTA,0,1,1
JOSE BRIAN,0,1,1
JOSE CALIXTO,0,1,1
JOSE CLEMENTE,0,1,1
JOSE CLIMACO,0,1,1
JOSE CRUZ,0,1,1
JOSE DANIEL,0,1,1
JOSE DEL MONTE,0,1,1
JOSE DIMAS,0,1,1
JOSE EDUARDO,0,1,1
JOSE ELIAS,0,1,1
JOSE ELIC,0,1,1
JOSE EVARISTO,0,1,1
JOSE FAUSTINO,0,1,1
JOSE FIDEL,0,1,1
JOSE FLORENCIO,0,1,1
JOSE GERARDO,0,1,1
JOSE GIL,0,1,1
JOSE GILMAN,0,1,1
JOSE GUMERCINDO,0,1,1
JOSE INOCENTE,0,1,1
JOSE IRALDO,0,1,1
JOSE ISAIAS,0,1,1
JOSE JERONIMO,0,1,1
JOSE JOEL,0,1,1
JOSE LARREINADA,0,1,1
JOSE LINA,0,1,1
JOSE LUCIO,0,1,1
JOSE MARCIAL,0,1,1
JOSE MAXIMO,0,1,1
JOSE MIGDONIO,0,1,1
JOSE NERIS,0,1,1
JOSE OBED,0,1,1
JOSE OBEL,0,1,1
JOSE OMAR,0,1,1
JOSE OSMAR,0,1,1
JOSE RAFAEL,0,1,1
JOSE RAY,0,1,1
JOSE REY,0,1,1
JOSE REYNA,0,1,1
JOSE RODRIGO,0,1,1
JOSE SABINO,0,1,1
JOSE SANCHEZ,0,1,1
JOSE SEBERIANO,0,1,1
JOSE SERVANDO,0,1,1
JOSE SIXTO,0,1,1
JOSE ULISES,0,1,1
JOSE VINIZIO,0,1,1
JOSE WILL,0,1,1
JOSEANE,0,1,1
JOSEB,0,1,1
JOSEBET,0,1,1
JOSECITA,0,1,1
JOSEET,0,1,1
JOSEFA  LUISA,0,1,1
JOSEFA ANTONIA,0,1,1
JOSEFA AURORA,0,1,1
JOSEFA BERTILA,0,1,1
JOSEFA DEL CARM,0,1,1
JOSEFA DOLORES,0,1,1
JOSEFA ENMA,0,1,1
JOSEFA EUSEBIA,0,1,1
JOSEFA GIL,0,1,1
JOSEFA HERMINIA,0,1,1
JOSEFA IRENE,0,1,1
JOSEFA ISABEL,0,1,1
JOSEFA LISETH,0,1,1
JOSEFA MARIA,0,1,1
JOSEFA MICAELA,0,1,1
JOSEFA PASTORA,0,1,1
JOSEFA YOLANDA,0,1,1
JOSEFALIA,0,1,1
JOSEFAN,0,1,1
JOSEFEEN,0,1,1
JOSEFINA BETIN,0,1,1
JOSEFINA CONCEP,0,1,1
JOSEFINA DE JES,0,1,1
JOSEFINA RAMONA,0,1,1
JOSEH,0,1,1
JOSEHIN,0,1,1
JOSEIRMA INDIRA,0,1,1
JOSEITO,0,1,1
JOSEK,0,1,1
JOSELEE,0,1,1
JOSELENE,0,1,1
JOSELICO,0,1,1
JOSELINN,0,1,1
JOSELITH,0,1,1
JOSELYNA,0,1,1
JOSELYTO,0,1,1
JOSEPH H O,0,1,1
JOSEPH LETTEREL,0,1,1
JOSEPHA,0,1,1
JOSEPHINNE,0,1,1
JOSESTHER,0,1,1
JOSETC,0,1,1
JOSETHE,0,1,1
JOSETTE IVONNE,0,1,1
JOSEUE,0,1,1
JOSHA DECK,0,1,1
JOSHEPT,0,1,1
JOSHMIRA,0,1,1
JOSIAH,0,1,1
JOSIES,0,1,1
JOSINIE,0,1,1
JOSLINE,0,1,1
JOSMANA,0,1,1
JOSMAY,0,1,1
JOSMIRA,0,1,1
JOSNERY,0,1,1
JOSS,0,1,1
JOSSABETH,0,1,1
JOSSADACK,0,1,1
JOSSAE,0,1,1
JOSSANNY,0,1,1
JOSSARI,0,1,1
JOSSEELYNE,0,1,1
JOSSEL,0,1,1
JOSSELINA,0,1,1
JOSSELLINE,0,1,1
JOSSELTE,0,1,1
JOSSELYNE,0,1,1
JOSSEMELY,0,1,1
JOSSENITH,0,1,1
JOSSENY,0,1,1
JOSSEPT,0,1,1
JOSSERY,0,1,1
JOSSHUA,0,1,1
JOSSIBEL,0,1,1
JOSSOHARA,0,1,1
JOSSUA,0,1,1
JOSTER,0,1,1
JOSTON,0,1,1
JOSUANY,0,1,1
JOSUE ALFREDO,0,1,1
JOSUE ARTURO,0,1,1
JOSUE LAUTARO,0,1,1
JOSUE MANUEL,0,1,1
JOSUE MARTIN,0,1,1
JOSUE NEPTALI,0,1,1
JOSUEË,0,1,1
JOSUECH,0,1,1
JOSUNA,0,1,1
JOSZEF,0,1,1
JOTZETT,0,1,1
JOUAN,0,1,1
JOUAQUIN,0,1,1
JOUCE,0,1,1
JOULELY,0,1,1
JOULIVETTY,0,1,1
JOUSEF,0,1,1
JOUSETH,0,1,1
JOUSPHE,0,1,1
JOVANESA,0,1,1
JOVANIE,0,1,1
JOVANKA,0,1,1
JOVANNYS,0,1,1
JOVANO,0,1,1
JOVEIDA,0,1,1
JOVELA,0,1,1
JOVELETH,0,1,1
JOVELI,0,1,1
JOVELIN,0,1,1
JOVELITA,0,1,1
JOVENAL,0,1,1
JOVENENA,0,1,1
JOVENI,0,1,1
JOVENIL,0,1,1
JOVENY,0,1,1
JOVENYA,0,1,1
JOVERTY,0,1,1
JOVESDIA,0,1,1
JOVHANKA,0,1,1
JOVID,0,1,1
JOVIITA,0,1,1
JOVILA,0,1,1
JOVINAL,0,1,1
JOVINE,0,1,1
JOVINES,0,1,1
JOVINEXA,0,1,1
JOVINEXZA,0,1,1
JOVINOS,0,1,1
JOVITO TULIO,0,1,1
JOVITS,0,1,1
JOVNEL,0,1,1
JOWANNY,0,1,1
JOXANDRA,0,1,1
JOYLOR,0,1,1
JOYMAX,0,1,1
JOZAEL,0,1,1
JOZETH,0,1,1
JOZIEL,0,1,1
JOZUE,0,1,1
JR MERLEN,0,1,1
JUËISA,0,1,1
JUADALUPE,0,1,1
JUAN  ANGEL,0,1,1
JUAN ALBERTO,0,1,1
JUAN ALONSO,0,1,1
JUAN ARMANDO,0,1,1
JUAN CLIMACO,0,1,1
JUAN DE LA LUZ,0,1,1
JUAN ELIEZER,0,1,1
JUAN EMILIO,0,1,1
JUAN HILARIO,0,1,1
JUAN ISMAEL,0,1,1
JUAN JAVIER,0,1,1
JUAN JESUS,0,1,1
JUAN LUIS,0,1,1
JUAN MARIA,0,1,1
JUAN NATTAN,0,1,1
JUAN NICOLAS,0,1,1
JUAN PORTAN,0,1,1
JUAN ROLANDO,0,1,1
JUAN SAUL,0,1,1
JUAN VIANEY,0,1,1
JUANA   ANTONIA,0,1,1
JUANA  ALBERTO,0,1,1
JUANA ALBERTA,0,1,1
JUANA ALBERTINA,0,1,1
JUANA AUDELIA,0,1,1
JUANA AVIS,0,1,1
JUANA BELLA,0,1,1
JUANA CECILIA,0,1,1
JUANA CRISOSTA,0,1,1
JUANA CRISTINA,0,1,1
JUANA DE LA CON,0,1,1
JUANA DEL CARME,0,1,1
JUANA DESIDERIA,0,1,1
JUANA DIONISIA,0,1,1
JUANA DOMITILA,0,1,1
JUANA ELIA,0,1,1
JUANA ELIDA,0,1,1
JUANA ELIZABETH,0,1,1
JUANA EMELINA,0,1,1
JUANA ENGRACIA,0,1,1
JUANA ERMELINDA,0,1,1
JUANA ESPERANZA,0,1,1
JUANA EUDES,0,1,1
JUANA FELICIANA,0,1,1
JUANA GENOVEVA,0,1,1
JUANA GLADIS,0,1,1
JUANA HONORIA,0,1,1
JUANA IDALIA,0,1,1
JUANA ILDA,0,1,1
JUANA ISIDRA,0,1,1
JUANA ISOLINA,0,1,1
JUANA LICETH,0,1,1
JUANA LICIDA,0,1,1
JUANA M,0,1,1
JUANA MARTA,0,1,1
JUANA ONDINA,0,1,1
JUANA PASTORA,0,1,1
JUANA PAULA,0,1,1
JUANA PRIMITIVA,0,1,1
JUANA ROSA,0,1,1
JUANA SANTOS,0,1,1
JUANA TEODOSIA,0,1,1
JUANA TERESA,0,1,1
JUANA VENILDA,0,1,1
JUANA VICTORIA,0,1,1
JUANANRIO,0,1,1
JUANERGE,0,1,1
JUANERJES,0,1,1
JUANIBET,0,1,1
JUANIL,0,1,1
JUAQUI,0,1,1
JUAREZ,0,1,1
JUBALINA,0,1,1
JUBENIL,0,1,1
JUBENILDO,0,1,1
JUBENSIA,0,1,1
JUBESLINDA,0,1,1
JUBIL,0,1,1
JUBILA,0,1,1
JUBILEC,0,1,1
JUBINCE,0,1,1
JUBIXA,0,1,1
JUCSARA,0,1,1
JUDAIQUI,0,1,1
JUDALDO,0,1,1
JUDAT,0,1,1
JUDATH,0,1,1
JUDEH JABRA,0,1,1
JUDEK,0,1,1
JUDEL,0,1,1
JUDELL,0,1,1
JUDENCIA,0,1,1
JUDERCINDO,0,1,1
JUDHYT,0,1,1
JUDIDD,0,1,1
JUDIDT,0,1,1
JUDIET,0,1,1
JUDIG,0,1,1
JUDIK,0,1,1
JUDILH,0,1,1
JUDILIA,0,1,1
JUDILL,0,1,1
JUDILT,0,1,1
JUDIRA,0,1,1
JUDITD,0,1,1
JUDITH MELANIA,0,1,1
JUDITH REBECA,0,1,1
JUDITHS,0,1,1
JUDITHY,0,1,1
JUDITY,0,1,1
JUDITZA,0,1,1
JUDIXA,0,1,1
JUDIXZA,0,1,1
JUDIY,0,1,1
JUDTH,0,1,1
JUDYC,0,1,1
JUDYHT,0,1,1
JUEGO,0,1,1
JUELISSE,0,1,1
JUETH,0,1,1
JUGBELINA,0,1,1
JUGENA,0,1,1
JUHANI,0,1,1
JUILISSA,0,1,1
JUINE,0,1,1
JUITZA,0,1,1
JUJANNA,0,1,1
JUJANY,0,1,1
JULENE,0,1,1
JULEO,0,1,1
JULESSA,0,1,1
JULESSIE,0,1,1
JULETTMY,0,1,1
JULGENCIA,0,1,1
JULIA  ELENA,0,1,1
JULIA ALBERTINA,0,1,1
JULIA ANTONIETA,0,1,1
JULIA CARMELA,0,1,1
JULIA DANIS,0,1,1
JULIA DEL CARME,0,1,1
JULIA EMERITA,0,1,1
JULIA IRENE,0,1,1
JULIA JESUS,0,1,1
JULIA LEONOR,0,1,1
JULIA R,0,1,1
JULIA RUTH,0,1,1
JULIA SOCORRO,0,1,1
JULIAMA,0,1,1
JULIANA CORINA,0,1,1
JULIANA DE JESU,0,1,1
JULIBETTE,0,1,1
JULICE,0,1,1
JULICXA,0,1,1
JULIEBE,0,1,1
JULIEBETH,0,1,1
JULIESA,0,1,1
JULIETA DEL CAR,0,1,1
JULIETHA,0,1,1
JULILE,0,1,1
JULIMEY,0,1,1
JULIO ALBERTO,0,1,1
JULIO ANTONIO,0,1,1
JULIO EDMUNDO,0,1,1
JULIO HUMBERTO,0,1,1
JULIO RAMON,0,1,1
JULIPZA,0,1,1
JULISE,0,1,1
JULISKA,0,1,1
JULISMA,0,1,1
JULISY,0,1,1
JULITSA,0,1,1
JULITSSA,0,1,1
JULITTE,0,1,1
JULIVETH,0,1,1
JULLETT,0,1,1
JULLIETE,0,1,1
JULLYSA,0,1,1
JULLYSSA,0,1,1
JULONDIR,0,1,1
JULS,0,1,1
JULTABO,0,1,1
JULYA,0,1,1
JULYSA,0,1,1
JULYT,0,1,1
JUMAR,0,1,1
JUMILDA,0,1,1
JUNETE,0,1,1
JUNG,0,1,1
JUNIED,0,1,1
JUNIET,0,1,1
JUNINY,0,1,1
JUNISA,0,1,1
JUNISSE,0,1,1
JUNNER,0,1,1
JUNNETT,0,1,1
JUNNIORS,0,1,1
JUNOR,0,1,1
JUNTHER,0,1,1
JUOVANINA,0,1,1
JUPANKY,0,1,1
JUPITER,0,1,1
JURANDIRY,0,1,1
JURANY,0,1,1
JUREMA,0,1,1
JURID,0,1,1
JURILI,0,1,1
JURIN,0,1,1
JURITH,0,1,1
JURIXIA,0,1,1
JURNIAS,0,1,1
JURSABI,0,1,1
JUSAY,0,1,1
JUSCELINO,0,1,1
JUSELFI,0,1,1
JUSELY,0,1,1
JUSISSA,0,1,1
JUSJIXIO,0,1,1
JUSNI,0,1,1
JUSTA  PASTORA,0,1,1
JUSTA DE JESUS,0,1,1
JUSTA PAULA,0,1,1
JUSTH,0,1,1
JUSTIA,0,1,1
JUSTIEL,0,1,1
JUSTILIO,0,1,1
JUSTO AMANTE,0,1,1
JUSTO EMILIO,0,1,1
JUSTO ESTEBAN,0,1,1
JUSTO SANTOS,0,1,1
JUTH,0,1,1
JUTHY,0,1,1
JUTVELINA,0,1,1
JUTZELINO,0,1,1
JUVANE,0,1,1
JUVANEY,0,1,1
JUVELIA,0,1,1
JUVELY,0,1,1
JUVENCIA MIRIAM,0,1,1
JUVENER,0,1,1
JUVENI,0,1,1
JUVENILDO,0,1,1
JUVENILIA,0,1,1
JUVENTIL,0,1,1
JUVENTUD,0,1,1
JUVENUTO,0,1,1
JUVERDIA,0,1,1
JUVERTA,0,1,1
JUVIC,0,1,1
JUVILAR,0,1,1
JUVILETH,0,1,1
JUVIN,0,1,1
JUVINAC,0,1,1
JUVINIO,0,1,1
JUVINNE,0,1,1
JUVIO,0,1,1
JUVYNY,0,1,1
JUWELL,0,1,1
JUX,0,1,1
JUZET,0,1,1
JYANETH,0,1,1
JYSETH,0,1,1
K,0,1,1
KAARINA,0,1,1
KABASKI,0,1,1
KABETH,0,1,1
KABYD,0,1,1
KACQUELIN,0,1,1
KAE,0,1,1
KAEL,0,1,1
KAFEN,0,1,1
KAFIA MARLEN,0,1,1
KAHARO,0,1,1
KAHELESS,0,1,1
KAHODETE,0,1,1
KAHORLENY,0,1,1
KAICERINA,0,1,1
KAICHIN,0,1,1
KAINAN,0,1,1
KAINE,0,1,1
KAIREL,0,1,1
KAKELINE,0,1,1
KALAR,0,1,1
KALAZAN,0,1,1
KALED,0,1,1
KALEGNIA,0,1,1
KALELIA,0,1,1
KALERGUIS,0,1,1
KALETH,0,1,1
KALICETT,0,1,1
KALIL,0,1,1
KALIXTA,0,1,1
KALKIN,0,1,1
KALMAN,0,1,1
KAMAELINA,0,1,1
KAMALL,0,1,1
KAMANI,0,1,1
KAMARLEM,0,1,1
KAMBEL,0,1,1
KAMELIA,0,1,1
KAMELINA,0,1,1
KAMELLY,0,1,1
KAMILETH,0,1,1
KAMIR,0,1,1
KAMYLCKA,0,1,1
KANARY,0,1,1
KANAZU,0,1,1
KANOEL,0,1,1
KANT,0,1,1
KARBAT,0,1,1
KARDENIA,0,1,1
KARENDINA,0,1,1
KARENNA,0,1,1
KARENNY,0,1,1
KARENY,0,1,1
KARENYNA,0,1,1
KARICET,0,1,1
KARIDAD,0,1,1
KARIELA,0,1,1
KARIM VANESSA,0,1,1
KARIMER,0,1,1
KARIMIR,0,1,1
KARINA ISABEL,0,1,1
KARINDA,0,1,1
KARINNE,0,1,1
KARISOLY,0,1,1
KARISSA,0,1,1
KARIXZA,0,1,1
KARL OSCAR,0,1,1
KARLA AZUCENA,0,1,1
KARLA LORENA,0,1,1
KARLEDY,0,1,1
KARLENA,0,1,1
KARLENIA,0,1,1
KARLET,0,1,1
KARLETT,0,1,1
KARLEYS,0,1,1
KARLIBEL,0,1,1
KARLOBIN,0,1,1
KARLOMO,0,1,1
KARMELINA,0,1,1
KARMENY,0,1,1
KARMI-A,0,1,1
KARMIËA,0,1,1
KAROL ARNULFO,0,1,1
KAROLD,0,1,1
KAROLESCA,0,1,1
KAROLINE AUGUST,0,1,1
KAROLS,0,1,1
KAROLYN,0,1,1
KAROLYNA,0,1,1
KARONLAY,0,1,1
KARROLL,0,1,1
KARSABINA,0,1,1
KARSTEN,0,1,1
KARTHER,0,1,1
KARYZZA,0,1,1
KASS,0,1,1
KASSELY,0,1,1
KASTORINA,0,1,1
KASUE,0,1,1
KATALINA,0,1,1
KATARINA,0,1,1
KATERIA,0,1,1
KATERINNA,0,1,1
KATERINNE,0,1,1
KATERY,0,1,1
KATERYON,0,1,1
KATHANIA,0,1,1
KATHINA,0,1,1
KATHINKA,0,1,1
KATHYN,0,1,1
KATIME,0,1,1
KATINIA,0,1,1
KATIOSKA,0,1,1
KATIRA,0,1,1
KATIRIS,0,1,1
KATIUCIA,0,1,1
KATIUSA,0,1,1
KATORISMA,0,1,1
KATRENE,0,1,1
KATTERINE,0,1,1
KATTYNA,0,1,1
KATY GERMAINE,0,1,1
KATYRIA,0,1,1
KATYUSKA,0,1,1
KAY ESTELL,0,1,1
KAY FLORENCIA,0,1,1
KAYRENE,0,1,1
KAYSHA,0,1,1
KAZENSKI,0,1,1
KAZZANDRA,0,1,1
KEBLEN,0,1,1
KEBRI,0,1,1
KEBRON,0,1,1
KECIL,0,1,1
KECNALI,0,1,1
KEELLEM,0,1,1
KEENES,0,1,1
KEHTI,0,1,1
KEIN,0,1,1
KEITI,0,1,1
KELDYSS,0,1,1
KELER,0,1,1
KELIANA,0,1,1
KELLEY,0,1,1
KELLISTER,0,1,1
KELLOGG,0,1,1
KELLYNA,0,1,1
KELSEC,0,1,1
KELSYDA,0,1,1
KELTONE,0,1,1
KELYNETH,0,1,1
KELYTHA,0,1,1
KEMBERLIN,0,1,1
KEMBLIN,0,1,1
KEMIRITT,0,1,1
KEMPED,0,1,1
KENBECK,0,1,1
KENDAY,0,1,1
KENDER,0,1,1
KENDY HUNY,0,1,1
KENE,0,1,1
KENEI,0,1,1
KENEILLE,0,1,1
KENELBA,0,1,1
KENELDA,0,1,1
KENETHE,0,1,1
KENETTE,0,1,1
KENIA YAMILETH,0,1,1
KENIDAD,0,1,1
KENIDE,0,1,1
KENITRA,0,1,1
KENLE,0,1,1
KENMDEY,0,1,1
KENMEL,0,1,1
KENNALI,0,1,1
KENNALY,0,1,1
KENNARD,0,1,1
KENNEDEH,0,1,1
KENNEDEY,0,1,1
KENNEHT,0,1,1
KENNELICE,0,1,1
KENNERY,0,1,1
KENNETH ISAIAS,0,1,1
KENNETTH,0,1,1
KENNTH,0,1,1
KENTS,0,1,1
KENTY,0,1,1
KENYATA,0,1,1
KENYLEE,0,1,1
KEOMARA,0,1,1
KERCY,0,1,1
KEREN ESTER,0,1,1
KERESA,0,1,1
KEREYDA,0,1,1
KERMET,0,1,1
KERMYT,0,1,1
KERSSY,0,1,1
KERSTON,0,1,1
KERUBE,0,1,1
KERUBIN,0,1,1
KERVINH,0,1,1
KERWICK,0,1,1
KERYC,0,1,1
KESIAH,0,1,1
KESNER,0,1,1
KESSIL,0,1,1
KESSON,0,1,1
KESY,0,1,1
KETH,0,1,1
KETIS,0,1,1
KETLER,0,1,1
KETTYN,0,1,1
KEUNG,0,1,1
KEVELYN,0,1,1
KEVERLEE,0,1,1
KEVILETH,0,1,1
KEVY,0,1,1
KEWEN,0,1,1
KEYDEE FERINNET,0,1,1
KEYDI VANESSA,0,1,1
KEYLA FABRICIA,0,1,1
KEYLINE,0,1,1
KEYNE,0,1,1
KEYSEN,0,1,1
KEYTEL,0,1,1
KEZIAH,0,1,1
KHALIL ELIAS,0,1,1
KHAMER,0,1,1
KHENEHN,0,1,1
KHRISTOPHER,0,1,1
KIABELL,0,1,1
KIBIDIA,0,1,1
KID,0,1,1
KILDARE,0,1,1
KILDREP,0,1,1
KILEMA,0,1,1
KILLENS,0,1,1
KILMEDIZ,0,1,1
KILPATRY,0,1,1
KIMBERLEE,0,1,1
KIMBLE,0,1,1
KIMILCA,0,1,1
KIMMIE,0,1,1
KIMNOR,0,1,1
KIMZER,0,1,1
KINBERLING,0,1,1
KINDELMAR,0,1,1
KINDERLI,0,1,1
KINETT,0,1,1
KINNY,0,1,1
KINSSENGER,0,1,1
KINTER,0,1,1
KINVERLY,0,1,1
KIOMARY,0,1,1
KIPATRI,0,1,1
KISELA,0,1,1
KISSEL,0,1,1
KISSINYER,0,1,1
KITCHENER,0,1,1
KITOA,0,1,1
KITRES,0,1,1
KITTIE,0,1,1
KIUBER,0,1,1
KIYOMI,0,1,1
KLAKSIN,0,1,1
KLARIBEL,0,1,1
KLARICZA,0,1,1
KLARITZA,0,1,1
KLAUDEP,0,1,1
KLAUDYNA,0,1,1
KLAY,0,1,1
KLEHEAR,0,1,1
KLEIRINA,0,1,1
KLERET,0,1,1
KLEYENER,0,1,1
KLIDIS,0,1,1
KLIMACO,0,1,1
KLISTER,0,1,1
KLOMAR,0,1,1
KLYNTON,0,1,1
KNIGHT,0,1,1
KOARIK,0,1,1
KOBALSKY,0,1,1
KOBANSQUI,0,1,1
KOBASKY,0,1,1
KOBELI,0,1,1
KOCH LEON,0,1,1
KOHELY,0,1,1
KON,0,1,1
KONARY,0,1,1
KONG,0,1,1
KOOTY,0,1,1
KORALIA,0,1,1
KORBI,0,1,1
KORINO,0,1,1
KORINSA,0,1,1
KORIPSA,0,1,1
KORIS,0,1,1
KORITHZA,0,1,1
KORITXA,0,1,1
KORITZY,0,1,1
KOSLEY,0,1,1
KOUFAX,0,1,1
KOVER,0,1,1
KOWALSKI,0,1,1
KRAMER,0,1,1
KRAMERS,0,1,1
KRESBEL,0,1,1
KREY,0,1,1
KRISANDA,0,1,1
KRISDET,0,1,1
KRISMY,0,1,1
KRISNAYA,0,1,1
KRISOL,0,1,1
KRISSEL,0,1,1
KRISTELA,0,1,1
KRISTELIA,0,1,1
KRISTELL FRINEE,0,1,1
KRISTHIA,0,1,1
KRISTHINA,0,1,1
KRISTIBEL,0,1,1
KRISTINE,0,1,1
KRISTOFFERS,0,1,1
KRISTOFFORSON,0,1,1
KRISTT,0,1,1
KRISTTELL,0,1,1
KRIZANDA,0,1,1
KRIZETH,0,1,1
KROTHANA,0,1,1
KRUSCHENKO,0,1,1
KRYSTELL,0,1,1
KSIDARTI,0,1,1
KUBY,0,1,1
KUEIN,0,1,1
KUINSI,0,1,1
KUMUSBKA,0,1,1
KUNCEWITH,0,1,1
KUNDALINI,0,1,1
KURMETH,0,1,1
KWAME,0,1,1
KWANH,0,1,1
KWEN,0,1,1
KWOK TONG,0,1,1
KYLVER,0,1,1
KYRBERLYN,0,1,1
KYUNG,0,1,1
L  MARCELINA,0,1,1
L AUREANO,0,1,1
LA   CONCEPCION,0,1,1
LA   CRUZ,0,1,1
LA BERONICA,0,1,1
LA CAMPAJULIO R,0,1,1
LA CRUZ FATIMA,0,1,1
LA CRUZ PAZ,0,1,1
LA FERN,0,1,1
LA MARIS,0,1,1
LA SALLE,0,1,1
LA VERNE,0,1,1
LABENIA,0,1,1
LABIËA,0,1,1
LABIBE,0,1,1
LABIERTAR,0,1,1
LABORN,0,1,1
LABRENCE,0,1,1
LABSAGNA LEE,0,1,1
LABSANG,0,1,1
LACADIO,0,1,1
LACENIO,0,1,1
LACER,0,1,1
LACERIS,0,1,1
LACRUZ,0,1,1
LACSEL,0,1,1
LACTERIO,0,1,1
LAD,0,1,1
LADEMY,0,1,1
LADILMIR,0,1,1
LADINE,0,1,1
LADINEZ,0,1,1
LADISABEL,0,1,1
LADISLAC,0,1,1
LADIXOI,0,1,1
LADUAN,0,1,1
LADUVINA,0,1,1
LAELANIE,0,1,1
LAFFITTE,0,1,1
LAFONSO,0,1,1
LAFORM,0,1,1
LAFORNE,0,1,1
LAFREDO,0,1,1
LAGLAEL,0,1,1
LAGORA,0,1,1
LAGRIES,0,1,1
LAHANY,0,1,1
LAHY,0,1,1
LAICO,0,1,1
LAIMA,0,1,1
LAINEL,0,1,1
LAIRD,0,1,1
LAIRITO,0,1,1
LAIRSSA,0,1,1
LAISAN,0,1,1
LAITILA,0,1,1
LAIVEL,0,1,1
LAJN,0,1,1
LAKE,0,1,1
LAKICIA,0,1,1
LAKRISIA,0,1,1
LAKSMI,0,1,1
LALL,0,1,1
LALURIA,0,1,1
LALUZ,0,1,1
LAM ALFREDO,0,1,1
LAMARIEL,0,1,1
LAMARIES,0,1,1
LAMBERTINI,0,1,1
LAMED,0,1,1
LAMET,0,1,1
LAMETH,0,1,1
LAMICELA,0,1,1
LAMIGUEIRA,0,1,1
LAMILETH,0,1,1
LAMINIO,0,1,1
LAMMY,0,1,1
LANBERTO,0,1,1
LANCASTER,0,1,1
LANCELINA,0,1,1
LAND,0,1,1
LANDALY,0,1,1
LANDAVERDE,0,1,1
LANDE,0,1,1
LANDES,0,1,1
LANDIN,0,1,1
LANDOLFY,0,1,1
LANDRI,0,1,1
LANESTON,0,1,1
LANG JOAN,0,1,1
LANGERESE,0,1,1
LANGTHOM,0,1,1
LANIA,0,1,1
LANIBIA,0,1,1
LANIN,0,1,1
LANJEBER,0,1,1
LANNIER,0,1,1
LANNISE,0,1,1
LANVERTINY,0,1,1
LAODETTE,0,1,1
LAODICIA,0,1,1
LAOMER,0,1,1
LARAINNE,0,1,1
LARAL,0,1,1
LARCO,0,1,1
LARED,0,1,1
LARELA,0,1,1
LARENA,0,1,1
LAREORN,0,1,1
LARESY,0,1,1
LARETH,0,1,1
LARHA,0,1,1
LARIBEL,0,1,1
LARICH,0,1,1
LARICIO,0,1,1
LARICSA,0,1,1
LARIDEL,0,1,1
LARILDA,0,1,1
LARIN,0,1,1
LARINALDA,0,1,1
LARIPSA,0,1,1
LARISSE,0,1,1
LARITHZA,0,1,1
LARIXSA,0,1,1
LARNEL,0,1,1
LAROIN,0,1,1
LARRABEE,0,1,1
LARRABER,0,1,1
LARRIBEE,0,1,1
LARRIS,0,1,1
LARRS,0,1,1
LARRSON,0,1,1
LARRY BEE,0,1,1
LARRYBEE,0,1,1
LARUE,0,1,1
LAS  VIRGENES,0,1,1
LAS MERCEDES,0,1,1
LASANDER,0,1,1
LASARA,0,1,1
LASBURT,0,1,1
LASCENIA,0,1,1
LASCIEL,0,1,1
LASIS,0,1,1
LASLEY,0,1,1
LASSENIA,0,1,1
LASSIE,0,1,1
LASTANIA,0,1,1
LASTENI,0,1,1
LASTENIA DEL SO,0,1,1
LATANIA,0,1,1
LATICIA,0,1,1
LATIMON,0,1,1
LATINAL,0,1,1
LAUBDIEL,0,1,1
LAUBRIANO,0,1,1
LAUCTINA,0,1,1
LAUDBACK,0,1,1
LAUDELI,0,1,1
LAUDELIA,0,1,1
LAUDERINO,0,1,1
LAUDET,0,1,1
LAUDETH,0,1,1
LAUDILINA,0,1,1
LAUDO,0,1,1
LAUERN,0,1,1
LAURA  AMINTA,0,1,1
LAURA ALEXANDRA,0,1,1
LAURA DE JESUS,0,1,1
LAURA ENTINA,0,1,1
LAURE,0,1,1
LAUREINA,0,1,1
LAURELIO,0,1,1
LAURENE,0,1,1
LAURENSKI,0,1,1
LAURESTILA,0,1,1
LAURETH,0,1,1
LAURETHE,0,1,1
LAURIBETH,0,1,1
LAURIENCE,0,1,1
LAURINE,0,1,1
LAURITH,0,1,1
LAURITS,0,1,1
LAURY  ESTELA,0,1,1
LAUS,0,1,1
LAUSENI,0,1,1
LAUTANY,0,1,1
LAUTINA,0,1,1
LAUTRIA,0,1,1
LAUVORNE,0,1,1
LAVAN,0,1,1
LAVANIA,0,1,1
LAVEINIA,0,1,1
LAVENE,0,1,1
LAVERME,0,1,1
LAVERNA,0,1,1
LAVINAC,0,1,1
LAVINID,0,1,1
LAVIS,0,1,1
LAVIVE,0,1,1
LAVONE,0,1,1
LAVONIE,0,1,1
LAVORIEL,0,1,1
LAVOURN,0,1,1
LAVYNIA,0,1,1
LAXEC,0,1,1
LAXTENIA,0,1,1
LAYAN,0,1,1
LAYANI,0,1,1
LAYJANA,0,1,1
LAYKER,0,1,1
LAYNS,0,1,1
LAYSI,0,1,1
LAYURE,0,1,1
LAYURIE,0,1,1
LAZARA ADIA,0,1,1
LAZARUS,0,1,1
LAZEMBI,0,1,1
LAZZARINA,0,1,1
LAZZARINO,0,1,1
LAZZARY,0,1,1
LEA ROSA,0,1,1
LEABIN,0,1,1
LEADAN,0,1,1
LEADEZ,0,1,1
LEANDO,0,1,1
LEANDRA CONSUEL,0,1,1
LEANDRA ERNESTI,0,1,1
LEANES,0,1,1
LEAR,0,1,1
LEARCY,0,1,1
LEARQUIN,0,1,1
LEASAR,0,1,1
LEASY,0,1,1
LEATI,0,1,1
LEATRIS,0,1,1
LEAVEL,0,1,1
LEAVID,0,1,1
LEAVYN,0,1,1
LEAWORN,0,1,1
LEBAI,0,1,1
LEBE,0,1,1
LEBEB,0,1,1
LEBEL,0,1,1
LEBER,0,1,1
LEBERALDO,0,1,1
LEBERATO,0,1,1
LEBERCIA,0,1,1
LEBIAL,0,1,1
LEBICIA,0,1,1
LEBIO,0,1,1
LEBIX,0,1,1
LEBIXE,0,1,1
LEBRI,0,1,1
LEBRON,0,1,1
LEBUSE,0,1,1
LEBYTH,0,1,1
LECATI,0,1,1
LECCENIA,0,1,1
LECDIANA,0,1,1
LECEY,0,1,1
LECHICK,0,1,1
LECIEBA,0,1,1
LECIRE,0,1,1
LECODAN,0,1,1
LECSANDER,0,1,1
LECSI,0,1,1
LECTH,0,1,1
LECTIZIA,0,1,1
LECZENIA,0,1,1
LECZINSKY,0,1,1
LEDANYS,0,1,1
LEDECIA,0,1,1
LEDEDMA,0,1,1
LEDEIDA,0,1,1
LEDELY,0,1,1
LEDERLIN,0,1,1
LEDESMY,0,1,1
LEDESNA,0,1,1
LEDET,0,1,1
LEDEZMAN,0,1,1
LEDICIA,0,1,1
LEDINIA,0,1,1
LEDIS DOLORES,0,1,1
LEDIS MERCEDES,0,1,1
LEDISMA,0,1,1
LEDISMO,0,1,1
LEDITA,0,1,1
LEDIVI,0,1,1
LEDONY,0,1,1
LEDUARDO,0,1,1
LEDUVIN,0,1,1
LEDUVINES,0,1,1
LEDYSBETH,0,1,1
LEE  ARDA,0,1,1
LEE  GALE,0,1,1
LEE  MAY,0,1,1
LEE ANA ISABEL,0,1,1
LEE ANN,0,1,1
LEE ANN ZILDA,0,1,1
LEE DEE,0,1,1
LEE DORIS,0,1,1
LEE ELIZABETH,0,1,1
LEE ISABELLE,0,1,1
LEE JACKYLYN,0,1,1
LEE LISA,0,1,1
LEE MARGARITA,0,1,1
LEE MARXS,0,1,1
LEE PING,0,1,1
LEE RUBINA,0,1,1
LEE SUSAN,0,1,1
LEE VICTORIA,0,1,1
LEECENIA,0,1,1
LEEM,0,1,1
LEEMON,0,1,1
LEEOLA,0,1,1
LEEQUER,0,1,1
LEEURTIS,0,1,1
LEGASPI,0,1,1
LEGIS,0,1,1
LEGUBINA,0,1,1
LEGZIP,0,1,1
LEHA,0,1,1
LEHDYN,0,1,1
LEHONY,0,1,1
LEIBAS,0,1,1
LEIBEL,0,1,1
LEIBNIT,0,1,1
LEIBNIZ,0,1,1
LEIBOL,0,1,1
LEIBUOLL,0,1,1
LEICH,0,1,1
LEICIA,0,1,1
LEIDENY,0,1,1
LEIFANY,0,1,1
LEIGHT,0,1,1
LEILA JUNE,0,1,1
LEILER,0,1,1
LEILIBETH,0,1,1
LEILYS,0,1,1
LEIMER,0,1,1
LEINA,0,1,1
LEINDIVET,0,1,1
LEIPLLSY,0,1,1
LEIREY,0,1,1
LEISCETH,0,1,1
LEISETH,0,1,1
LEISLIS EMELIO,0,1,1
LEITH,0,1,1
LEITON,0,1,1
LEIVINA,0,1,1
LEIZABETH,0,1,1
LEIZETH,0,1,1
LEJANDRINO,0,1,1
LEJARS,0,1,1
LEKSED,0,1,1
LEL,0,1,1
LELANIA,0,1,1
LELCIS,0,1,1
LELEDIN,0,1,1
LELENA,0,1,1
LELEY,0,1,1
LELIS EDGARDO,0,1,1
LELIS FIDELIA,0,1,1
LELLANITH,0,1,1
LELLANY,0,1,1
LELO,0,1,1
LELOND,0,1,1
LELU,0,1,1
LEMAR,0,1,1
LEMBORG,0,1,1
LEMMOR,0,1,1
LEMNIN,0,1,1
LEMUN,0,1,1
LEMUS,0,1,1
LEMUS BENGTSON,0,1,1
LENAIRE,0,1,1
LENALI,0,1,1
LENARDUCY,0,1,1
LENARDUSI,0,1,1
LENCHOS,0,1,1
LENCIA ASUNCION,0,1,1
LENCOLN,0,1,1
LENCOYAN,0,1,1
LENDO,0,1,1
LENEL,0,1,1
LENELL,0,1,1
LENETTE,0,1,1
LENEX,0,1,1
LENEYDY,0,1,1
LENGNY,0,1,1
LENI XIOMARA,0,1,1
LENIAN,0,1,1
LENICE,0,1,1
LENIERS,0,1,1
LENIETH,0,1,1
LENIG,0,1,1
LENILDA,0,1,1
LENIMS,0,1,1
LENIN  AGALTEL,0,1,1
LENIN ANGELITO,0,1,1
LENIN ANTONIO,0,1,1
LENINOVA,0,1,1
LENIRETH,0,1,1
LENISSA,0,1,1
LENIT,0,1,1
LENITT,0,1,1
LENIXA,0,1,1
LENOC,0,1,1
LENOCHSKA,0,1,1
LENORMAN,0,1,1
LENTAETH,0,1,1
LENURIA,0,1,1
LEO DANT,0,1,1
LEOBAR,0,1,1
LEOBEGILDO,0,1,1
LEOBIN,0,1,1
LEOCADI,0,1,1
LEOCADIA BRIGID,0,1,1
LEOCANDA,0,1,1
LEOCDINA,0,1,1
LEOCINDA,0,1,1
LEODANS,0,1,1
LEODESTY,0,1,1
LEODID,0,1,1
LEODILDO,0,1,1
LEODINO,0,1,1
LEODITH,0,1,1
LEODONY,0,1,1
LEODOSIA,0,1,1
LEOEGILDO,0,1,1
LEOEL,0,1,1
LEOENY,0,1,1
LEOGINIO,0,1,1
LEOLFO,0,1,1
LEOLINDO,0,1,1
LEOMARVI,0,1,1
LEOMBARDO,0,1,1
LEOMEDIS,0,1,1
LEOMIN,0,1,1
LEOMIR,0,1,1
LEOMITH,0,1,1
LEOMYLA,0,1,1
LEON ANTOLINO,0,1,1
LEON ANTONIO,0,1,1
LEON BENITO,0,1,1
LEON EMETERIO,0,1,1
LEON ENMANUEL,0,1,1
LEON GABRIEL,0,1,1
LEON GERMAN,0,1,1
LEON PAZ,0,1,1
LEONACI,0,1,1
LEONADIZ,0,1,1
LEONAI,0,1,1
LEONALDI,0,1,1
LEONARDA AMALIA,0,1,1
LEONARDIN,0,1,1
LEONARDINO,0,1,1
LEONARDIT,0,1,1
LEONARDITA,0,1,1
LEONARDO ANDRES,0,1,1
LEONARDO DAVID,0,1,1
LEONARDO MARTIN,0,1,1
LEONCELIA,0,1,1
LEONDAN,0,1,1
LEONEDE,0,1,1
LEONEIDA,0,1,1
LEONEL ALEXIS,0,1,1
LEONEL ANTONIO,0,1,1
LEONEL EMILIO,0,1,1
LEONEL ROGER,0,1,1
LEONERIS,0,1,1
LEONET,0,1,1
LEONETT PEIT,0,1,1
LEONGINA,0,1,1
LEONICE,0,1,1
LEONIDAS ALONZO,0,1,1
LEONIDAS GLADIS,0,1,1
LEONIDAS LUCAS,0,1,1
LEONIDAS NAVALI,0,1,1
LEONIDAZ,0,1,1
LEONIDE,0,1,1
LEONILA  MARTA,0,1,1
LEONILA BLASINA,0,1,1
LEONILDE,0,1,1
LEONILE,0,1,1
LEONILIO,0,1,1
LEONILY,0,1,1
LEONIN,0,1,1
LEONINE,0,1,1
LEONISE,0,1,1
LEONISO,0,1,1
LEONNIE,0,1,1
LEONOEL,0,1,1
LEONON,0,1,1
LEONOR EULOFIA,0,1,1
LEONOR LETICIA,0,1,1
LEONOR MERCEDES,0,1,1
LEONOR SUYAPA,0,1,1
LEONORA PAZ,0,1,1
LEONORDO,0,1,1
LEONORN,0,1,1
LEONYS,0,1,1
LEOPATRA,0,1,1
LEOPOLDO ISAAC,0,1,1
LEOPOLE,0,1,1
LEORGINA,0,1,1
LEORNARDO,0,1,1
LEOSA,0,1,1
LEOSBILDO,0,1,1
LEOVANI,0,1,1
LEOVIA,0,1,1
LEOVIGIDIA,0,1,1
LEOVOISIER,0,1,1
LEOWN,0,1,1
LEOXADIA,0,1,1
LEOYDINA,0,1,1
LEQUISHA,0,1,1
LERANY,0,1,1
LERAY,0,1,1
LERENA,0,1,1
LERENIA,0,1,1
LEREYDA,0,1,1
LERGIO,0,1,1
LERGIS,0,1,1
LERIANS,0,1,1
LERIN,0,1,1
LERITZA,0,1,1
LERIVI,0,1,1
LERNER,0,1,1
LESALENI,0,1,1
LESANDRA,0,1,1
LESBANIA,0,1,1
LESBELL,0,1,1
LESBETH,0,1,1
LESBIA LOURDES,0,1,1
LESBIETH,0,1,1
LESBITH,0,1,1
LESBORG,0,1,1
LESCENI,0,1,1
LESDENYS,0,1,1
LESDIDIANA,0,1,1
LESENY,0,1,1
LESET,0,1,1
LESHANY,0,1,1
LESIDERIO,0,1,1
LESIDETTE,0,1,1
LESIREC,0,1,1
LESITL,0,1,1
LESIY,0,1,1
LESLEANY,0,1,1
LESLI  ZIOMARA,0,1,1
LESLI YAMILETH,0,1,1
LESLIAN,0,1,1
LESLIEY,0,1,1
LESMAS,0,1,1
LESSANDRA,0,1,1
LESSANY,0,1,1
LESSENIA,0,1,1
LESSENYA,0,1,1
LESSIRETH,0,1,1
LESSLIE,0,1,1
LESSNER,0,1,1
LESTE,0,1,1
LESTIL,0,1,1
LESTRID,0,1,1
LESUANIA,0,1,1
LESVANIA,0,1,1
LESVELIA,0,1,1
LETCIA,0,1,1
LETHIN,0,1,1
LETHON,0,1,1
LETICCIA,0,1,1
LETICIA ANABELA,0,1,1
LETICIA CONCEPC,0,1,1
LETICIA DOUGLAS,0,1,1
LETICIA ELIZABE,0,1,1
LETICIA LUCIA,0,1,1
LETICIAS,0,1,1
LETICIAZ,0,1,1
LETICIE,0,1,1
LETIERIS,0,1,1
LETIERY,0,1,1
LETILCIA,0,1,1
LETIS YAMILETH,0,1,1
LETOR,0,1,1
LETRICE,0,1,1
LETRICIA,0,1,1
LETTIZ,0,1,1
LETTON,0,1,1
LETUANI,0,1,1
LETURIA,0,1,1
LETZI,0,1,1
LETZY,0,1,1
LEU,0,1,1
LEUBY,0,1,1
LEUCINNIO,0,1,1
LEUD,0,1,1
LEUFEMIA,0,1,1
LEUGERIA,0,1,1
LEUMIM,0,1,1
LEUNG,0,1,1
LEURDIS,0,1,1
LEURIE,0,1,1
LEURINDA,0,1,1
LEUSYELI,0,1,1
LEUTARO,0,1,1
LEVANESSA,0,1,1
LEVANS,0,1,1
LEVAUGHN,0,1,1
LEVENY,0,1,1
LEVERN,0,1,1
LEVERNE,0,1,1
LEVERSIA,0,1,1
LEVI DE JESUS,0,1,1
LEVIAN,0,1,1
LEVIDIA,0,1,1
LEVINA,0,1,1
LEVINGSTON,0,1,1
LEVISIA,0,1,1
LEVISMINDA,0,1,1
LEVISTER,0,1,1
LEVITA,0,1,1
LEVITO,0,1,1
LEVITT,0,1,1
LEVONIAN,0,1,1
LEVYVY,0,1,1
LEWELYN,0,1,1
LEWY,0,1,1
LEXABETH,0,1,1
LEXAMA,0,1,1
LEXANDO,0,1,1
LEXANDRE,0,1,1
LEXANDRO,0,1,1
LEXCIR,0,1,1
LEXDUVI,0,1,1
LEXIX,0,1,1
LEXIZ,0,1,1
LEXOMINA,0,1,1
LEXZI,0,1,1
LEXZZENITH,0,1,1
LEYANY,0,1,1
LEYDA ARACELY,0,1,1
LEYDENIA,0,1,1
LEYDIE,0,1,1
LEYDIKER,0,1,1
LEYENI,0,1,1
LEYLALI,0,1,1
LEYLANIS,0,1,1
LEYLHIS,0,1,1
LEYLOR,0,1,1
LEYMER,0,1,1
LEYN FONG,0,1,1
LEYNSYN,0,1,1
LEYONS,0,1,1
LEYPLIN,0,1,1
LEYSABEL,0,1,1
LEYSIO,0,1,1
LEYURY,0,1,1
LEYZE,0,1,1
LEZ,0,1,1
LEZANDRA,0,1,1
LEZANDRE,0,1,1
LEZEHT,0,1,1
LEZEHTE,0,1,1
LEZEIDA,0,1,1
LEZELTH,0,1,1
LEZENTH,0,1,1
LEZETHE,0,1,1
LEZZ,0,1,1
LEZZETE,0,1,1
LEZZETTE,0,1,1
LEZZITH,0,1,1
LHI,0,1,1
LI CHENG,0,1,1
LIA ROSA,0,1,1
LIABETH,0,1,1
LIAH,0,1,1
LIAHONA,0,1,1
LIAMY,0,1,1
LIANEC,0,1,1
LIANEL,0,1,1
LIANES,0,1,1
LIASAIDA,0,1,1
LIAT,0,1,1
LIBAITH,0,1,1
LIBALKIRIA,0,1,1
LIBANESA,0,1,1
LIBANYS,0,1,1
LIBARES,0,1,1
LIBDENIA,0,1,1
LIBEA,0,1,1
LIBED,0,1,1
LIBEIDA,0,1,1
LIBELIA,0,1,1
LIBELMAN,0,1,1
LIBERANDO,0,1,1
LIBERTH,0,1,1
LIBERTI,0,1,1
LIBETT,0,1,1
LIBEX,0,1,1
LIBIDO,0,1,1
LIBIET,0,1,1
LIBIETT,0,1,1
LIBINO,0,1,1
LIBINOK,0,1,1
LIBINOTH,0,1,1
LIBINOY,0,1,1
LIBNISIMEY,0,1,1
LIBRAN,0,1,1
LICANDER,0,1,1
LICANOR,0,1,1
LICARINA,0,1,1
LICARO,0,1,1
LICCES,0,1,1
LICCEX,0,1,1
LICDENY,0,1,1
LICDENYS,0,1,1
LICEC,0,1,1
LICECETT,0,1,1
LICECITA,0,1,1
LICEDY,0,1,1
LICEET,0,1,1
LICEHH,0,1,1
LICEK,0,1,1
LICEM,0,1,1
LICENI,0,1,1
LICENQUI,0,1,1
LICENTH,0,1,1
LICEO,0,1,1
LICER,0,1,1
LICETP,0,1,1
LICETZ,0,1,1
LICEXT,0,1,1
LICIBEL,0,1,1
LICIDE,0,1,1
LICINIA,0,1,1
LICIS,0,1,1
LICNY,0,1,1
LICSANIA,0,1,1
LICSE,0,1,1
LICTANIA,0,1,1
LICTAVES,0,1,1
LICYDA,0,1,1
LICZABEL,0,1,1
LIDA ORTENCIA,0,1,1
LIDABED,0,1,1
LIDALI,0,1,1
LIDALY,0,1,1
LIDANIXA,0,1,1
LIDANY,0,1,1
LIDAVINA,0,1,1
LIDBEL,0,1,1
LIDBETTE,0,1,1
LIDDENE,0,1,1
LIDDIETH,0,1,1
LIDDIETTE,0,1,1
LIDE HEYNA,0,1,1
LIDEBETH,0,1,1
LIDECI,0,1,1
LIDECY,0,1,1
LIDED,0,1,1
LIDEDNY,0,1,1
LIDEE,0,1,1
LIDELIA,0,1,1
LIDEMI,0,1,1
LIDEMIS,0,1,1
LIDENCIA,0,1,1
LIDENIZ,0,1,1
LIDERBRANDO,0,1,1
LIDERINA,0,1,1
LIDESA,0,1,1
LIDESI,0,1,1
LIDESMA,0,1,1
LIDEVINA,0,1,1
LIDEY,0,1,1
LIDEYNI,0,1,1
LIDEYSI,0,1,1
LIDGARDO,0,1,1
LIDHIA,0,1,1
LIDIA ADALINDA,0,1,1
LIDIA ANGELINA,0,1,1
LIDIA ANTOLINA,0,1,1
LIDIA ARELY,0,1,1
LIDIA CANDIDA,0,1,1
LIDIA CARLOTA,0,1,1
LIDIA CRISTINA,0,1,1
LIDIA DOLORES,0,1,1
LIDIA ELVIA,0,1,1
LIDIA ESTRELLA,0,1,1
LIDIA LUZ,0,1,1
LIDIA MARGOT,0,1,1
LIDIA MARUBEN,0,1,1
LIDIA ONDINA,0,1,1
LIDIA REBECCA,0,1,1
LIDIA ROSA,0,1,1
LIDIAMS,0,1,1
LIDIANEE,0,1,1
LIDIBEL,0,1,1
LIDIBINA,0,1,1
LIDICH,0,1,1
LIDICY,0,1,1
LIDIDIA,0,1,1
LIDIE,0,1,1
LIDIEDD,0,1,1
LIDIEHT,0,1,1
LIDIETTH,0,1,1
LIDIN,0,1,1
LIDINIA,0,1,1
LIDIOQUE,0,1,1
LIDIVED,0,1,1
LIDIVETH,0,1,1
LIDIZ,0,1,1
LIDNI,0,1,1
LIDOLFO,0,1,1
LIDONEL,0,1,1
LIDOVEL,0,1,1
LIDOVINA,0,1,1
LIDT,0,1,1
LIDUBET,0,1,1
LIDUBID,0,1,1
LIDUINA,0,1,1
LIDUMIDA,0,1,1
LIDUVINIO,0,1,1
LIDWAY,0,1,1
LIDYBET,0,1,1
LIDYCE,0,1,1
LIDYLIA,0,1,1
LIEDIED,0,1,1
LIERMAN,0,1,1
LIESBET,0,1,1
LIESE,0,1,1
LIESIER,0,1,1
LIESON,0,1,1
LIET,0,1,1
LIETH,0,1,1
LIEVERMAN,0,1,1
LIEZL,0,1,1
LIFFORD,0,1,1
LIGDAMUR,0,1,1
LIGDARI,0,1,1
LIGHTBURA,0,1,1
LIGIA HAIDEE,0,1,1
LIGIA ZARON,0,1,1
LIGNTON,0,1,1
LIGORIO,0,1,1
LIGUBINA,0,1,1
LIHBET,0,1,1
LIHOBALDO,0,1,1
LIIDA,0,1,1
LIKTON,0,1,1
LILCENIA,0,1,1
LILDIA,0,1,1
LILEA,0,1,1
LILI DE LOS SAN,0,1,1
LILI ONEIDA,0,1,1
LILIA MARIA,0,1,1
LILIA ONDINA,0,1,1
LILIA ROMELIA,0,1,1
LILIAM YOLANDA,0,1,1
LILIAMS CONSUEL,0,1,1
LILIAN  YANET,0,1,1
LILIAN AIDA,0,1,1
LILIAN CRISELDA,0,1,1
LILIAN HENEIDA,0,1,1
LILIAN MARIBEL,0,1,1
LILIAN MARITZA,0,1,1
LILIAN NICET,0,1,1
LILIAN NOEMI,0,1,1
LILIAN YOLANDA,0,1,1
LILIANAN,0,1,1
LILIANNA,0,1,1
LILIANO,0,1,1
LILIAR,0,1,1
LILIATH,0,1,1
LILIBEC,0,1,1
LILIBERTO,0,1,1
LILIBETH ESTELL,0,1,1
LILIBETTE,0,1,1
LILIBEX,0,1,1
LILIBTE,0,1,1
LILICHKA,0,1,1
LILIDIA,0,1,1
LILIEHT,0,1,1
LILIELTE,0,1,1
LILIELTH,0,1,1
LILIETE,0,1,1
LILIETEE,0,1,1
LILIETTE,0,1,1
LILILIA,0,1,1
LILINETH,0,1,1
LILISBETH,0,1,1
LILIX,0,1,1
LILIZZET,0,1,1
LILL,0,1,1
LILL PAOLA,0,1,1
LILLIA,0,1,1
LILLIANN,0,1,1
LILLIBETH,0,1,1
LILLIET,0,1,1
LILLIETH,0,1,1
LILLYAMS,0,1,1
LILLYBETT,0,1,1
LILON,0,1,1
LILVY,0,1,1
LILYANA,0,1,1
LILYANS,0,1,1
LILYET,0,1,1
LILYETH,0,1,1
LILYT,0,1,1
LIMAN,0,1,1
LIMARDO,0,1,1
LIMAS,0,1,1
LIMBIANA,0,1,1
LIMBURGH,0,1,1
LIMDBERG,0,1,1
LIMDBERGH,0,1,1
LIMIBETH,0,1,1
LIMIR,0,1,1
LIMITH,0,1,1
LIMONAR,0,1,1
LIN DEMAN,0,1,1
LIN IVONNE,0,1,1
LINA CONSUELO,0,1,1
LINA HORTENCIA,0,1,1
LINA ISTAVES,0,1,1
LINA TEXLA,0,1,1
LINABEL,0,1,1
LINADURCI,0,1,1
LINARE,0,1,1
LINAREZ,0,1,1
LINAS,0,1,1
LINAVID,0,1,1
LINAZETH,0,1,1
LINBOER,0,1,1
LINCOLN GEORGE,0,1,1
LINDA  AIDE,0,1,1
LINDA  AMELIA,0,1,1
LINDA ANGELIQA,0,1,1
LINDA ESPERANZA,0,1,1
LINDA IBET,0,1,1
LINDA LY,0,1,1
LINDA ODILIA,0,1,1
LINDABRIDIS,0,1,1
LINDAI,0,1,1
LINDALEE,0,1,1
LINDALIDIA,0,1,1
LINDALU,0,1,1
LINDALYD,0,1,1
LINDARPI,0,1,1
LINDAVIT,0,1,1
LINDAYZ,0,1,1
LINDBERG,0,1,1
LINDBERGS,0,1,1
LINDBERY,0,1,1
LINDEIS,0,1,1
LINDERSEY,0,1,1
LINDESA,0,1,1
LINDESLI,0,1,1
LINDESLY,0,1,1
LINDET,0,1,1
LINDEXI,0,1,1
LINDEXY,0,1,1
LINDIESY,0,1,1
LINDILO,0,1,1
LINDOL,0,1,1
LINDOLFO ESTEBA,0,1,1
LINDORA,0,1,1
LINDSSAY,0,1,1
LINDUR,0,1,1
LINDYVEK,0,1,1
LINDZAY,0,1,1
LINEBETH,0,1,1
LINECIO,0,1,1
LINEHS,0,1,1
LINEHT,0,1,1
LINEIDY,0,1,1
LINELI,0,1,1
LINENY,0,1,1
LINES,0,1,1
LINETHE,0,1,1
LINEVETH,0,1,1
LINEX,0,1,1
LINFORD,0,1,1
LINGEROL,0,1,1
LINHG,0,1,1
LININ,0,1,1
LINLUI,0,1,1
LINNDETH,0,1,1
LINNEAUS,0,1,1
LINNEO,0,1,1
LINNIC,0,1,1
LINO RAMON,0,1,1
LINOS,0,1,1
LINOVIA,0,1,1
LINSCOTT,0,1,1
LINSE,0,1,1
LINSEI,0,1,1
LINTION,0,1,1
LINZEY,0,1,1
LINZY,0,1,1
LIOBANY,0,1,1
LIOCADIA,0,1,1
LIODIN,0,1,1
LIODORA,0,1,1
LIODORO,0,1,1
LIOENY,0,1,1
LIOLENY,0,1,1
LIONAY,0,1,1
LIONEIRA,0,1,1
LIONEL DANRRY,0,1,1
LIONELL,0,1,1
LIONELLO,0,1,1
LIONELSE,0,1,1
LIONELSY,0,1,1
LIONELY,0,1,1
LIONES,0,1,1
LIONET,0,1,1
LIONILO,0,1,1
LIOVANA,0,1,1
LIPDARY,0,1,1
LIPETH,0,1,1
LIPIA,0,1,1
LIRABEL,0,1,1
LIRENA,0,1,1
LIRIBETH,0,1,1
LIRIETH,0,1,1
LIRINA,0,1,1
LIRMA,0,1,1
LIROSY,0,1,1
LISA MINELLY,0,1,1
LISABED,0,1,1
LISABETY,0,1,1
LISALY,0,1,1
LISANDERD,0,1,1
LISANDO,0,1,1
LISANDOR,0,1,1
LISANDRO RAFAEL,0,1,1
LISANIS,0,1,1
LISANKY,0,1,1
LISANO,0,1,1
LISANQUI,0,1,1
LISARDINA,0,1,1
LISBBETH,0,1,1
LISBBETT,0,1,1
LISBEA,0,1,1
LISBEDTH,0,1,1
LISBEK,0,1,1
LISBELIA,0,1,1
LISBERTH,0,1,1
LISBERTO,0,1,1
LISBETER,0,1,1
LISBETH WALDINA,0,1,1
LISBETI,0,1,1
LISBETY,0,1,1
LISBIANA,0,1,1
LISCINIA,0,1,1
LISDAY,0,1,1
LISDEMIS,0,1,1
LISDENE,0,1,1
LISDETH,0,1,1
LISECT,0,1,1
LISECTH,0,1,1
LISEH,0,1,1
LISEHETH,0,1,1
LISEIBY,0,1,1
LISELH,0,1,1
LISELI,0,1,1
LISELIA,0,1,1
LISELL,0,1,1
LISELLY,0,1,1
LISELOTTE,0,1,1
LISEN,0,1,1
LISENDRA,0,1,1
LISENE,0,1,1
LISEPT,0,1,1
LISEPTH,0,1,1
LISERY,0,1,1
LISETL,0,1,1
LISEY,0,1,1
LISEYBI,0,1,1
LISEZETH,0,1,1
LISHET,0,1,1
LISHETT,0,1,1
LISIANA,0,1,1
LISIDIA,0,1,1
LISIETH,0,1,1
LISIMALO,0,1,1
LISINKO,0,1,1
LISLIANA,0,1,1
LISMABET,0,1,1
LISMERSE,0,1,1
LISMET,0,1,1
LISNABET,0,1,1
LISPETH,0,1,1
LISSABET,0,1,1
LISSBET,0,1,1
LISSEH,0,1,1
LISSELL,0,1,1
LISSELLE,0,1,1
LISSETTC,0,1,1
LISSETTEE,0,1,1
LISSHET,0,1,1
LISSIE JEAN,0,1,1
LISSITH,0,1,1
LISSOL,0,1,1
LISST,0,1,1
LISSTEE,0,1,1
LISSTT,0,1,1
LISTELA,0,1,1
LISTH,0,1,1
LISTON,0,1,1
LISUET,0,1,1
LISUY,0,1,1
LISVAN,0,1,1
LISVANE,0,1,1
LISVANIA,0,1,1
LISVANLO,0,1,1
LISVANY,0,1,1
LISVELA,0,1,1
LISVENIA,0,1,1
LISVES,0,1,1
LISVETIS,0,1,1
LISVETT,0,1,1
LISZETHE,0,1,1
LITANIA,0,1,1
LITCELOT,0,1,1
LITCENA,0,1,1
LITCET,0,1,1
LITDENI,0,1,1
LITDENY,0,1,1
LITED,0,1,1
LITELANTES,0,1,1
LITENY,0,1,1
LITH,0,1,1
LITHZABEL,0,1,1
LITI,0,1,1
LITIAN,0,1,1
LITIANA,0,1,1
LITIETH,0,1,1
LITINA,0,1,1
LITSENI,0,1,1
LITSIANA,0,1,1
LITZABEL,0,1,1
LITZE,0,1,1
LITZELI,0,1,1
LITZENIA,0,1,1
LIUCHLENIN,0,1,1
LIUNE,0,1,1
LIUR,0,1,1
LIUT,0,1,1
LIVALDO,0,1,1
LIVANY,0,1,1
LIVARN,0,1,1
LIVARQUIRIA,0,1,1
LIVENIA,0,1,1
LIVERATA,0,1,1
LIVERSIA,0,1,1
LIVERTY JOHN,0,1,1
LIVETONE,0,1,1
LIVETT,0,1,1
LIVINGTON,0,1,1
LIVINOB,0,1,1
LIVINOC,0,1,1
LIVINOG,0,1,1
LIVINOTH,0,1,1
LIVITO,0,1,1
LIVO,0,1,1
LIXANY,0,1,1
LIXCENIA,0,1,1
LIXDAY,0,1,1
LIXELA,0,1,1
LIXES,0,1,1
LIXL,0,1,1
LIXMERSI,0,1,1
LIXSANDER,0,1,1
LIXSI,0,1,1
LIZ BETH,0,1,1
LIZ ZETH,0,1,1
LIZABEHT,0,1,1
LIZABEL,0,1,1
LIZABTHI,0,1,1
LIZAMA,0,1,1
LIZANDA,0,1,1
LIZANDER,0,1,1
LIZANDRE,0,1,1
LIZANDRINA,0,1,1
LIZANIA,0,1,1
LIZANILA,0,1,1
LIZANKI,0,1,1
LIZARDI,0,1,1
LIZARDRO,0,1,1
LIZATTE,0,1,1
LIZAURA,0,1,1
LIZAVET,0,1,1
LIZBE,0,1,1
LIZBEA,0,1,1
LIZBED,0,1,1
LIZBEETH,0,1,1
LIZBELKA,0,1,1
LIZBELL,0,1,1
LIZCET,0,1,1
LIZDENNIS,0,1,1
LIZDENNY,0,1,1
LIZDENY,0,1,1
LIZEBETH,0,1,1
LIZECH,0,1,1
LIZECT,0,1,1
LIZEETTE,0,1,1
LIZELA,0,1,1
LIZELY,0,1,1
LIZENDA,0,1,1
LIZENE,0,1,1
LIZETEL,0,1,1
LIZETET,0,1,1
LIZETH DE JESUS,0,1,1
LIZETH ESTHER,0,1,1
LIZETH EVELYN,0,1,1
LIZETHEE,0,1,1
LIZETHH,0,1,1
LIZETHS,0,1,1
LIZETHY,0,1,1
LIZETHZ,0,1,1
LIZETK,0,1,1
LIZETLE,0,1,1
LIZETS,0,1,1
LIZETTEE,0,1,1
LIZETTI,0,1,1
LIZETTY,0,1,1
LIZETY,0,1,1
LIZEZETH,0,1,1
LIZHETH,0,1,1
LIZHTE,0,1,1
LIZHZET,0,1,1
LIZIDA CONSUELO,0,1,1
LIZNABETH,0,1,1
LIZNORA,0,1,1
LIZRTH,0,1,1
LIZTEH,0,1,1
LIZTT,0,1,1
LIZTVENIA,0,1,1
LIZUL,0,1,1
LIZVANIA,0,1,1
LIZZE,0,1,1
LIZZEIRA,0,1,1
LIZZEL,0,1,1
LIZZELLETH,0,1,1
LIZZETEE,0,1,1
LIZZETHED,0,1,1
LIZZETLE,0,1,1
LIZZHZ,0,1,1
LIZZIE CAROLINA,0,1,1
LIZZITH,0,1,1
LLABETT,0,1,1
LLACENY,0,1,1
LLADONY,0,1,1
LLAFANI,0,1,1
LLAIR,0,1,1
LLALENA,0,1,1
LLALESI,0,1,1
LLALET,0,1,1
LLALIL,0,1,1
LLALITHE,0,1,1
LLALIX,0,1,1
LLAMAL,0,1,1
LLAMALI,0,1,1
LLAMALY,0,1,1
LLAMARES,0,1,1
LLAMI,0,1,1
LLAMIBET,0,1,1
LLAMIDET,0,1,1
LLAMILA,0,1,1
LLAMILETCH,0,1,1
LLAMILETT,0,1,1
LLAMILEY,0,1,1
LLAMITH,0,1,1
LLAMY,0,1,1
LLANAMY,0,1,1
LLANAN,0,1,1
LLANARY,0,1,1
LLANECI,0,1,1
LLANELIS,0,1,1
LLANELY,0,1,1
LLANERY,0,1,1
LLANETT,0,1,1
LLANETTH,0,1,1
LLANEXI,0,1,1
LLANEZ,0,1,1
LLANHET,0,1,1
LLANIBETH,0,1,1
LLANILA,0,1,1
LLAQUELI,0,1,1
LLAQUELIN,0,1,1
LLAQUELINA,0,1,1
LLAQUELY,0,1,1
LLARICSA,0,1,1
LLARIRA,0,1,1
LLASELY,0,1,1
LLASMID,0,1,1
LLAVILEBSI,0,1,1
LLAZAKI,0,1,1
LLELSENIA,0,1,1
LLENELIN,0,1,1
LLENIN,0,1,1
LLERALDINA,0,1,1
LLERENA,0,1,1
LLEVELYN,0,1,1
LLEXENIA,0,1,1
LLEYDA,0,1,1
LLICET,0,1,1
LLIESEL,0,1,1
LLIRIZ,0,1,1
LLISETH,0,1,1
LLISSELL,0,1,1
LLIZEL,0,1,1
LLIZETH,0,1,1
LLOAN,0,1,1
LLOBAN,0,1,1
LLOEL,0,1,1
LLOGANA,0,1,1
LLOLENY,0,1,1
LLOLIBET,0,1,1
LLOLIBETH,0,1,1
LLOLINDA,0,1,1
LLOLOBRISKIIK,0,1,1
LLOLY,0,1,1
LLONAIRO,0,1,1
LLORD,0,1,1
LLORGENI,0,1,1
LLORLENI,0,1,1
LLOSELI,0,1,1
LLOVANIZ,0,1,1
LLOVANY,0,1,1
LLOVESNA,0,1,1
LLOVINA,0,1,1
LLUBANY,0,1,1
LLUDIVET,0,1,1
LLUIN,0,1,1
LLULID,0,1,1
LLULIETEH,0,1,1
LLULIZA,0,1,1
LLUMINANDA,0,1,1
LLUMMIL,0,1,1
LLUNESKA,0,1,1
LLURIZZAM,0,1,1
LLUSEN,0,1,1
LLUSENY,0,1,1
LLUSIEN,0,1,1
LLUVANDO,0,1,1
LLUVANI,0,1,1
LLUVI,0,1,1
LLUVINE,0,1,1
LLYCESTER,0,1,1
LO ONEMROD,0,1,1
LOALES,0,1,1
LOAMA,0,1,1
LOANES,0,1,1
LOANG,0,1,1
LOANN,0,1,1
LOATANA,0,1,1
LOATARY,0,1,1
LOBANE,0,1,1
LOBARDO,0,1,1
LOBARY,0,1,1
LOBE,0,1,1
LOBER,0,1,1
LOBERLY,0,1,1
LOBERTI,0,1,1
LOBO,0,1,1
LOBSAN,0,1,1
LOBY,0,1,1
LOCADETH,0,1,1
LOCDONIO,0,1,1
LOCETA,0,1,1
LOCRECIA,0,1,1
LODANIA,0,1,1
LODANIS,0,1,1
LODENIA,0,1,1
LODERANA,0,1,1
LODIMAR,0,1,1
LODUVER,0,1,1
LODWING,0,1,1
LOEBER,0,1,1
LOED,0,1,1
LOEDY,0,1,1
LOENDY,0,1,1
LOENIS,0,1,1
LOENOR,0,1,1
LOEZA,0,1,1
LOGDER,0,1,1
LOHAMA,0,1,1
LOHAMNY,0,1,1
LOHANG,0,1,1
LOHANI,0,1,1
LOHANNY,0,1,1
LOHEMA,0,1,1
LOHENA,0,1,1
LOHENGRIN,0,1,1
LOID,0,1,1
LOISA,0,1,1
LOLANI,0,1,1
LOLLOBRIGIDA,0,1,1
LONARDY,0,1,1
LONDERLINDA,0,1,1
LONDERS,0,1,1
LONDOLFO,0,1,1
LONDRES,0,1,1
LONER,0,1,1
LONEYDA,0,1,1
LONGOVARDO,0,1,1
LONILO,0,1,1
LONJEHIBY,0,1,1
LOOR ANTONI,0,1,1
LOORDES,0,1,1
LOORK DANIEL,0,1,1
LOPE,0,1,1
LOPOLDINA,0,1,1
LORAIDA,0,1,1
LORALI,0,1,1
LORALIA,0,1,1
LORDWIND,0,1,1
LOREANA,0,1,1
LOREDA,0,1,1
LOREDY,0,1,1
LOREI,0,1,1
LOREIN,0,1,1
LORELA,0,1,1
LORELAY,0,1,1
LORELIA,0,1,1
LORELIX,0,1,1
LORELIZ,0,1,1
LORELNA,0,1,1
LOREMIT,0,1,1
LORENA RAMONA,0,1,1
LORENA SUYAPA,0,1,1
LORENCETI,0,1,1
LORENEY,0,1,1
LORENHNY,0,1,1
LORENITA,0,1,1
LORENZA NATALIA,0,1,1
LORENZA OTILIA,0,1,1
LORENZA SUYAPA,0,1,1
LORENZANA,0,1,1
LORENZETI,0,1,1
LORENZZETY,0,1,1
LORERY,0,1,1
LORES,0,1,1
LORESI,0,1,1
LORESNA,0,1,1
LORESTO,0,1,1
LORETHY,0,1,1
LORETINA,0,1,1
LORETTO,0,1,1
LOREX,0,1,1
LOREYM,0,1,1
LORGINO,0,1,1
LORIANA,0,1,1
LORIBEHT,0,1,1
LORIBEL,0,1,1
LORICIA,0,1,1
LORIDALMA,0,1,1
LORIDE,0,1,1
LORIETA,0,1,1
LORINALDA,0,1,1
LORIPE,0,1,1
LORISELBIN,0,1,1
LORISS,0,1,1
LORIZA,0,1,1
LORJIA,0,1,1
LORRIE,0,1,1
LORRUHAMA,0,1,1
LORRY,0,1,1
LORUDES,0,1,1
LORUHAMA,0,1,1
LORVAMA,0,1,1
LORVING,0,1,1
LOSANI,0,1,1
LOSANTO,0,1,1
LOSBINDA,0,1,1
LOSONI,0,1,1
LOTO,0,1,1
LOU SHARRON,0,1,1
LOUBON,0,1,1
LOUDELINO,0,1,1
LOUELLEN,0,1,1
LOUERA,0,1,1
LOUGO,0,1,1
LOUISE PEARL,0,1,1
LOUNDIS,0,1,1
LOURDEIS,0,1,1
LOURDES ARACELY,0,1,1
LOURDES AZUCENA,0,1,1
LOURDES BLANCA,0,1,1
LOURDES CONCEPC,0,1,1
LOURDES DEL SOC,0,1,1
LOURDES ELICET,0,1,1
LOURDES JAMILET,0,1,1
LOURDES JANETTE,0,1,1
LOURDES LIZZETH,0,1,1
LOURDES NOHEMY,0,1,1
LOURDES ONDINA,0,1,1
LOURDES SARAI,0,1,1
LOURDES YANET,0,1,1
LOURDES YESENIA,0,1,1
LOURDETH,0,1,1
LOURDEX,0,1,1
LOURDID,0,1,1
LOURDIS SUYAPA,0,1,1
LOURDYS,0,1,1
LOUREDES,0,1,1
LOUSANDRO,0,1,1
LOUSEL,0,1,1
LOUSIA,0,1,1
LOUSIE,0,1,1
LOUSITA,0,1,1
LOUTE,0,1,1
LOUTH,0,1,1
LOUVIN,0,1,1
LOV,0,1,1
LOVEHART,0,1,1
LOVELI,0,1,1
LOVERLY,0,1,1
LOVERTH,0,1,1
LOVIDIA,0,1,1
LOVIGILDO,0,1,1
LOVINA,0,1,1
LOVISA,0,1,1
LOVITO,0,1,1
LOW,0,1,1
LOWIKA,0,1,1
LOXEL,0,1,1
LOYDALIN,0,1,1
LOYDINA,0,1,1
LOYENCA,0,1,1
LOZARENA,0,1,1
LS,0,1,1
LUAM,0,1,1
LUAND,0,1,1
LUATANIS,0,1,1
LUATENY,0,1,1
LUATHANY,0,1,1
LUBAL,0,1,1
LUBANI,0,1,1
LUBARDO,0,1,1
LUBENIA,0,1,1
LUBEY,0,1,1
LUBGARDO,0,1,1
LUBGIRIO,0,1,1
LUBIANKA,0,1,1
LUBIR,0,1,1
LUBMILLA,0,1,1
LUBO,0,1,1
LUBON,0,1,1
LUBYNAK,0,1,1
LUC,0,1,1
LUCAN,0,1,1
LUCANO,0,1,1
LUCAS CLAUDINA,0,1,1
LUCAS EVANGELIS,0,1,1
LUCAS LUPARIO,0,1,1
LUCCELINA,0,1,1
LUCCIANA,0,1,1
LUCDIVINA,0,1,1
LUCELI,0,1,1
LUCELMYS,0,1,1
LUCEMIA,0,1,1
LUCENEA,0,1,1
LUCER,0,1,1
LUCERINA,0,1,1
LUCERIO,0,1,1
LUCESITA,0,1,1
LUCETA,0,1,1
LUCETTA,0,1,1
LUCIA  ERLINDA,0,1,1
LUCIA ARNULFA,0,1,1
LUCIA AURORA,0,1,1
LUCIA CELSA,0,1,1
LUCIA DE LOURDE,0,1,1
LUCIA ELIZABETH,0,1,1
LUCIA ERLINDA,0,1,1
LUCIA RAMONA,0,1,1
LUCIA WALESKA,0,1,1
LUCIADA,0,1,1
LUCIAM,0,1,1
LUCIANO CARMELO,0,1,1
LUCIANO JACINTO,0,1,1
LUCIANO LUIS,0,1,1
LUCIANY,0,1,1
LUCIC,0,1,1
LUCID,0,1,1
LUCIEL,0,1,1
LUCIETH,0,1,1
LUCILA AIDE,0,1,1
LUCILA AMPARO,0,1,1
LUCILA CAROLINA,0,1,1
LUCILA SANTOS,0,1,1
LUCILA XIOMARA,0,1,1
LUCINA ELENA,0,1,1
LUCINCINDA,0,1,1
LUCINTA,0,1,1
LUCIO ADALBERTO,0,1,1
LUCIO EMERITO,0,1,1
LUCIO MARTIR,0,1,1
LUCIO SANTOS,0,1,1
LUCIR,0,1,1
LUCITELA,0,1,1
LUCITEYA,0,1,1
LUCIVE,0,1,1
LUCKE,0,1,1
LUCLETH,0,1,1
LUCRES,0,1,1
LUCRESHA,0,1,1
LUCRETIA,0,1,1
LUCREX,0,1,1
LUCRICIA,0,1,1
LUCYNA,0,1,1
LUCYTH,0,1,1
LUCZELY,0,1,1
LUDANY,0,1,1
LUDDELI,0,1,1
LUDDOVICO,0,1,1
LUDESCIN,0,1,1
LUDEY,0,1,1
LUDGRECIA,0,1,1
LUDIB,0,1,1
LUDIBES,0,1,1
LUDIE WHEEL,0,1,1
LUDIET,0,1,1
LUDIMAR,0,1,1
LUDINA,0,1,1
LUDINARDI,0,1,1
LUDIRA,0,1,1
LUDIVAR,0,1,1
LUDIVET,0,1,1
LUDIVINIA,0,1,1
LUDMIDLA,0,1,1
LUDMILDA,0,1,1
LUDOLF,0,1,1
LUDOVIC,0,1,1
LUDOVINDA,0,1,1
LUDUANY,0,1,1
LUDUVICO,0,1,1
LUDUVIN,0,1,1
LUDUVINE,0,1,1
LUDVINDA,0,1,1
LUDYETH,0,1,1
LUELIA,0,1,1
LUELLEN,0,1,1
LUELLYN,0,1,1
LUENELL,0,1,1
LUESE,0,1,1
LUEXUANDER,0,1,1
LUEY,0,1,1
LUGIA,0,1,1
LUHANIE,0,1,1
LUHATANI,0,1,1
LUHATANIA,0,1,1
LUICIA,0,1,1
LUILIBALDO,0,1,1
LUIS  EMERITO,0,1,1
LUIS AGENOR,0,1,1
LUIS ARCANGEL,0,1,1
LUIS ARNOLDO,0,1,1
LUIS BELIS,0,1,1
LUIS BERTRAND,0,1,1
LUIS BRENDIS,0,1,1
LUIS CORNELIO,0,1,1
LUIS EDUARDO,0,1,1
LUIS GUSTAVO,0,1,1
LUIS JOAQUIN,0,1,1
LUIS JOVANY,0,1,1
LUIS JUNIOR,0,1,1
LUIS MAGIN,0,1,1
LUIS MARIO,0,1,1
LUIS MAURICIO,0,1,1
LUIS MERCEDEZ,0,1,1
LUIS MIGUEL,0,1,1
LUIS NAPOLEON,0,1,1
LUIS NOEL,0,1,1
LUIS ODISEO,0,1,1
LUIS OSWALDO,0,1,1
LUIS RAMON,0,1,1
LUIS RODOLFO,0,1,1
LUIS SANDRO,0,1,1
LUIS TEODOMIRO,0,1,1
LUIS VARELA,0,1,1
LUIS VIRGILIO,0,1,1
LUISA ADELINA,0,1,1
LUISA ALEJANDRA,0,1,1
LUISA BELTRANA,0,1,1
LUISA BETY,0,1,1
LUISA CELINA,0,1,1
LUISA DE LA LUZ,0,1,1
LUISA DEL CARME,0,1,1
LUISA E,0,1,1
LUISA ERMILA,0,1,1
LUISA ESMERALDA,0,1,1
LUISA ESTEFANA,0,1,1
LUISA FRANCISCA,0,1,1
LUISA ISABEL,0,1,1
LUISA JUDI,0,1,1
LUISA LETICIA,0,1,1
LUISA LIZETH,0,1,1
LUISA MAGDALENA,0,1,1
LUISA MARGARITA,0,1,1
LUISA MARIYAK,0,1,1
LUISA RAMONA,0,1,1
LUISA REYNA,0,1,1
LUISA SABINA,0,1,1
LUISA SANTOS,0,1,1
LUISA TRINIDAD,0,1,1
LUISA VELTRAN,0,1,1
LUISANA,0,1,1
LUISIËHO,0,1,1
LUISI¼O,0,1,1
LUISIAN,0,1,1
LUISINHIO,0,1,1
LUITH,0,1,1
LUIWIN,0,1,1
LUIY,0,1,1
LUIZ BERTRAN,0,1,1
LUIZE,0,1,1
LUJAM,0,1,1
LUJANDO,0,1,1
LUJANO,0,1,1
LUJERIO,0,1,1
LUKANO,0,1,1
LUKEY,0,1,1
LULA MAY,0,1,1
LULAY,0,1,1
LULIBETH,0,1,1
LULO,0,1,1
LULYN,0,1,1
LUMIDIA,0,1,1
LUMY,0,1,1
LUNARDI,0,1,1
LUNDILA,0,1,1
LUNDIS,0,1,1
LUNDUVINA,0,1,1
LUNER,0,1,1
LUNG,0,1,1
LUNSDALE,0,1,1
LUO,0,1,1
LUP,0,1,1
LUPANIO,0,1,1
LUPARY,0,1,1
LUPIDIA,0,1,1
LUPINO,0,1,1
LUPTI,0,1,1
LURAY,0,1,1
LURAYA,0,1,1
LURDAN,0,1,1
LURELINE,0,1,1
LURELLA,0,1,1
LURETHA,0,1,1
LURIANS,0,1,1
LURIBEL,0,1,1
LURINAIDA,0,1,1
LURRE,0,1,1
LURVEN,0,1,1
LURVES,0,1,1
LURYLINE,0,1,1
LUS DEL ALBA,0,1,1
LUSAINE,0,1,1
LUSAURA,0,1,1
LUSBANY,0,1,1
LUSBERIA,0,1,1
LUSBERLINA,0,1,1
LUSCENIA,0,1,1
LUSCINDA,0,1,1
LUSDELIA,0,1,1
LUSDELYS,0,1,1
LUSDEY,0,1,1
LUSEMA,0,1,1
LUSENIA,0,1,1
LUSET,0,1,1
LUSETE,0,1,1
LUSETH,0,1,1
LUSIBEL,0,1,1
LUSIDENIA,0,1,1
LUSILE,0,1,1
LUSINA,0,1,1
LUSIS,0,1,1
LUSMARI,0,1,1
LUSMIA,0,1,1
LUSMILAA,0,1,1
LUSSIEL,0,1,1
LUT,0,1,1
LUTANIA,0,1,1
LUTARCO,0,1,1
LUTERIA,0,1,1
LUTERIO,0,1,1
LUTHDELY,0,1,1
LUTHIN,0,1,1
LUTHRON,0,1,1
LUTMILA,0,1,1
LUTVINA,0,1,1
LUVAL,0,1,1
LUVCINDA,0,1,1
LUVEN,0,1,1
LUVETS,0,1,1
LUVIDE,0,1,1
LUVIES,0,1,1
LUVIETTA,0,1,1
LUVIKA,0,1,1
LUVITH,0,1,1
LUWELLIN,0,1,1
LUWELLYN,0,1,1
LUXE,0,1,1
LUXELY IXMUCANE,0,1,1
LUYEN,0,1,1
LUZ   AMERICA,0,1,1
LUZ   ODILIA,0,1,1
LUZ  EMILIA,0,1,1
LUZ ALBA,0,1,1
LUZ AMANDA,0,1,1
LUZ AURORA,0,1,1
LUZ BANIA,0,1,1
LUZ BELIA,0,1,1
LUZ BELINA,0,1,1
LUZ BELINDA,0,1,1
LUZ CARMEN,0,1,1
LUZ DE LOURDES,0,1,1
LUZ DEL ROSARIO,0,1,1
LUZ DEL SOCORRO,0,1,1
LUZ ELINDA,0,1,1
LUZ ENRIQUETA,0,1,1
LUZ ERNESTINA,0,1,1
LUZ ESTELA,0,1,1
LUZ ESTRELLA,0,1,1
LUZ FELIPA,0,1,1
LUZ GARDA,0,1,1
LUZ JUDITH,0,1,1
LUZ LEDY,0,1,1
LUZ MARLENE,0,1,1
LUZ MERCEDES,0,1,1
LUZ MIDA,0,1,1
LUZ MILA,0,1,1
LUZ MINA,0,1,1
LUZ MIREYA,0,1,1
LUZ ORBELINA,0,1,1
LUZ OTILIA,0,1,1
LUZ ROSARIO,0,1,1
LUZ SANCHEZ,0,1,1
LUZ VINA,0,1,1
LUZ Y LINDA,0,1,1
LUZ YOLANDA,0,1,1
LUZABET,0,1,1
LUZBEL,0,1,1
LUZBELY,0,1,1
LUZBINA,0,1,1
LUZETT,0,1,1
LUZINA,0,1,1
LUZMARY,0,1,1
LUZMELDA,0,1,1
LUZMINA,0,1,1
LUZZETH,0,1,1
LUZZY,0,1,1
LYA DE JESUS,0,1,1
LYBBY,0,1,1
LYCED,0,1,1
LYCENIA,0,1,1
LYCETH,0,1,1
LYDEA,0,1,1
LYDENI,0,1,1
LYDENYS,0,1,1
LYDIETH,0,1,1
LYDWISCKA,0,1,1
LYDYA,0,1,1
LYESHP,0,1,1
LYHZETT,0,1,1
LYLLEAMS,0,1,1
LYLYBETH,0,1,1
LYMOR,0,1,1
LYNCH,0,1,1
LYNDER,0,1,1
LYNELL,0,1,1
LYNN CRESSY,0,1,1
LYNNETT,0,1,1
LYSANDER,0,1,1
LYSBEE,0,1,1
LYSDENY,0,1,1
LYSEL,0,1,1
LYSETTE,0,1,1
LYTE,0,1,1
LYTO,0,1,1
LYUDMILA,0,1,1
LYZBANY,0,1,1
LYZET,0,1,1
LYZZET,0,1,1
M JOYCE,0,1,1
M VASQUEZ,0,1,1
M. ANGEL,0,1,1
MA  AUXILIADORA,0,1,1
MA ANTONIO,0,1,1
MA CORAZON DEL,0,1,1
MA ELEAZAR,0,1,1
MA ILDEFONSO,0,1,1
MA LUISA,0,1,1
MA RIGOBERTO,0,1,1
MA. DE JESUS,0,1,1
MA.DE JESUS,0,1,1
MAAYERLIN,0,1,1
MABDALENO,0,1,1
MABEEL,0,1,1
MABEL ONDINA,0,1,1
MABEL VICTORIA,0,1,1
MABELA,0,1,1
MABELINA,0,1,1
MABELITO,0,1,1
MABELLY,0,1,1
MABELODET,0,1,1
MABELT,0,1,1
MABENI,0,1,1
MABHELL,0,1,1
MABILEC,0,1,1
MABILIO,0,1,1
MABILU,0,1,1
MABIM,0,1,1
MABIZA,0,1,1
MABRAITO,0,1,1
MABRI,0,1,1
MABRISA,0,1,1
MABYURI,0,1,1
MAC DONAL,0,1,1
MAC DONALD,0,1,1
MAC KARTUR,0,1,1
MACALIX,0,1,1
MACARIO DE J,0,1,1
MACARO,0,1,1
MACBEL,0,1,1
MACBETH,0,1,1
MACCLEIN,0,1,1
MACDALA,0,1,1
MACDALEMA,0,1,1
MACDANY,0,1,1
MACDELIA,0,1,1
MACDENO,0,1,1
MACDENY,0,1,1
MACDEVIS,0,1,1
MACDIELY,0,1,1
MACDONIO,0,1,1
MACDONY,0,1,1
MACDOWELL,0,1,1
MACEDALENA,0,1,1
MACEILY,0,1,1
MACELY,0,1,1
MACH,0,1,1
MACHAEL,0,1,1
MACHEL,0,1,1
MACIANCENA,0,1,1
MACIELLE,0,1,1
MACIRIS,0,1,1
MACISTE,0,1,1
MACJORY,0,1,1
MACK DONAL,0,1,1
MACK KEND SEY,0,1,1
MACKDEBYTH,0,1,1
MACKDIEL,0,1,1
MACKDONAL,0,1,1
MACKENLI,0,1,1
MACKENON,0,1,1
MACKENTY,0,1,1
MACKLYN,0,1,1
MACKYORI,0,1,1
MACLAIN,0,1,1
MACLANY,0,1,1
MACLAREN,0,1,1
MACLARIN,0,1,1
MACLEONY,0,1,1
MACLORDEE,0,1,1
MACLOVE,0,1,1
MACLOVEO,0,1,1
MACLY,0,1,1
MACOIEL,0,1,1
MACOVAR,0,1,1
MACRIMIA,0,1,1
MACRINE,0,1,1
MACROVIA,0,1,1
MACSIEL,0,1,1
MACTALICIO,0,1,1
MACX,0,1,1
MACYARY,0,1,1
MACYORE,0,1,1
MACYORI,0,1,1
MADAEL,0,1,1
MADAHID,0,1,1
MADAHIN,0,1,1
MADAID,0,1,1
MADAIDA,0,1,1
MADALENE,0,1,1
MADALIC,0,1,1
MADALIX,0,1,1
MADALLI,0,1,1
MADALLY,0,1,1
MADALYS,0,1,1
MADAM,0,1,1
MADAMICELA,0,1,1
MADANY,0,1,1
MADAQUIN,0,1,1
MADARELI,0,1,1
MADARI,0,1,1
MADASLIN,0,1,1
MADDALY,0,1,1
MADDELIA,0,1,1
MADDELINE,0,1,1
MADEI,0,1,1
MADEIS,0,1,1
MADEKADEL,0,1,1
MADELAY,0,1,1
MADELEINE MARIE,0,1,1
MADELEINME,0,1,1
MADELENE,0,1,1
MADELENNY,0,1,1
MADELIO,0,1,1
MADELLEINE,0,1,1
MADELLIN,0,1,1
MADELSY,0,1,1
MADELUP,0,1,1
MADELYS,0,1,1
MADESON,0,1,1
MADI,0,1,1
MADICADEL,0,1,1
MADILIN,0,1,1
MADILY,0,1,1
MADINE,0,1,1
MADIRA,0,1,1
MADITH,0,1,1
MADITZA,0,1,1
MADIZEL,0,1,1
MADLINE,0,1,1
MADLYN,0,1,1
MADOGNIA,0,1,1
MADOI,0,1,1
MADOLIA,0,1,1
MADOMAR,0,1,1
MADONEO,0,1,1
MADONI,0,1,1
MADORLIN,0,1,1
MADRELIN,0,1,1
MADRIAN,0,1,1
MADRIGUEL,0,1,1
MADSIN,0,1,1
MADTIEL,0,1,1
MADUVENIS,0,1,1
MADWELL,0,1,1
MADYELA,0,1,1
MAE JERALEE,0,1,1
MAECTA,0,1,1
MAECY,0,1,1
MAEKEEL,0,1,1
MAELIT,0,1,1
MAELLER,0,1,1
MAELYI,0,1,1
MAEN,0,1,1
MAER,0,1,1
MAESI,0,1,1
MAFELY,0,1,1
MAFIEL,0,1,1
MAFREDI,0,1,1
MAFRITZA,0,1,1
MAGAALENA,0,1,1
MAGADALIS,0,1,1
MAGADELENA,0,1,1
MAGADLENA,0,1,1
MAGADOLI,0,1,1
MAGAIT,0,1,1
MAGALES,0,1,1
MAGALET,0,1,1
MAGALITH,0,1,1
MAGALIX,0,1,1
MAGALLI,0,1,1
MAGALYEL,0,1,1
MAGALYS,0,1,1
MAGDA LARISSA,0,1,1
MAGDAALENA,0,1,1
MAGDABE,0,1,1
MAGDABETH,0,1,1
MAGDAELNA,0,1,1
MAGDAGENI,0,1,1
MAGDAHENY,0,1,1
MAGDAI,0,1,1
MAGDALEN,0,1,1
MAGDALENA A,0,1,1
MAGDALENAA,0,1,1
MAGDALENIS,0,1,1
MAGDALENY,0,1,1
MAGDALID,0,1,1
MAGDALIGIA,0,1,1
MAGDALINE,0,1,1
MAGDALINO,0,1,1
MAGDANI,0,1,1
MAGDANIA,0,1,1
MAGDANIELA,0,1,1
MAGDEE,0,1,1
MAGDELENA,0,1,1
MAGDELINA,0,1,1
MAGDELLY,0,1,1
MAGDENI,0,1,1
MAGDENIS,0,1,1
MAGDERY,0,1,1
MAGDIA,0,1,1
MAGDIANA,0,1,1
MAGDICEL,0,1,1
MAGDIELLE,0,1,1
MAGDIER,0,1,1
MAGDIGENIA,0,1,1
MAGDOIL,0,1,1
MAGDOMILIA,0,1,1
MAGDONIEL,0,1,1
MAGDONIS,0,1,1
MAGDOWEL,0,1,1
MAGDULY,0,1,1
MAGDYEL,0,1,1
MAGEDDLA,0,1,1
MAGEDLA,0,1,1
MAGENCIA,0,1,1
MAGGEE,0,1,1
MAGGIN,0,1,1
MAGGUIELA,0,1,1
MAGGY,0,1,1
MAGIN FERNANDO,0,1,1
MAGLEDIS,0,1,1
MAGLENA,0,1,1
MAGLENIS,0,1,1
MAGLERIA,0,1,1
MAGLIONY,0,1,1
MAGNA VICTORIA,0,1,1
MAGNAN,0,1,1
MAGNARY,0,1,1
MAGNE,0,1,1
MAGNELIA,0,1,1
MAGNELLY,0,1,1
MAGNIA,0,1,1
MAGNIO,0,1,1
MAGNO OBISPO,0,1,1
MAGNOL,0,1,1
MAGNUS,0,1,1
MAGO,0,1,1
MAGQUITA,0,1,1
MAGRENE,0,1,1
MAGRET,0,1,1
MAGREY,0,1,1
MAGRILIA,0,1,1
MAGRILT,0,1,1
MAGTINEZ,0,1,1
MAGUEDA,0,1,1
MAGUELL,0,1,1
MAGURICIO,0,1,1
MAHALAH,0,1,1
MAHALIEL,0,1,1
MAHARSON,0,1,1
MAHAZIOT,0,1,1
MAHEDE,0,1,1
MAHELA,0,1,1
MAHELIN,0,1,1
MAHELINA,0,1,1
MAHELYN,0,1,1
MAHEXY,0,1,1
MAHIDO,0,1,1
MAHIN,0,1,1
MAHIRLI,0,1,1
MAHITABLE,0,1,1
MAHITEE,0,1,1
MAHLENY,0,1,1
MAHMOUD,0,1,1
MAHOGANY,0,1,1
MAHOLA,0,1,1
MAHOLY,0,1,1
MAHOMAD,0,1,1
MAHOMETH,0,1,1
MAHOMI,0,1,1
MAHONRI,0,1,1
MAHUDIEL,0,1,1
MAHURICIO,0,1,1
MAIBELLA,0,1,1
MAIBELLINE,0,1,1
MAIBELY,0,1,1
MAIBETH,0,1,1
MAICK,0,1,1
MAIDELY,0,1,1
MAIDETH,0,1,1
MAIDITA,0,1,1
MAIEL,0,1,1
MAIEM,0,1,1
MAILDA,0,1,1
MAILET,0,1,1
MAI-LING,0,1,1
MAILU,0,1,1
MAINARDI,0,1,1
MAINENY,0,1,1
MAINOR IGNACIO,0,1,1
MAIQUES,0,1,1
MAIRA LETICIA,0,1,1
MAIRAN,0,1,1
MAIRELA,0,1,1
MAIRIDILIA,0,1,1
MAIRINA,0,1,1
MAIRLEN,0,1,1
MAIRONNEL,0,1,1
MAIROVI,0,1,1
MAIROVY,0,1,1
MAISLINA,0,1,1
MAITHER,0,1,1
MAIVELY,0,1,1
MAIXI,0,1,1
MAIYENA,0,1,1
MAIYORE,0,1,1
MAJAK,0,1,1
MAJAL,0,1,1
MAJANIN,0,1,1
MAKEDON,0,1,1
MAKEL,0,1,1
MAKENCI,0,1,1
MAKENCY,0,1,1
MAKENLI,0,1,1
MAKENNEY,0,1,1
MAKENSY,0,1,1
MAKENZE,0,1,1
MAKIR,0,1,1
MAKIRA,0,1,1
MAKOYN,0,1,1
MAKZUHENIL,0,1,1
MALAKY,0,1,1
MALANDI,0,1,1
MALAQUIAZ,0,1,1
MALAQUILLAS,0,1,1
MALAQUIN,0,1,1
MALCAYA,0,1,1
MALDADID,0,1,1
MALDONIO,0,1,1
MALDOQUEA,0,1,1
MALEBB,0,1,1
MALECIO,0,1,1
MALEIKI,0,1,1
MALEIN,0,1,1
MALEINI,0,1,1
MALENCI,0,1,1
MALENDA,0,1,1
MALENE,0,1,1
MALENZY,0,1,1
MALEP,0,1,1
MALESCA,0,1,1
MALEY,0,1,1
MALFA,0,1,1
MALGAGENIS,0,1,1
MALGALIDA,0,1,1
MALGOTIA,0,1,1
MALIBET,0,1,1
MALIDIANA,0,1,1
MALIEL,0,1,1
MALIHT,0,1,1
MALIK,0,1,1
MALIKSY,0,1,1
MALILA,0,1,1
MALILE,0,1,1
MALINCI,0,1,1
MALINCY,0,1,1
MALINO,0,1,1
MALINOSWSKY,0,1,1
MALINOVSKI,0,1,1
MALINSA,0,1,1
MALINSIN,0,1,1
MALINZES,0,1,1
MALINZI,0,1,1
MALINZIN,0,1,1
MALIOME,0,1,1
MALIRIN,0,1,1
MALKIEL,0,1,1
MALLANI,0,1,1
MALLANYN,0,1,1
MALLELIN,0,1,1
MALLELY,0,1,1
MALLEN,0,1,1
MALLENE,0,1,1
MALLER,0,1,1
MALLERLY,0,1,1
MALLI LU,0,1,1
MALLIN,0,1,1
MALLLUNES,0,1,1
MALLONY,0,1,1
MALLOQUIN,0,1,1
MALLUMI,0,1,1
MALMORE,0,1,1
MALMOSEL,0,1,1
MALOLIT,0,1,1
MALORE,0,1,1
MALOREN,0,1,1
MALORY,0,1,1
MALQUESIDETH,0,1,1
MALQUIRIA,0,1,1
MALQUISEDET,0,1,1
MALSEDA,0,1,1
MALVENIA,0,1,1
MALVILIA,0,1,1
MALVYN,0,1,1
MALY AZUCENA,0,1,1
MALYN,0,1,1
MALYOLI,0,1,1
MALZONE,0,1,1
MAM,0,1,1
MAMBERTO,0,1,1
MAMECIO,0,1,1
MAMFREDY,0,1,1
MAMILETH,0,1,1
MAMLIO,0,1,1
MAMNELY,0,1,1
MAMSELLE,0,1,1
MAMUD,0,1,1
MAN FIELD,0,1,1
MANABEL,0,1,1
MANABIEL,0,1,1
MANACEP,0,1,1
MANACET,0,1,1
MANAHI,0,1,1
MANAQUIAS,0,1,1
MANBERTO,0,1,1
MANCHAME,0,1,1
MANCHESTER,0,1,1
MANCING,0,1,1
MANDA LEE,0,1,1
MANDALEE,0,1,1
MANDALENA,0,1,1
MANDALICIA,0,1,1
MANDARELI,0,1,1
MANDITO,0,1,1
MANDOLFO,0,1,1
MANDOLI,0,1,1
MANDORA,0,1,1
MANDOUH,0,1,1
MANELO,0,1,1
MANERBY,0,1,1
MANFEDO,0,1,1
MANFER FULBIO,0,1,1
MANFRADY,0,1,1
MANFRIEL,0,1,1
MANG,0,1,1
MANGDALENA,0,1,1
MANGDIEL,0,1,1
MANGINA,0,1,1
MANGLEY,0,1,1
MANGNAMAR,0,1,1
MANGOLY,0,1,1
MANGOMERY,0,1,1
MANHLY,0,1,1
MANIBE,0,1,1
MANILA,0,1,1
MANILO,0,1,1
MANITH,0,1,1
MANLETH,0,1,1
MANLEY,0,1,1
MANLI,0,1,1
MANLIR,0,1,1
MANLOE,0,1,1
MANN,0,1,1
MANNE,0,1,1
MANOELA,0,1,1
MANOL,0,1,1
MANQUIEL,0,1,1
MANREEN,0,1,1
MANRIQUE JUNIOR,0,1,1
MANSEEN,0,1,1
MANSELL,0,1,1
MANSIBE,0,1,1
MANSIEQUE,0,1,1
MANSONIO,0,1,1
MANSOUR,0,1,1
MANUEL  ANTONIO,0,1,1
MANUEL  HODE,0,1,1
MANUEL ABRAHAM,0,1,1
MANUEL ADALID,0,1,1
MANUEL ALONZO,0,1,1
MANUEL ANTELMO,0,1,1
MANUEL ARNULFO,0,1,1
MANUEL AUGUSTO,0,1,1
MANUEL AURELIO,0,1,1
MANUEL DE DIOS,0,1,1
MANUEL EDGARDO,0,1,1
MANUEL EFRAIN,0,1,1
MANUEL EMERITO,0,1,1
MANUEL ENRIQU,0,1,1
MANUEL ERNESTO,0,1,1
MANUEL ISMAEL,0,1,1
MANUEL IVAN,0,1,1
MANUEL JESUS,0,1,1
MANUEL LEMPIRA,0,1,1
MANUEL LEONEL,0,1,1
MANUEL LUCAS,0,1,1
MANUEL MARIO,0,1,1
MANUEL OVIDIO,0,1,1
MANUEL REYNALDO,0,1,1
MANUEL ROQUE,0,1,1
MANUEL SANTIAGO,0,1,1
MANUEL SANTOS,0,1,1
MANUEL TRINIDAD,0,1,1
MANUEL VICENTE,0,1,1
MANUELA ANTONIA,0,1,1
MANUELEL,0,1,1
MANUELID,0,1,1
MANUELY,0,1,1
MANULA,0,1,1
MANYERI,0,1,1
MANYO,0,1,1
MANYURI,0,1,1
MANZANAREZ,0,1,1
MANZINI,0,1,1
MAOGANY,0,1,1
MAOME,0,1,1
MAONEL,0,1,1
MAPHELA,0,1,1
MAPOLIA,0,1,1
MAPPY DE LA PAZ,0,1,1
MAQIN,0,1,1
MAQUEABELO,0,1,1
MAQUEDA,0,1,1
MAQUENCI,0,1,1
MAQUETA,0,1,1
MAQUEY,0,1,1
MAQUIEL,0,1,1
MAQUIR,0,1,1
MAQUITA,0,1,1
MAR LINDA,0,1,1
MARABELI,0,1,1
MARABILLA,0,1,1
MARACELIS,0,1,1
MARADELY,0,1,1
MARADINA,0,1,1
MARAEL,0,1,1
MARAELY,0,1,1
MARAGARITA,0,1,1
MARAHY,0,1,1
MARAINO,0,1,1
MARAIZA,0,1,1
MARALEN,0,1,1
MARALETY,0,1,1
MARALEX,0,1,1
MARALEYSY,0,1,1
MARALITH,0,1,1
MARALIXA,0,1,1
MARALLY,0,1,1
MARALTHA,0,1,1
MARALU,0,1,1
MARANDA,0,1,1
MARANDO,0,1,1
MARANT,0,1,1
MARARDINA,0,1,1
MARARIS,0,1,1
MARAT,0,1,1
MARATZA,0,1,1
MARAZALI,0,1,1
MARAZANIDA,0,1,1
MARBAYA,0,1,1
MARBEA,0,1,1
MARBEHTY,0,1,1
MARBELINE,0,1,1
MARBELISA,0,1,1
MARBELIT,0,1,1
MARBELIX,0,1,1
MARBELLE,0,1,1
MARBELLINA,0,1,1
MARBELLO,0,1,1
MARBERI,0,1,1
MARBERRY,0,1,1
MARBERTY,0,1,1
MARBHEC,0,1,1
MARBILETH,0,1,1
MARBIN ALEXI,0,1,1
MARBIN ARTURO,0,1,1
MARCAL,0,1,1
MARCEDEZ,0,1,1
MARCEL GILBERT,0,1,1
MARCEL YUBINY,0,1,1
MARCELA ALTONZA,0,1,1
MARCELA DENISSE,0,1,1
MARCELAH,0,1,1
MARCELAMARIA,0,1,1
MARCEYA,0,1,1
MARCEYI,0,1,1
MARCEYLA,0,1,1
MARCHALL,0,1,1
MARCHIAL,0,1,1
MARCIA CAROLINA,0,1,1
MARCIA MARIA,0,1,1
MARCIAL EDGARDO,0,1,1
MARCICELA,0,1,1
MARCID,0,1,1
MARCIDES,0,1,1
MARCIELI,0,1,1
MARCIELY,0,1,1
MARCILEL,0,1,1
MARCILIANA,0,1,1
MARCILIO,0,1,1
MARCILY,0,1,1
MARCINI,0,1,1
MARCIO DE JESUS,0,1,1
MARCIO GEOVANNY,0,1,1
MARCIO IBIS,0,1,1
MARCIO MISAEL,0,1,1
MARCION,0,1,1
MARCIONEL,0,1,1
MARCISA,0,1,1
MARCITO,0,1,1
MARCIZA,0,1,1
MARCKE,0,1,1
MARCLIN,0,1,1
MARCO  ANTONIO,0,1,1
MARCO IVAN,0,1,1
MARCO LEONCIO,0,1,1
MARCOB,0,1,1
MARCONDER,0,1,1
MARCONE,0,1,1
MARCONNYS,0,1,1
MARCOS AURELIO,0,1,1
MARCOS BLADIMIR,0,1,1
MARCOS CESAR,0,1,1
MARCOS ENRIQUE,0,1,1
MARCOS ERMINIA,0,1,1
MARCOS EVANGELI,0,1,1
MARCOS EVELIA,0,1,1
MARCOS ORLANDO,0,1,1
MARCOS SERGIO,0,1,1
MARCOS SUYAPA,0,1,1
MARCOS VALENTIN,0,1,1
MARCOST,0,1,1
MARCYDELI,0,1,1
MARDALENA,0,1,1
MARDALICITA,0,1,1
MARDDER,0,1,1
MARDELEYNE,0,1,1
MARDELINE,0,1,1
MARDELIZ,0,1,1
MARDEN ADALBERT,0,1,1
MARDENIA,0,1,1
MARDIEL,0,1,1
MARDIX,0,1,1
MARDIZ,0,1,1
MARDOC,0,1,1
MARDONEO,0,1,1
MARDONI,0,1,1
MARDOQEO,0,1,1
MARDOQUIO,0,1,1
MARDUCK,0,1,1
MAREANO RUFINO,0,1,1
MAREDELSA,0,1,1
MAREDY,0,1,1
MAREILLA,0,1,1
MAREIRI,0,1,1
MAREIRY,0,1,1
MAREL OVIDIO,0,1,1
MARELCY,0,1,1
MARELE,0,1,1
MARELENIA,0,1,1
MARELENY,0,1,1
MARELETH,0,1,1
MARELEX,0,1,1
MARELEY,0,1,1
MARELINE,0,1,1
MARELLA,0,1,1
MARELLI,0,1,1
MARELSA,0,1,1
MARELU,0,1,1
MARENDA,0,1,1
MARENIA,0,1,1
MARENOLI,0,1,1
MARESCELA,0,1,1
MARETZA,0,1,1
MAREVAL,0,1,1
MAREX,0,1,1
MAREXZA,0,1,1
MAREYA,0,1,1
MAREYIL,0,1,1
MAREYLA,0,1,1
MAREYLLY,0,1,1
MAREZA LILIVETT,0,1,1
MARFA  MAYDO,0,1,1
MARFIA,0,1,1
MARFIN,0,1,1
MARFLE,0,1,1
MARGALI,0,1,1
MARGALIDA,0,1,1
MARGALINDA,0,1,1
MARGARAT,0,1,1
MARGARE,0,1,1
MARGAREE,0,1,1
MARGARETE,0,1,1
MARGARETTA,0,1,1
MARGARIAT,0,1,1
MARGARIITA,0,1,1
MARGARITA ARELY,0,1,1
MARGARITA DEL C,0,1,1
MARGARITA DEL P,0,1,1
MARGARITA EMMA,0,1,1
MARGARITA ESPER,0,1,1
MARGARITA IVREN,0,1,1
MARGARITE,0,1,1
MARGARITHA,0,1,1
MARGARY,0,1,1
MARGAT,0,1,1
MARGATH,0,1,1
MARGATIRA,0,1,1
MARGDALENO,0,1,1
MARGEETH,0,1,1
MARGELY,0,1,1
MARGES,0,1,1
MARGHARITA,0,1,1
MARGHERITA,0,1,1
MARGHOTH,0,1,1
MARGIANA,0,1,1
MARGIMEL,0,1,1
MARGOH,0,1,1
MARGOLFA,0,1,1
MARGOLY,0,1,1
MARGOOT,0,1,1
MARGORG,0,1,1
MARGORIAM,0,1,1
MARGORT,0,1,1
MARGOS,0,1,1
MARGOT ESMILDA,0,1,1
MARGOTI,0,1,1
MARGOX,0,1,1
MARGOY,0,1,1
MARGRETY,0,1,1
MARGUELI,0,1,1
MARGUIT,0,1,1
MARGURI,0,1,1
MARGURY,0,1,1
MARGUT,0,1,1
MARHENI,0,1,1
MARI CRUZ,0,1,1
MARIA',0,1,1
MARIA   EFRAIN,0,1,1
MARIA  ARTEMISA,0,1,1
MARIA  CRISTINA,0,1,1
MARIA  I,0,1,1
MARIA  JESUS,0,1,1
MARIA  LUZ,0,1,1
MARIA ABERCIO,0,1,1
MARIA ADALBERTO,0,1,1
MARIA AGATHA,0,1,1
MARIA AGUSTINA,0,1,1
MARIA AIDEE,0,1,1
MARIA ALBERTINA,0,1,1
MARIA ALBERTO,0,1,1
MARIA ALBINA,0,1,1
MARIA ALEXANDRA,0,1,1
MARIA ALFONZO,0,1,1
MARIA ALONSO,0,1,1
MARIA AMERICA,0,1,1
MARIA AMINTA,0,1,1
MARIA ANASTACIA,0,1,1
MARIA ANDINO,0,1,1
MARIA ANGELINA,0,1,1
MARIA ANTOLIN,0,1,1
MARIA ARNULFO,0,1,1
MARIA AUDELIA,0,1,1
MARIA AUXILIADO,0,1,1
MARIA BANEZA,0,1,1
MARIA BARBARA,0,1,1
MARIA BARRERA,0,1,1
MARIA BASILIA,0,1,1
MARIA BEATRIZ,0,1,1
MARIA BERONICA,0,1,1
MARIA BILLABI,0,1,1
MARIA CALASAN,0,1,1
MARIA CAYETANA,0,1,1
MARIA CLARETH,0,1,1
MARIA CLARIBEL,0,1,1
MARIA CLEOFAS,0,1,1
MARIA CLEOTILDE,0,1,1
MARIA CRISOSTOM,0,1,1
MARIA CRISTIAN,0,1,1
MARIA D EJESUS,0,1,1
MARIA DAVID,0,1,1
MARIA DAYSI,0,1,1
MARIA DE DIOS,0,1,1
MARIA DE FATIMA,0,1,1
MARIA DE LA EST,0,1,1
MARIA DE LOS A,0,1,1
MARIA DEL TRANC,0,1,1
MARIA DIONISIO,0,1,1
MARIA DORIS,0,1,1
MARIA EDIGNA,0,1,1
MARIA EDMUNDA,0,1,1
MARIA EDNA,0,1,1
MARIA EDUVINA,0,1,1
MARIA ELEDINA,0,1,1
MARIA ELICIA,0,1,1
MARIA ELISA,0,1,1
MARIA ELIZETH,0,1,1
MARIA EMILIA,0,1,1
MARIA ENECON,0,1,1
MARIA ENGRACIA,0,1,1
MARIA ENRIQUE,0,1,1
MARIA ERLIN,0,1,1
MARIA ERNESTINA,0,1,1
MARIA ESTER,0,1,1
MARIA EUFRACIA,0,1,1
MARIA EULOGIA,0,1,1
MARIA EVELISA,0,1,1
MARIA FELICITA,0,1,1
MARIA FERNANDA,0,1,1
MARIA FLORA,0,1,1
MARIA FLORENCIA,0,1,1
MARIA FLORIS,0,1,1
MARIA FRANCISCO,0,1,1
MARIA GENOVEBA,0,1,1
MARIA GERALDINA,0,1,1
MARIA GILBERTO,0,1,1
MARIA GORETTY,0,1,1
MARIA HUMBERTO,0,1,1
MARIA IBEL,0,1,1
MARIA IRENE,0,1,1
MARIA ISMAEL,0,1,1
MARIA ISMELDA,0,1,1
MARIA IVAN,0,1,1
MARIA IVONNE,0,1,1
MARIA JANETH,0,1,1
MARIA JEOVANY,0,1,1
MARIA JHAMILETH,0,1,1
MARIA JULIETA,0,1,1
MARIA LEIRO,0,1,1
MARIA LELIS,0,1,1
MARIA LENIA,0,1,1
MARIA LEONCIA,0,1,1
MARIA LIGORIO,0,1,1
MARIA LINDA,0,1,1
MARIA LISETH,0,1,1
MARIA LISSETE,0,1,1
MARIA LIZETH,0,1,1
MARIA LUCILA,0,1,1
MARIA LUCINA,0,1,1
MARIA LUCRECIA,0,1,1
MARIA LUIZA,0,1,1
MARIA M,0,1,1
MARIA MARBELI,0,1,1
MARIA MARISOL,0,1,1
MARIA MELVIS,0,1,1
MARIA MONCERRAT,0,1,1
MARIA MONICO,0,1,1
MARIA NARCISO,0,1,1
MARIA NATALIA,0,1,1
MARIA NAZARETH,0,1,1
MARIA NEDIS,0,1,1
MARIA NELI,0,1,1
MARIA NELSON,0,1,1
MARIA NIEVES,0,1,1
MARIA ORFIDIA,0,1,1
MARIA OSMIN,0,1,1
MARIA PASTORA,0,1,1
MARIA PATRICIA,0,1,1
MARIA PIO,0,1,1
MARIA PRISCILA,0,1,1
MARIA RAMON,0,1,1
MARIA REBECA,0,1,1
MARIA RICARDO,0,1,1
MARIA ROSELIA,0,1,1
MARIA RUTH,0,1,1
MARIA SABAS,0,1,1
MARIA SAGRARIO,0,1,1
MARIA SANTA ANA,0,1,1
MARIA SARA,0,1,1
MARIA SERGIO,0,1,1
MARIA TELMA,0,1,1
MARIA TEREZA,0,1,1
MARIA TOMAS,0,1,1
MARIA TRANSITO,0,1,1
MARIA UBALTERIO,0,1,1
MARIA VIANNEY,0,1,1
MARIA VICTORIA,0,1,1
MARIA VIDAL,0,1,1
MARIA VILLANEY,0,1,1
MARIA VIRGILIO,0,1,1
MARIA WILFREDO,0,1,1
MARIA ZOE,0,1,1
MARIA ZONIA,0,1,1
MARIA!,0,1,1
MARIA\,0,1,1
MARIA},0,1,1
MARIËHO,0,1,1
MARIABEL,0,1,1
MARIAGNY,0,1,1
MARIAH,0,1,1
MARIALINDA,0,1,1
MARIALUTH,0,1,1
MARIANA ISABEL,0,1,1
MARIANENA,0,1,1
MARIANET,0,1,1
MARIANIN,0,1,1
MARIAONELA,0,1,1
MARIASELA,0,1,1
MARIBEC,0,1,1
MARIBED,0,1,1
MARIBEEL,0,1,1
MARIBEELT,0,1,1
MARIBEL FATIMA,0,1,1
MARIBELDA,0,1,1
MARIBELHT,0,1,1
MARIBELTH,0,1,1
MARIBETIZ,0,1,1
MARIBEX,0,1,1
MARIBEYDA,0,1,1
MARIBHELT,0,1,1
MARIBICK,0,1,1
MARIBILIA,0,1,1
MARIBONY,0,1,1
MARIBU,0,1,1
MARICCELA,0,1,1
MARICEKA,0,1,1
MARICELBA,0,1,1
MARICELIA,0,1,1
MARICELIT,0,1,1
MARICELLE,0,1,1
MARICELO,0,1,1
MARICELVI,0,1,1
MARICEP,0,1,1
MARICFELA,0,1,1
MARICIELE,0,1,1
MARICILIA,0,1,1
MARICIO,0,1,1
MARICKZA,0,1,1
MARICLER,0,1,1
MARICLIS,0,1,1
MARICNIA,0,1,1
MARICQELA,0,1,1
MARICT,0,1,1
MARICY,0,1,1
MARIDELMI,0,1,1
MARIDELMIS,0,1,1
MARIDENE,0,1,1
MARIDENI,0,1,1
MARIDET,0,1,1
MARIDIAN,0,1,1
MARIDZA,0,1,1
MARIE CHARLOTTE,0,1,1
MARIE GHISLAINE,0,1,1
MARIE PAOLINO,0,1,1
MARIEE,0,1,1
MARIELA EDITH,0,1,1
MARIELES,0,1,1
MARIELID,0,1,1
MARIELINA,0,1,1
MARIELIS,0,1,1
MARIELLI,0,1,1
MARIELO,0,1,1
MARIELSY,0,1,1
MARIELYNE,0,1,1
MARIENIZ,0,1,1
MARIESI,0,1,1
MARIETO,0,1,1
MARIGOLD,0,1,1
MARIGXA,0,1,1
MARIHSA,0,1,1
MARIHZA,0,1,1
MARIJKE,0,1,1
MARIK,0,1,1
MARIKA,0,1,1
MARIKS,0,1,1
MARIKZA,0,1,1
MARILAT,0,1,1
MARILDO,0,1,1
MARILEH,0,1,1
MARILEHTZA,0,1,1
MARILEL,0,1,1
MARILELY,0,1,1
MARILENDA,0,1,1
MARILETTE,0,1,1
MARILETXY,0,1,1
MARILEXI,0,1,1
MARILEYDA,0,1,1
MARILHYN,0,1,1
MARILID,0,1,1
MARILINDAESTELA,0,1,1
MARILING,0,1,1
MARILINY,0,1,1
MARILITH,0,1,1
MARILIUD,0,1,1
MARILIXE,0,1,1
MARILLEN,0,1,1
MARILO,0,1,1
MARILOU,0,1,1
MARILTH,0,1,1
MARILUB,0,1,1
MARILUCI,0,1,1
MARILUH,0,1,1
MARILUL,0,1,1
MARILY DALILA,0,1,1
MARILYM,0,1,1
MARILYNI,0,1,1
MARIMENDI,0,1,1
MARIN ALBERTO,0,1,1
MARINA',0,1,1
MARINA AZUCENA,0,1,1
MARINA ISABEL,0,1,1
MARINA JAMILETH,0,1,1
MARINA JEANETTE,0,1,1
MARINA MARIA,0,1,1
MARINA SOCORRO,0,1,1
MARINA SOLEDAD,0,1,1
MARINA SUYAPA,0,1,1
MARINA VICTORIA,0,1,1
MARINA WILLIER,0,1,1
MARINA},0,1,1
MARINAK,0,1,1
MARINAT,0,1,1
MARINCLER,0,1,1
MARINELLI,0,1,1
MARINELVI,0,1,1
MARINEPTH,0,1,1
MARINETS,0,1,1
MARINETT,0,1,1
MARINEX,0,1,1
MARINGEN,0,1,1
MARINGETH,0,1,1
MARINIE,0,1,1
MARINO ARQUILEO,0,1,1
MARINO SANTOS,0,1,1
MARINOLY,0,1,1
MARINUL,0,1,1
MARINUN,0,1,1
MARINUS,0,1,1
MARINUY,0,1,1
MARINZA,0,1,1
MARI-O,0,1,1
MARIO ADALID,0,1,1
MARIO ADELMO,0,1,1
MARIO ALEXIS,0,1,1
MARIO ALY,0,1,1
MARIO ARTURO,0,1,1
MARIO AUDULIO,0,1,1
MARIO ENRIQUE,0,1,1
MARIO ERNESTO,0,1,1
MARIO FABIAN,0,1,1
MARIO LUZVIN,0,1,1
MARIO MAGDALENO,0,1,1
MARIO MARIN,0,1,1
MARIO MASSIN,0,1,1
MARIO MIGUEL,0,1,1
MARIO MILDO,0,1,1
MARIO ROLANDO,0,1,1
MARIO SALVADOR,0,1,1
MARIO SANTOS,0,1,1
MARIO SELIM,0,1,1
MARIORY,0,1,1
MARIOT,0,1,1
MARIOTY,0,1,1
MARIPSA AURORA,0,1,1
MARIPSOL,0,1,1
MARIQUETI,0,1,1
MARIS TELMA,0,1,1
MARISABELL,0,1,1
MARISABET,0,1,1
MARISALIA,0,1,1
MARISCELLA,0,1,1
MARISCELY,0,1,1
MARISELINA,0,1,1
MARISENA,0,1,1
MARISETL,0,1,1
MARISHA,0,1,1
MARISI,0,1,1
MARISINTA,0,1,1
MARISLU,0,1,1
MARISOBET,0,1,1
MARISOLIA,0,1,1
MARISSELL,0,1,1
MARISSELLA,0,1,1
MARISSELT,0,1,1
MARISSENIA,0,1,1
MARISTHELA,0,1,1
MARISTILA,0,1,1
MARISZA,0,1,1
MARITCA,0,1,1
MARITCE,0,1,1
MARITCENIA,0,1,1
MARITCY,0,1,1
MARITE,0,1,1
MARITELA,0,1,1
MARITERY,0,1,1
MARITHSA,0,1,1
MARITO¼A,0,1,1
MARITONA,0,1,1
MARITRIZ,0,1,1
MARITSABET,0,1,1
MARITSSA,0,1,1
MARITTA,0,1,1
MARITTIZ,0,1,1
MARITTZZA,0,1,1
MARITXOL,0,1,1
MARITZA LICET,0,1,1
MARITZA SUYAPA,0,1,1
MARITZAH,0,1,1
MARITZAIN,0,1,1
MARITZHA,0,1,1
MARITZY,0,1,1
MARIUZ,0,1,1
MARIVIL,0,1,1
MARIVITH,0,1,1
MARIXA CECILIA,0,1,1
MARIXCELLA,0,1,1
MARIXCENIA,0,1,1
MARIXELI,0,1,1
MARIXENIA,0,1,1
MARIXES,0,1,1
MARIXSANA,0,1,1
MARIXSEL,0,1,1
MARIXSI,0,1,1
MARIXZOL,0,1,1
MARIYURE,0,1,1
MARIZABET,0,1,1
MARIZANY,0,1,1
MARIZCEL,0,1,1
MARIZETT,0,1,1
MARIZIA,0,1,1
MARIZT,0,1,1
MARIZTA,0,1,1
MARIZTZA,0,1,1
MARIZU,0,1,1
MARIZUL,0,1,1
MARIZZELA,0,1,1
MARJERI,0,1,1
MARJETA,0,1,1
MARJONI,0,1,1
MARJOR,0,1,1
MARKEL,0,1,1
MARKISHA,0,1,1
MARLEDIS,0,1,1
MARLEGNE,0,1,1
MARLEHENE,0,1,1
MARLELNY,0,1,1
MARLEN SUYAPA,0,1,1
MARLEN YAMILETH,0,1,1
MARLENDA,0,1,1
MARLENDI,0,1,1
MARLENDIS,0,1,1
MARLENEH,0,1,1
MARLENH,0,1,1
MARLENIL,0,1,1
MARLENING,0,1,1
MARLENINS,0,1,1
MARLENIU,0,1,1
MARLENM,0,1,1
MARLENNEE,0,1,1
MARLENYA,0,1,1
MARLESIS,0,1,1
MARLESTT,0,1,1
MARLETN,0,1,1
MARLEU,0,1,1
MARLHENYS,0,1,1
MARLICE,0,1,1
MARLIEN,0,1,1
MARLIES,0,1,1
MARLINI,0,1,1
MARLINIS,0,1,1
MARLINY,0,1,1
MARLIO,0,1,1
MARLION,0,1,1
MARLIR,0,1,1
MARLISA,0,1,1
MARLISSA,0,1,1
MARLISTEO,0,1,1
MARLIT,0,1,1
MARLLALY,0,1,1
MARLLELA,0,1,1
MARLLINIS,0,1,1
MARLLORI,0,1,1
MARLLORIS,0,1,1
MARLOANI,0,1,1
MARLOBER,0,1,1
MARLOHIN,0,1,1
MARLOMI,0,1,1
MARLOVE,0,1,1
MARLUY,0,1,1
MARLUZ,0,1,1
MARLVIL,0,1,1
MARLYNIS,0,1,1
MARLYNN,0,1,1
MARLYSE,0,1,1
MARMELY,0,1,1
MARMIEL,0,1,1
MARMIZ,0,1,1
MARNELEE,0,1,1
MARNELI,0,1,1
MARNELY,0,1,1
MARNEN,0,1,1
MARNEN ORFIL,0,1,1
MARONI,0,1,1
MARORI,0,1,1
MAROSLAVA,0,1,1
MAROXI,0,1,1
MARQUE,0,1,1
MARQUECIA,0,1,1
MARQUELINE,0,1,1
MARQUENZA,0,1,1
MARQUIËO,0,1,1
MARQUIDES,0,1,1
MARQUIRIA,0,1,1
MARQUIZEK,0,1,1
MARRASES,0,1,1
MARRETA,0,1,1
MARRINQUE,0,1,1
MARRITTA,0,1,1
MARSELL,0,1,1
MARSELLE,0,1,1
MARSENA,0,1,1
MARSENI,0,1,1
MARSHAEL,0,1,1
MARSOL,0,1,1
MARTA  LIDIA,0,1,1
MARTA ARIS,0,1,1
MARTA CELINA,0,1,1
MARTA CLARA,0,1,1
MARTA DE LA LUZ,0,1,1
MARTA DELIA,0,1,1
MARTA DILIA,0,1,1
MARTA DIONICIA,0,1,1
MARTA EMERITA,0,1,1
MARTA ESPERANZA,0,1,1
MARTA GEORGINA,0,1,1
MARTA GLORIA,0,1,1
MARTA HERMINIA,0,1,1
MARTA IRENE,0,1,1
MARTA IRIS,0,1,1
MARTA IRMA,0,1,1
MARTA JOBINA,0,1,1
MARTA JULIA,0,1,1
MARTA LICIDA,0,1,1
MARTA LILIA,0,1,1
MARTA LOURDES,0,1,1
MARTA LUCIA,0,1,1
MARTA ODILIA,0,1,1
MARTA OLIVIA,0,1,1
MARTA RAMONA,0,1,1
MARTA VILA,0,1,1
MARTAIN,0,1,1
MARTALA,0,1,1
MARTALIDIA,0,1,1
MARTELIS,0,1,1
MARTELLA,0,1,1
MARTEN,0,1,1
MARTER,0,1,1
MARTERY,0,1,1
MARTES,0,1,1
MARTGOTH,0,1,1
MARTH A,0,1,1
MARTHA   LIDIA,0,1,1
MARTHA BLANCA,0,1,1
MARTHA DE JESUS,0,1,1
MARTHA EUGENIA,0,1,1
MARTHA IRIS,0,1,1
MARTHA JULIA,0,1,1
MARTHA LICIA,0,1,1
MARTHA LILIANA,0,1,1
MARTHA MARIA,0,1,1
MARTHA NUBIA,0,1,1
MARTHA PETRONA,0,1,1
MARTHA REBECA,0,1,1
MARTHA SUYAPA,0,1,1
MARTHA YADIRA,0,1,1
MARTHE MARIE,0,1,1
MARTHIE,0,1,1
MARTHIR,0,1,1
MARTHY,0,1,1
MARTICILA,0,1,1
MARTIEN,0,1,1
MARTIEZ,0,1,1
MARTILUZ,0,1,1
MARTIMER,0,1,1
MARTIN ALFONSO,0,1,1
MARTIN ALONSO,0,1,1
MARTIN ANTONIO,0,1,1
MARTIN EFRAIN,0,1,1
MARTIN FEDERICO,0,1,1
MARTIN GONZALO,0,1,1
MARTIN VIDAL,0,1,1
MARTIN WILFREDO,0,1,1
MARTINELLI,0,1,1
MARTIR AMANDA,0,1,1
MARTIR ANAEL,0,1,1
MARTIR ARELY,0,1,1
MARTIR CRUZ,0,1,1
MARTIR EFRAIN,0,1,1
MARTIR MARCIAL,0,1,1
MARTIR MARINA,0,1,1
MARTIR OBISPO,0,1,1
MARTIR OTILIA,0,1,1
MARTIR RAMON,0,1,1
MARTIR RENE,0,1,1
MARTIRIO,0,1,1
MARTIRY,0,1,1
MARTISILIA,0,1,1
MARTIX,0,1,1
MARTLON,0,1,1
MARTOREL,0,1,1
MARTTA JULIA,0,1,1
MARTU,0,1,1
MARUBELY,0,1,1
MARUBENIL,0,1,1
MARUBENITH,0,1,1
MARUBIL,0,1,1
MARUBINI,0,1,1
MARUBY,0,1,1
MARUC,0,1,1
MARUCK,0,1,1
MARUEL,0,1,1
MARULIA,0,1,1
MARULU,0,1,1
MARUOSO,0,1,1
MARUSELY,0,1,1
MARUVENIA,0,1,1
MARUX,0,1,1
MARUY,0,1,1
MARVELIA,0,1,1
MARVELLY,0,1,1
MARVENA,0,1,1
MARVENIA,0,1,1
MARVERY,0,1,1
MARVET,0,1,1
MARVEYEBA,0,1,1
MARVIEL,0,1,1
MARVILETH,0,1,1
MARVILEY,0,1,1
MARVILIO,0,1,1
MARVIN ELADIO,0,1,1
MARVIN OMAR,0,1,1
MARVIN YOLANDA,0,1,1
MARWELL,0,1,1
MARWIN BENTHLY,0,1,1
MARY CRUZ,0,1,1
MARY DAVID,0,1,1
MARY DELIA,0,1,1
MARY HILDA,0,1,1
MARY LHU,0,1,1
MARY LU,0,1,1
MARY LUS,0,1,1
MARY YAMILETH,0,1,1
MARYALIN,0,1,1
MARYBI,0,1,1
MARYBU,0,1,1
MARYEL,0,1,1
MARYELIS,0,1,1
MARYEN,0,1,1
MARYERE,0,1,1
MARYERIS,0,1,1
MARYES,0,1,1
MARYINO,0,1,1
MARYKLETHR,0,1,1
MARYLAN,0,1,1
MARYLE,0,1,1
MARYLENE,0,1,1
MARYLET,0,1,1
MARYLETT,0,1,1
MARYLHEN,0,1,1
MARYLIA,0,1,1
MARYLYS,0,1,1
MARYNE,0,1,1
MARYNELLY,0,1,1
MARYORYI,0,1,1
MARYSSA,0,1,1
MARYSTE,0,1,1
MARYSTEYA,0,1,1
MARYURIE,0,1,1
MARYURIN,0,1,1
MARYVELL,0,1,1
MARZABETH,0,1,1
MARZAREYA,0,1,1
MARZELY,0,1,1
MARZOLINI,0,1,1
MASALI,0,1,1
MASARELA,0,1,1
MASARIEGOS,0,1,1
MASBELLY,0,1,1
MASBELY,0,1,1
MASCEEN,0,1,1
MASCIEL,0,1,1
MASDONIO,0,1,1
MASELLY,0,1,1
MASIA,0,1,1
MASIE,0,1,1
MASILIN,0,1,1
MASIN,0,1,1
MASISTE,0,1,1
MASLEN,0,1,1
MASLENIA,0,1,1
MASLEYNE,0,1,1
MASLIN,0,1,1
MASLIONI,0,1,1
MASSEDONIO,0,1,1
MASSIELL,0,1,1
MASSIER,0,1,1
MASSLIN,0,1,1
MASSUEL,0,1,1
MASTHENIA,0,1,1
MASTIR,0,1,1
MASYURY,0,1,1
MAT,0,1,1
MATAGURT,0,1,1
MATALION,0,1,1
MATEA EVA,0,1,1
MATEHABEL,0,1,1
MATELAN,0,1,1
MATES,0,1,1
MATGARITA,0,1,1
MATHUSALEEN,0,1,1
MATIAS EDGARDO,0,1,1
MATIAS HILBERTA,0,1,1
MATIAS SOCORRO,0,1,1
MATIEL,0,1,1
MATILENE,0,1,1
MATILLAS,0,1,1
MATORRIJO,0,1,1
MATUZALEM,0,1,1
MAUBELLE,0,1,1
MAUCIBEL,0,1,1
MAUCIMA,0,1,1
MAUCIMO,0,1,1
MAUCITO,0,1,1
MAUD MAGDALENA,0,1,1
MAUDALA,0,1,1
MAUDAMI,0,1,1
MAUDELI,0,1,1
MAUDELIS,0,1,1
MAUDELY,0,1,1
MAUDEMIA,0,1,1
MAUDICELIA,0,1,1
MAUDICLEY,0,1,1
MAUDIELA,0,1,1
MAUDITA,0,1,1
MAUDONIEL,0,1,1
MAULEY,0,1,1
MAUN,0,1,1
MAURA ANTONIA,0,1,1
MAURA CATALINA,0,1,1
MAURA DE JESUS,0,1,1
MAURA MAYDE,0,1,1
MAURENI,0,1,1
MAURET,0,1,1
MAURIA,0,1,1
MAURICETTE,0,1,1
MAURICIOO,0,1,1
MAURIELIA,0,1,1
MAURILA,0,1,1
MAURILIAN,0,1,1
MAURINY,0,1,1
MAURIQUE,0,1,1
MAURISA,0,1,1
MAURITA,0,1,1
MAURO NICOLAS,0,1,1
MAURRY,0,1,1
MAURYCIO,0,1,1
MAUT,0,1,1
MAUTH,0,1,1
MAUXIMIN,0,1,1
MAVEDIS,0,1,1
MAVELIA,0,1,1
MAVELINE,0,1,1
MAVELYN,0,1,1
MAVENI,0,1,1
MAVERIK,0,1,1
MAVEX,0,1,1
MAVIAEL,0,1,1
MAVIDEL,0,1,1
MAVIEKZZARU,0,1,1
MAVIESA,0,1,1
MAVILES,0,1,1
MAVINIA,0,1,1
MAVIRA,0,1,1
MAVIS ETEL,0,1,1
MAVISA,0,1,1
MAVISSA,0,1,1
MAVIVEL,0,1,1
MAWEE,0,1,1
MAWELL,0,1,1
MAWYSH,0,1,1
MAXAI,0,1,1
MAXCEL,0,1,1
MAXCIMA,0,1,1
MAXDALENA,0,1,1
MAXDEL,0,1,1
MAXDELI,0,1,1
MAXDIER,0,1,1
MAXELENIA,0,1,1
MAXIBEL,0,1,1
MAXIDALIA,0,1,1
MAXIMIANA,0,1,1
MAXIMILANO,0,1,1
MAXIMINIANA,0,1,1
MAXINEZ,0,1,1
MAXUR,0,1,1
MAXVINE,0,1,1
MAXZEL,0,1,1
MAY SARAHY,0,1,1
MAY THE,0,1,1
MAYAB,0,1,1
MAYALETH,0,1,1
MAYANEL,0,1,1
MAYANET,0,1,1
MAYARITH,0,1,1
MAYBELLY,0,1,1
MAYBI,0,1,1
MAYBILI,0,1,1
MAYCHOL,0,1,1
MAYDEL,0,1,1
MAYDELIN,0,1,1
MAYDELINE,0,1,1
MAYDOY,0,1,1
MAYDU,0,1,1
MAYELIS,0,1,1
MAYELISSA,0,1,1
MAYENCE,0,1,1
MAYENIA,0,1,1
MAYENLI,0,1,1
MAYENY,0,1,1
MAYERLIGN,0,1,1
MAYESI,0,1,1
MAYESKA,0,1,1
MAYESKI,0,1,1
MAYESY,0,1,1
MAYEY,0,1,1
MAYGOLDIE,0,1,1
MAYHONIS,0,1,1
MAYIËA,0,1,1
MAYILI,0,1,1
MAYIN,0,1,1
MAYINETH,0,1,1
MAYKEL,0,1,1
MAYKELL,0,1,1
MAYKELY,0,1,1
MAYLAY,0,1,1
MAYLEN MARIA,0,1,1
MAYLENY,0,1,1
MAYLET,0,1,1
MAYLINDA,0,1,1
MAYLINDEL,0,1,1
MAYLIONY,0,1,1
MAYNARD,0,1,1
MAYNARY,0,1,1
MAYNEE,0,1,1
MAYNOS,0,1,1
MAYONI,0,1,1
MAYORI,0,1,1
MAYQUEL,0,1,1
MAYQUELIN,0,1,1
MAYQUELL,0,1,1
MAYRA AZUCENA,0,1,1
MAYRA LETICIA,0,1,1
MAYRDENIA,0,1,1
MAYRENI,0,1,1
MAYRENNE,0,1,1
MAYRILIN,0,1,1
MAYRINA,0,1,1
MAYRONI,0,1,1
MAYRUTH,0,1,1
MAYTEDES,0,1,1
MAYTHEE,0,1,1
MAYU,0,1,1
MAYUNI,0,1,1
MAYVELLINE,0,1,1
MAZDABETH,0,1,1
MAZIEEL,0,1,1
MAZIER,0,1,1
MAZIRE,0,1,1
MAZNACK NORIZ,0,1,1
MC  CARDY,0,1,1
MC CARTHY,0,1,1
MC COMMONS,0,1,1
MC CORDEY,0,1,1
MC CREY,0,1,1
MC CURDIE,0,1,1
MC DOWELL,0,1,1
MC DURHAM,0,1,1
MC EAGAN,0,1,1
MC EVANS,0,1,1
MC GLYNN,0,1,1
MC GOOBEN,0,1,1
MC JENS,0,1,1
MC KANE,0,1,1
MC KELLER,0,1,1
MC KENDLY,0,1,1
MC KENLLY,0,1,1
MC KENTACH,0,1,1
MC KENTY,0,1,1
MC KENZIE,0,1,1
MC KERRY,0,1,1
MC KINLEY,0,1,1
MC KINLY,0,1,1
MC KLAY,0,1,1
MC LECY,0,1,1
MC NELLY,0,1,1
MC ORVIN,0,1,1
MC QUITA,0,1,1
MC UAN,0,1,1
MC. DARWEEN,0,1,1
MC. DONAL,0,1,1
MC.CALL,0,1,1
MC.CLEAR,0,1,1
MC.DANIEL,0,1,1
MC.DONALD,0,1,1
MC.KERRY,0,1,1
MCARTHY,0,1,1
MCCLAY,0,1,1
MCCOY,0,1,1
MCDORI,0,1,1
MCKENLEY,0,1,1
MCKENLY,0,1,1
MCKENON,0,1,1
MCKERVY,0,1,1
MCKISSICK,0,1,1
MCKNIE,0,1,1
MCNAB,0,1,1
MCNEIL,0,1,1
MCTAGUTT,0,1,1
MEADE,0,1,1
MEALICA,0,1,1
MEANY,0,1,1
MEBALI,0,1,1
MEBZAR,0,1,1
MECCAIL,0,1,1
MECCELENIA,0,1,1
MECEDENE,0,1,1
MECHAEL,0,1,1
MECHEEL,0,1,1
MECHELLE,0,1,1
MECHITA,0,1,1
MECHOR,0,1,1
MECSUY,0,1,1
MEDADOR,0,1,1
MEDAL,0,1,1
MEDALY,0,1,1
MEDALYS,0,1,1
MEDAMI,0,1,1
MEDARNO,0,1,1
MEDARO,0,1,1
MEDBIETH,0,1,1
MEDELI,0,1,1
MEDELIO,0,1,1
MEDELYN,0,1,1
MEDENCE,0,1,1
MEDI,0,1,1
MEDICIA,0,1,1
MEDIGSA,0,1,1
MEDIRA,0,1,1
MEDITINA,0,1,1
MEDLEY,0,1,1
MEDONIO,0,1,1
MEDRALINA,0,1,1
MEDREX,0,1,1
MEDUIN,0,1,1
MEDYELIN,0,1,1
MEEDIA,0,1,1
MEEKER,0,1,1
MEEL,0,1,1
MEETABEL,0,1,1
MEFALDA,0,1,1
MEFIFOCET,0,1,1
MEGARY,0,1,1
MEGDALIS,0,1,1
MEGDONIA,0,1,1
MEGNALIA,0,1,1
MEGNELIO,0,1,1
MEHAI,0,1,1
MEHELA,0,1,1
MEHELTABEL,0,1,1
MEHETAVELI,0,1,1
MEHETIL,0,1,1
MEHITABLE,0,1,1
MEHLISA,0,1,1
MEHUJOEL,0,1,1
MEI LAY,0,1,1
MEIBEL,0,1,1
MEIDELIN,0,1,1
MEIES,0,1,1
MEJAIL,0,1,1
MEJALAIT,0,1,1
MELAGROS,0,1,1
MELAMI,0,1,1
MELAMIA,0,1,1
MELAN,0,1,1
MELANNIE,0,1,1
MELARDO,0,1,1
MELARMINA,0,1,1
MELARMINO,0,1,1
MELARY,0,1,1
MELAUT,0,1,1
MELAUTH,0,1,1
MELAXY,0,1,1
MELBA GLADIS,0,1,1
MELBA JUDITH,0,1,1
MELBIN YOBANY,0,1,1
MELBURN,0,1,1
MELCANER,0,1,1
MELCHAN,0,1,1
MELCHESEDETH,0,1,1
MELCHIS,0,1,1
MELCHOR RAMON,0,1,1
MELCHORA,0,1,1
MELCIARES,0,1,1
MELCIDEZ,0,1,1
MELCRADEZ,0,1,1
MELDANIA,0,1,1
MELDEVINA,0,1,1
MELDIDA,0,1,1
MELEANO,0,1,1
MELECIO ROBERTO,0,1,1
MELECK,0,1,1
MELEEVAH,0,1,1
MELEIDA,0,1,1
MELEM,0,1,1
MELENDE,0,1,1
MELENEA,0,1,1
MELENECIO,0,1,1
MELENEO,0,1,1
MELESANDY,0,1,1
MELESSA,0,1,1
MELESSI,0,1,1
MELETZIS,0,1,1
MELEYD,0,1,1
MELEYDI,0,1,1
MELFIN,0,1,1
MELFOR,0,1,1
MELGADES,0,1,1
MELGADIS,0,1,1
MELGRADES,0,1,1
MELGREE,0,1,1
MELGUICEDEC,0,1,1
MELGUIDES,0,1,1
MELIA DEL CARME,0,1,1
MELIAD,0,1,1
MELIAN,0,1,1
MELIBETH,0,1,1
MELICENDA,0,1,1
MELICIANA,0,1,1
MELICTOR,0,1,1
MELIDA  A,0,1,1
MELIDA DE JESUS,0,1,1
MELIDA ETELVINA,0,1,1
MELIDA NOEMI,0,1,1
MELIDAD,0,1,1
MELIDANIA,0,1,1
MELIDEY,0,1,1
MELIEZA,0,1,1
MELILANO,0,1,1
MELINIECO,0,1,1
MELINNA,0,1,1
MELIPZA,0,1,1
MELIQUINA,0,1,1
MELISAAA,0,1,1
MELISABEL,0,1,1
MELISANDI,0,1,1
MELISANDRA,0,1,1
MELISI,0,1,1
MELISSA DEL CAR,0,1,1
MELISSIA,0,1,1
MELISSS,0,1,1
MELISSSA,0,1,1
MELITH,0,1,1
MELITIN,0,1,1
MELITINO,0,1,1
MELITSSA,0,1,1
MELIVA,0,1,1
MELIXE,0,1,1
MELIXEIS,0,1,1
MELIXSA,0,1,1
MELIZ,0,1,1
MELIZANDI,0,1,1
MELIZETH,0,1,1
MELKER,0,1,1
MELKESEDEC,0,1,1
MELKISEDETH,0,1,1
MELKISIDETH,0,1,1
MELKYSEDEC,0,1,1
MELLIN RAUL,0,1,1
MELLISA,0,1,1
MELLISENTH,0,1,1
MELLISY,0,1,1
MELLIZA,0,1,1
MELLIZZA,0,1,1
MELLON,0,1,1
MELNIKOV,0,1,1
MELODDY,0,1,1
MELODIS,0,1,1
MELQUECIDECTH,0,1,1
MELQUELIDES,0,1,1
MELQUESEDEC,0,1,1
MELQUESIDED,0,1,1
MELQUESIDETP,0,1,1
MELQUICES,0,1,1
MELQUICIDE,0,1,1
MELQUICIDET,0,1,1
MELQUICIDETC,0,1,1
MELQUIEZ,0,1,1
MELQUILETH,0,1,1
MELQUISABET,0,1,1
MELQUISABETH,0,1,1
MELQUISIDE,0,1,1
MELQUY,0,1,1
MELSIADES,0,1,1
MELSIAS,0,1,1
MELTINA,0,1,1
MELVA ESPERANZA,0,1,1
MELVA SUYAPA,0,1,1
MELVIN ESTEBAN,0,1,1
MELVIN JEOVANNI,0,1,1
MELVIN JONVANY,0,1,1
MELVIN PROSPERO,0,1,1
MELVIR,0,1,1
MELVIS OVIDIO,0,1,1
MELVN,0,1,1
MELYANY,0,1,1
MELYDI,0,1,1
MELYZA,0,1,1
MELZI,0,1,1
MELZIARY,0,1,1
MEMARY,0,1,1
MEMBA,0,1,1
MEMERITA,0,1,1
MEMERTO,0,1,1
MEMIAS,0,1,1
MEMNALIA,0,1,1
MENACIN,0,1,1
MENAGEN,0,1,1
MENALEA,0,1,1
MENALY,0,1,1
MENALYA,0,1,1
MENAN,0,1,1
MENCEDES,0,1,1
MENCHOR,0,1,1
MENCIA,0,1,1
MENDAËE,0,1,1
MENDELSON,0,1,1
MENDEY,0,1,1
MENDIERY,0,1,1
MENDISABAL,0,1,1
MENDOLA,0,1,1
MENDONIO,0,1,1
MENECSA,0,1,1
MENEGILDO,0,1,1
MENEI,0,1,1
MENELANI,0,1,1
MENELINA,0,1,1
MENELSA,0,1,1
MENELYN,0,1,1
MENENDA,0,1,1
MENEX,0,1,1
MENEYRA,0,1,1
MENG HUA,0,1,1
MENGOMER,0,1,1
MENHARIE,0,1,1
MENIAS,0,1,1
MENINDA,0,1,1
MENISSA,0,1,1
MENJIVAR,0,1,1
MENNELY,0,1,1
MENNILLE,0,1,1
MENOLI,0,1,1
MENORILA,0,1,1
MENORVA,0,1,1
MENRIQUE,0,1,1
MENRODD,0,1,1
MENRRY,0,1,1
MENSISTH,0,1,1
MENSSI,0,1,1
MENU,0,1,1
MEOMISA,0,1,1
MEPDALIA,0,1,1
MEPTALI,0,1,1
MEPTALY,0,1,1
MER CEDES,0,1,1
MERADES,0,1,1
MERAI,0,1,1
MERAL,0,1,1
MERALES,0,1,1
MERAN,0,1,1
MERAP,0,1,1
MERARIN,0,1,1
MERARIY,0,1,1
MERARY MAHLY,0,1,1
MERBILIA,0,1,1
MERCANIO,0,1,1
MERCEDES ALICIA,0,1,1
MERCEDES DE LA,0,1,1
MERCEDES DEL SO,0,1,1
MERCEDES DOLORE,0,1,1
MERCEDES ELISA,0,1,1
MERCEDES EVA,0,1,1
MERCEDES G,0,1,1
MERCEDES ISABEL,0,1,1
MERCEDES LAURA,0,1,1
MERCEDES MIRIAN,0,1,1
MERCEDES OSMIN,0,1,1
MERCEDES REINA,0,1,1
MERCEDES SUYAPA,0,1,1
MERCEDES TERESA,0,1,1
MERCELIT,0,1,1
MERCES,0,1,1
MERCET,0,1,1
MERCHISEBET,0,1,1
MERCIAL,0,1,1
MERCIBEL,0,1,1
MERCID,0,1,1
MERCIK,0,1,1
MERCIL,0,1,1
MERCILIO,0,1,1
MERCILLE,0,1,1
MERCINDO,0,1,1
MERCLADIS,0,1,1
MERDALY,0,1,1
MERDARDO,0,1,1
MERDELES,0,1,1
MERDETH,0,1,1
MERE,0,1,1
MEREAN,0,1,1
MERECELBE,0,1,1
MEREDA,0,1,1
MEREDILIA,0,1,1
MERELLA,0,1,1
MERENDA,0,1,1
MERENDY,0,1,1
MERENELI,0,1,1
MERERI,0,1,1
MERERIZ,0,1,1
MEREYLA,0,1,1
MEREYNA,0,1,1
MERGARITA,0,1,1
MERGELINA,0,1,1
MERI EUSTAQUIA,0,1,1
MERIBETH,0,1,1
MERICEE,0,1,1
MERICEL,0,1,1
MERICELDIS,0,1,1
MERICELIS,0,1,1
MERICHEL,0,1,1
MERIDEN,0,1,1
MERIDSA,0,1,1
MERIDY,0,1,1
MERIE,0,1,1
MERIELY,0,1,1
MERIEN LEYLA,0,1,1
MERIHAN,0,1,1
MERIL,0,1,1
MERILDA,0,1,1
MERILDYS,0,1,1
MERILIA,0,1,1
MERILLE,0,1,1
MERILO,0,1,1
MERILUH,0,1,1
MERILUZ,0,1,1
MERILY,0,1,1
MERIN ALBERTO,0,1,1
MERINDIE,0,1,1
MERINEL,0,1,1
MERINELI,0,1,1
MERIPEC,0,1,1
MERIS VIRGINIA,0,1,1
MERISELDA,0,1,1
MERISELDY,0,1,1
MERISELVI,0,1,1
MERISELVIS,0,1,1
MERISELVY,0,1,1
MERISEYDA,0,1,1
MERISIS,0,1,1
MERITALIA,0,1,1
MERITINO,0,1,1
MERIXS,0,1,1
MERIZEL,0,1,1
MERIZI,0,1,1
MERJELY,0,1,1
MERJILA,0,1,1
MERJINA,0,1,1
MERKS,0,1,1
MERLADI,0,1,1
MERLADYS,0,1,1
MERLEDY,0,1,1
MERLEDYS,0,1,1
MERLEM,0,1,1
MERLEXY,0,1,1
MERLIDET,0,1,1
MERLIGS,0,1,1
MERLIN ADRIAN,0,1,1
MERLIN ORLANDO,0,1,1
MERLIN SANTIAGO,0,1,1
MERLIN WALESKA,0,1,1
MERLISEDIT,0,1,1
MERLUSA,0,1,1
MERLYDALBA,0,1,1
MERM,0,1,1
MERMINDO,0,1,1
MERMITA,0,1,1
MERNANDO,0,1,1
MERODEC,0,1,1
MEROMEO,0,1,1
MERQUECIDED,0,1,1
MERQUESIDEC,0,1,1
MERQUICEDE,0,1,1
MERQUICEDEC,0,1,1
MERQUICIDEC,0,1,1
MERRELL,0,1,1
MERRIAM,0,1,1
MERRILEE,0,1,1
MERRILOY,0,1,1
MERRIT,0,1,1
MERRITH,0,1,1
MERRLI,0,1,1
MERRULIETH,0,1,1
MERSALI,0,1,1
MERSARY,0,1,1
MERSEDEZ,0,1,1
MERSETH,0,1,1
MERSUL,0,1,1
MERTES,0,1,1
MERTILIA,0,1,1
MERTIS,0,1,1
MERTODIO,0,1,1
MERU,0,1,1
MERVIL,0,1,1
MERWYN,0,1,1
MERY CELBA,0,1,1
MERY DE JESUS,0,1,1
MERYDA,0,1,1
MERYEN,0,1,1
MERYINA,0,1,1
MESABEL,0,1,1
MESACH,0,1,1
MESAIN,0,1,1
MESALIA,0,1,1
MESARY,0,1,1
MESAT,0,1,1
MESEGILDA,0,1,1
MESELANIA,0,1,1
MESELEMIA,0,1,1
MESHECH,0,1,1
MESHELLIE,0,1,1
MESI,0,1,1
MESLAY,0,1,1
MESOLINA,0,1,1
MESOTINA,0,1,1
MESSELENY,0,1,1
MESULAIN,0,1,1
MESULAN,0,1,1
METALIA,0,1,1
METZANEL,0,1,1
MEVARI,0,1,1
MEVILLE,0,1,1
MEXABET,0,1,1
MEXALA,0,1,1
MEXALIA,0,1,1
MEXANDER,0,1,1
MEXCELAN,0,1,1
MEXELINA,0,1,1
MEXHAEL,0,1,1
MEXIDES,0,1,1
MEXON,0,1,1
MEXSULLAN,0,1,1
MEYBHI,0,1,1
MEYBOSETH,0,1,1
MEYELIN,0,1,1
MEYLIND,0,1,1
MEYLINM,0,1,1
MEYLIS,0,1,1
MEYNARDO,0,1,1
MEYNER,0,1,1
MEZABEEL,0,1,1
MEZAEL,0,1,1
MHARYORI,0,1,1
MI   MARILU,0,1,1
MIBDONIO,0,1,1
MICAH,0,1,1
MICAHELA,0,1,1
MICAL,0,1,1
MICANDO,0,1,1
MICANOR,0,1,1
MICDALIO,0,1,1
MICDONY,0,1,1
MICEL,0,1,1
MICELANEA,0,1,1
MICELEM,0,1,1
MICELI,0,1,1
MICELIS,0,1,1
MICELLY,0,1,1
MICENI,0,1,1
MICENY,0,1,1
MICETT,0,1,1
MICGLADYS,0,1,1
MICHAEL MARTIN,0,1,1
MICHAEL MIDDLET,0,1,1
MICHAELIN,0,1,1
MICHAELIS,0,1,1
MICHAELL,0,1,1
MICHAELY,0,1,1
MICHAHEL,0,1,1
MICHEAS,0,1,1
MICHEEL,0,1,1
MICHEELY,0,1,1
MICHELETTE,0,1,1
MICHELETTI,0,1,1
MICHELID,0,1,1
MICHELINNE,0,1,1
MICHELLA,0,1,1
MICHELSEN,0,1,1
MICHETL,0,1,1
MICHILE,0,1,1
MICHTLLE,0,1,1
MICILEM,0,1,1
MICKIE,0,1,1
MICLAYNE,0,1,1
MICOELA,0,1,1
MICOL,0,1,1
MICTALINA,0,1,1
MICTANIA,0,1,1
MIDANDI,0,1,1
MIDDALIA,0,1,1
MIDEE,0,1,1
MIDEIBY,0,1,1
MIDEIS,0,1,1
MIDEISY,0,1,1
MIDELA,0,1,1
MIDELDA,0,1,1
MIDELINDA,0,1,1
MIDELVA,0,1,1
MIDELZY,0,1,1
MIDESMINA,0,1,1
MIDEYBIS,0,1,1
MIDEYSI,0,1,1
MIDHEY,0,1,1
MIDIBETH,0,1,1
MIDNELLY,0,1,1
MIDRAIN,0,1,1
MIDRIA,0,1,1
MIDSAN,0,1,1
MIDYA,0,1,1
MIERIS,0,1,1
MIERY,0,1,1
MIESIADIZ,0,1,1
MIEVES,0,1,1
MIFIS,0,1,1
MIGAIL,0,1,1
MIGALI,0,1,1
MIGDAHEL,0,1,1
MIGDAIL,0,1,1
MIGDAL,0,1,1
MIGDALEBER,0,1,1
MIGDALEL,0,1,1
MIGDALELIA,0,1,1
MIGDALENA,0,1,1
MIGDANEO,0,1,1
MIGDANIO,0,1,1
MIGDELI,0,1,1
MIGDELL,0,1,1
MIGDINA,0,1,1
MIGDOLIA,0,1,1
MIGELINA,0,1,1
MIGELY,0,1,1
MIGIDEA,0,1,1
MIGLANDER,0,1,1
MIGLIONE,0,1,1
MIGLON,0,1,1
MIGNELIO,0,1,1
MIGOLONIO,0,1,1
MIGRIANA,0,1,1
MIGUEL ALBERTO,0,1,1
MIGUEL ALFREDO,0,1,1
MIGUEL ARTURO,0,1,1
MIGUEL ENRIQUE,0,1,1
MIGUEL HERNAN,0,1,1
MIGUEL HUMBERTO,0,1,1
MIGUEL IGNACIO,0,1,1
MIGUEL MISAEL,0,1,1
MIGUEL NASARIO,0,1,1
MIGUEL R,0,1,1
MIGUEL RAFAEL,0,1,1
MIGUEL RAMON,0,1,1
MIGUEL SANTOS,0,1,1
MIGUELA ANGELA,0,1,1
MIGUELANIA,0,1,1
MIGZALE,0,1,1
MIJAHIL,0,1,1
MIKAELA,0,1,1
MIKEA,0,1,1
MIKEYBY,0,1,1
MIKJAIL,0,1,1
MIKLOS,0,1,1
MIKSIA,0,1,1
MILADEL,0,1,1
MILADIEY,0,1,1
MILAGRO DE DIOS,0,1,1
MILAGRO DE JESU,0,1,1
MILAGRO YAMILET,0,1,1
MILAGRODE MARIA,0,1,1
MILAGROZA,0,1,1
MILAHIN,0,1,1
MILAIDY,0,1,1
MILAMIR,0,1,1
MILANDI,0,1,1
MILANE,0,1,1
MILANEA,0,1,1
MILANIZ,0,1,1
MILANOVA,0,1,1
MILANYS,0,1,1
MILAO,0,1,1
MILAR,0,1,1
MILAX,0,1,1
MILAYDI,0,1,1
MILBERTO,0,1,1
MILCASEDEX,0,1,1
MILCENT,0,1,1
MILCHE,0,1,1
MILCHER,0,1,1
MILCIADIZ,0,1,1
MILCIDES,0,1,1
MILCILLA,0,1,1
MILCRET,0,1,1
MILDALIA,0,1,1
MILDONY,0,1,1
MILDREDD,0,1,1
MILDREY,0,1,1
MILDRHED,0,1,1
MILDRITE,0,1,1
MILEANA,0,1,1
MILECCIS,0,1,1
MILECCY,0,1,1
MILECI,0,1,1
MILECSIE,0,1,1
MILEDYS,0,1,1
MILEHT,0,1,1
MILEIDIS,0,1,1
MILEIDYS,0,1,1
MILEIVE,0,1,1
MILEIVY,0,1,1
MILEJANEC,0,1,1
MILELE,0,1,1
MILELH,0,1,1
MILEMNA,0,1,1
MILENEE,0,1,1
MILENIR,0,1,1
MILENIZ,0,1,1
MILENNA,0,1,1
MILENOS,0,1,1
MILESKY,0,1,1
MILESY,0,1,1
MILETT,0,1,1
MILETTE,0,1,1
MILEXIA,0,1,1
MILEYBA,0,1,1
MILEYVIS,0,1,1
MILEYVY,0,1,1
MILEZZA,0,1,1
MILGEN,0,1,1
MILGRED,0,1,1
MILICAN,0,1,1
MILIDA,0,1,1
MILIGXA,0,1,1
MILIKZA,0,1,1
MILILU,0,1,1
MILINO,0,1,1
MILIP,0,1,1
MILIPTZA,0,1,1
MILISI,0,1,1
MILIX,0,1,1
MILIXI,0,1,1
MILIXSIA,0,1,1
MILIZAN,0,1,1
MILIZETH,0,1,1
MILJANIS,0,1,1
MILJANITH,0,1,1
MILJANIX,0,1,1
MILJANY,0,1,1
MILL YOVER,0,1,1
MILLAR,0,1,1
MILLARAY,0,1,1
MILLARD,0,1,1
MILLE,0,1,1
MILLECENT,0,1,1
MILLED,0,1,1
MILLEN,0,1,1
MILLIAM,0,1,1
MILLISSEM,0,1,1
MILLOR,0,1,1
MILLORY,0,1,1
MILOK,0,1,1
MILOMAR,0,1,1
MILONI,0,1,1
MILORD,0,1,1
MILOSCA,0,1,1
MILRENE,0,1,1
MILSIADES,0,1,1
MILSSAN,0,1,1
MILTADI,0,1,1
MILTALY,0,1,1
MILTHE,0,1,1
MILTON BLADIMIR,0,1,1
MILTON RICARDO,0,1,1
MILVIRA,0,1,1
MILWAR,0,1,1
MIMDA,0,1,1
MINABETH,0,1,1
MINADA,0,1,1
MINAR,0,1,1
MINDOMIO,0,1,1
MINDORIA,0,1,1
MINDOVIO,0,1,1
MINED,0,1,1
MINEDIA,0,1,1
MINELBY,0,1,1
MINELES,0,1,1
MINELL,0,1,1
MINELO,0,1,1
MINERBINA,0,1,1
MINEYDY,0,1,1
MING QUANG,0,1,1
MINIAMIN,0,1,1
MINIEL,0,1,1
MINILU,0,1,1
MINILUTH,0,1,1
MININETTE,0,1,1
MININSA,0,1,1
MINIO,0,1,1
MINITO,0,1,1
MINITRES,0,1,1
MINIZACK,0,1,1
MINLANIA,0,1,1
MINMA,0,1,1
MINNELLI,0,1,1
MINOLIA,0,1,1
MINOLMI,0,1,1
MINOPA,0,1,1
MINOR EMILIO,0,1,1
MINOSCAR,0,1,1
MINOSQUIO,0,1,1
MINOT,0,1,1
MINOY,0,1,1
MINOZCA,0,1,1
MINRROD,0,1,1
MINTY,0,1,1
MINYN,0,1,1
MIOSOTHYS,0,1,1
MIOSOTIS,0,1,1
MIOTHAN,0,1,1
MIPER,0,1,1
MIQUEA,0,1,1
MIRACRUZ,0,1,1
MIRADEY,0,1,1
MIRALIA,0,1,1
MIRALOSVA,0,1,1
MIRALU,0,1,1
MIRALY,0,1,1
MIRANES,0,1,1
MIRASEL,0,1,1
MIRASLAVA,0,1,1
MIRASLAWA,0,1,1
MIRAY,0,1,1
MIRCEADES,0,1,1
MIRCEDALIA,0,1,1
MIRCENY,0,1,1
MIRCH,0,1,1
MIRDALA,0,1,1
MIREDIA,0,1,1
MIREDITH,0,1,1
MIREEYA,0,1,1
MIREIDY,0,1,1
MIREILLA,0,1,1
MIREILLE,0,1,1
MIREISI,0,1,1
MIREIVY,0,1,1
MIRELCY,0,1,1
MIRELFA,0,1,1
MIRELIDAS,0,1,1
MIRELLY,0,1,1
MIRELYA,0,1,1
MIRELYS,0,1,1
MIREN,0,1,1
MIRESSA,0,1,1
MIRETNA,0,1,1
MIREXI,0,1,1
MIREYA CONSUELO,0,1,1
MIREYLLA,0,1,1
MIREYRE,0,1,1
MIREYSI,0,1,1
MIREYUI,0,1,1
MIREZ,0,1,1
MIRGINIA,0,1,1
MIRIAHAN,0,1,1
MIRIAIDA,0,1,1
MIRIAM ARACELY,0,1,1
MIRIAM DE JESUS,0,1,1
MIRIAM ELIZABET,0,1,1
MIRIAM IDILCIA,0,1,1
MIRIAM JANETH,0,1,1
MIRIAM VANESSA,0,1,1
MIRIAN DEXIS,0,1,1
MIRIAN ISABEL,0,1,1
MIRIAN MARLENY,0,1,1
MIRIAN OLANDA,0,1,1
MIRIAN ONDINA,0,1,1
MIRIANI,0,1,1
MIRIANM,0,1,1
MIRIBEL,0,1,1
MIRICELDA,0,1,1
MIRICIS,0,1,1
MIRIDIC,0,1,1
MIRIE,0,1,1
MIRIELA,0,1,1
MIRILDIS,0,1,1
MIRINORA,0,1,1
MIRIOSLAVA,0,1,1
MIRISOL,0,1,1
MIRIT,0,1,1
MIRITH,0,1,1
MIRIXELA,0,1,1
MIRJANA,0,1,1
MIRJELI,0,1,1
MIRLA ISABEL,0,1,1
MIRLANDIA,0,1,1
MIRLANIA,0,1,1
MIRLEC,0,1,1
MIRLENAY,0,1,1
MIRLENI,0,1,1
MIRLONE,0,1,1
MIRMANIA,0,1,1
MIRNA ADELA,0,1,1
MIRNA ALBERTINA,0,1,1
MIRNA ANTONIA,0,1,1
MIRNA AYDE,0,1,1
MIRNA DEISI,0,1,1
MIRNA GLADIS,0,1,1
MIRNA GLIZABET,0,1,1
MIRNA ROSARIO,0,1,1
MIRNA SUYAPA,0,1,1
MIROLOE,0,1,1
MIROSLAHABA,0,1,1
MIROSLANA,0,1,1
MIROSTAVA,0,1,1
MIRRAEL,0,1,1
MIRRAN,0,1,1
MIRRAYN,0,1,1
MIRRUTH,0,1,1
MIRSA ARACELI,0,1,1
MIRSAEL,0,1,1
MIRSAELA,0,1,1
MIRSO,0,1,1
MIRSOL,0,1,1
MIRSOLENIA,0,1,1
MIRTA JULIA,0,1,1
MIRTA LINA,0,1,1
MIRTANA,0,1,1
MIRTANIA,0,1,1
MIRTEA,0,1,1
MIRTICA,0,1,1
MIRUBE,0,1,1
MIRUT,0,1,1
MIRUTH,0,1,1
MIRYANETH,0,1,1
MIRZA ORVELINA,0,1,1
MISAELL,0,1,1
MISAELY,0,1,1
MISAENIA,0,1,1
MISAHY,0,1,1
MISAI,0,1,1
MISAILY,0,1,1
MISAL,0,1,1
MISALEN,0,1,1
MISALI,0,1,1
MISCELANICA,0,1,1
MISCHELE,0,1,1
MISDAELA,0,1,1
MISES,0,1,1
MISGELIA,0,1,1
MISGELIS,0,1,1
MISHAELLI,0,1,1
MISHELLY,0,1,1
MISHENIA,0,1,1
MISILET,0,1,1
MISILIA,0,1,1
MISILLEMITH,0,1,1
MISLADIS,0,1,1
MISLEA,0,1,1
MISLENY,0,1,1
MISMALI,0,1,1
MISMELIN,0,1,1
MISMERI,0,1,1
MISMINA,0,1,1
MISNELIS,0,1,1
MISNELY,0,1,1
MISNERY,0,1,1
MISOEL,0,1,1
MISRAINS,0,1,1
MISSABEL,0,1,1
MISSAELA,0,1,1
MISSAELL,0,1,1
MISSEL,0,1,1
MISSELY,0,1,1
MISSIER,0,1,1
MISSIRONI,0,1,1
MISTELINA,0,1,1
MISTSABEL,0,1,1
MISUDEL,0,1,1
MISURY,0,1,1
MITAEL,0,1,1
MITCHELLI,0,1,1
MITCHELTH,0,1,1
MITELH,0,1,1
MITHE,0,1,1
MITILIA,0,1,1
MITMA,0,1,1
MITONIO,0,1,1
MITRI HANNA,0,1,1
MITRIN,0,1,1
MITROVICH,0,1,1
MITZABEL,0,1,1
MIVANY,0,1,1
MIXARES,0,1,1
MIXCELEN,0,1,1
MIXCELIN,0,1,1
MIXCIRLA,0,1,1
MIXDALEA,0,1,1
MIXDALEL,0,1,1
MIXDALEVER,0,1,1
MIXIADY,0,1,1
MIXIALES,0,1,1
MIXSEL,0,1,1
MIXSELEN,0,1,1
MIXSILENY,0,1,1
MIXSOLETH,0,1,1
MIYER,0,1,1
MIYOSHI,0,1,1
MIYOZOTY,0,1,1
MIZABEL,0,1,1
MIZELL,0,1,1
MIZRRAIN,0,1,1
MOACIR,0,1,1
MOACYR,0,1,1
MOADEL,0,1,1
MOAMET,0,1,1
MOATZE,0,1,1
MOBA,0,1,1
MOCELY,0,1,1
MOCOLOCK,0,1,1
MOCTEZUMA,0,1,1
MODE,0,1,1
MODEL,0,1,1
MODENESSY,0,1,1
MODESTA CORINA,0,1,1
MODESTO ANGEL,0,1,1
MODIGLIANI,0,1,1
MOEL,0,1,1
MOELIA,0,1,1
MOEMI,0,1,1
MOGIN,0,1,1
MOHAMEDT,0,1,1
MOHEMY,0,1,1
MOHR,0,1,1
MOISCES,0,1,1
MOISES ANTONIO,0,1,1
MOISES ARTURO,0,1,1
MOISES GERARDO,0,1,1
MOJAMED,0,1,1
MOLANIO,0,1,1
MOLID,0,1,1
MOLINOX,0,1,1
MONASES,0,1,1
MONCERRAD,0,1,1
MONCERRATO,0,1,1
MONDAURA,0,1,1
MONDIER,0,1,1
MONDILEE,0,1,1
MONDRAGON,0,1,1
MONENI,0,1,1
MONGER,0,1,1
MONGRROHE,0,1,1
MONIBETH,0,1,1
MONICA CATALINA,0,1,1
MONIKE,0,1,1
MONIQUE MARIE,0,1,1
MONJER,0,1,1
MONOELLA,0,1,1
MONORIA,0,1,1
MONRIQUE,0,1,1
MONSERRACT,0,1,1
MONSERRATE,0,1,1
MONSERRATT,0,1,1
MONSO,0,1,1
MONSSERATH,0,1,1
MONSSERRATH,0,1,1
MONTALVAN,0,1,1
MONTALVINA MERA,0,1,1
MONTE,0,1,1
MONTEJE,0,1,1
MONTEROSA,0,1,1
MONTEZUMA,0,1,1
MONTGOMEY,0,1,1
MONTGOMMERY,0,1,1
MONTIEL,0,1,1
MONTSERAT,0,1,1
MONTZERRAT,0,1,1
MONUEL,0,1,1
MOORI,0,1,1
MORABELY,0,1,1
MORADELY,0,1,1
MORALETH,0,1,1
MORALI,0,1,1
MORANIA,0,1,1
MORANY,0,1,1
MORASANO,0,1,1
MORAYME,0,1,1
MORCEF,0,1,1
MORCIO,0,1,1
MORELIX,0,1,1
MORELL,0,1,1
MORETH,0,1,1
MOREYDA,0,1,1
MOREYLI,0,1,1
MORGLAN,0,1,1
MORIE,0,1,1
MORIL,0,1,1
MORILENA,0,1,1
MORILETH,0,1,1
MORILU,0,1,1
MORINA,0,1,1
MORINETH,0,1,1
MORITSA,0,1,1
MORIZABEL,0,1,1
MORLEM,0,1,1
MORLENS,0,1,1
MORPHY,0,1,1
MORTEN,0,1,1
MORVEY,0,1,1
MORYLLEN,0,1,1
MOSANTOS,0,1,1
MOSBER,0,1,1
MOSCHE,0,1,1
MOSDEN,0,1,1
MOSDESTO,0,1,1
MOSEL,0,1,1
MOSIASH,0,1,1
MOSTER,0,1,1
MOTAURA,0,1,1
MOTIZ,0,1,1
MOTZER,0,1,1
MOYENI,0,1,1
MOYSEZ,0,1,1
MRDEN,0,1,1
MRIBEL,0,1,1
MRILU,0,1,1
MTILDE,0,1,1
MUHAMMAD,0,1,1
MUHAREB,0,1,1
MUM,0,1,1
MUNIC,0,1,1
MUNILA,0,1,1
MUNY,0,1,1
MUO,0,1,1
MUQUELINA,0,1,1
MURANI,0,1,1
MURCILLE,0,1,1
MURFHY,0,1,1
MURGELIA,0,1,1
MURIDINE,0,1,1
MURIE,0,1,1
MURIET,0,1,1
MURIETA,0,1,1
MURILLO,0,1,1
MURLINE,0,1,1
MURRELL,0,1,1
MURRIEL,0,1,1
MUSLEH,0,1,1
MUSME,0,1,1
MUSPHEY,0,1,1
MUSSA,0,1,1
MUSSOLINI,0,1,1
MUSTAPHA,0,1,1
MUSTI,0,1,1
MUSURIBIC,0,1,1
MUURI,0,1,1
MUZITA,0,1,1
MYERSON,0,1,1
MYGDALY,0,1,1
MYLAXY,0,1,1
MYLENI,0,1,1
MYLENNE,0,1,1
MYLENY,0,1,1
MYLENYA,0,1,1
MYLYS,0,1,1
MYNELLY,0,1,1
MYREIRA,0,1,1
MYRELA,0,1,1
MYRIN,0,1,1
MYRLAN,0,1,1
MZZIEL,0,1,1
NAAP,0,1,1
NAASSON,0,1,1
NABARINO,0,1,1
NABAS,0,1,1
NABELID,0,1,1
NABELIT,0,1,1
NABESY,0,1,1
NABETH,0,1,1
NABETI,0,1,1
NABETT,0,1,1
NABIDAL,0,1,1
NABIEL,0,1,1
NABIS,0,1,1
NABISON,0,1,1
NABOLI,0,1,1
NABOTH,0,1,1
NACABEO,0,1,1
NACALY,0,1,1
NACARINA,0,1,1
NACEANCENO,0,1,1
NACELIA,0,1,1
NACEMIA,0,1,1
NACENCENO,0,1,1
NACENIA,0,1,1
NACHI,0,1,1
NACIACENO,0,1,1
NACIAGENO,0,1,1
NACIBETH,0,1,1
NACIOLA,0,1,1
NACIRIS,0,1,1
NACLY,0,1,1
NACORA,0,1,1
NACSABEL,0,1,1
NACTALI,0,1,1
NACYRETH,0,1,1
NAD,0,1,1
NADAB,0,1,1
NADAL,0,1,1
NADALINA,0,1,1
NADALIS,0,1,1
NADARI,0,1,1
NADATH,0,1,1
NADDAD,0,1,1
NADDIESTDA,0,1,1
NADDIN,0,1,1
NADEDJA,0,1,1
NADEJDA,0,1,1
NADESHZGA,0,1,1
NADESSA,0,1,1
NADEZHNA,0,1,1
NADHESKA,0,1,1
NADIANSKA,0,1,1
NADIESTA,0,1,1
NADIEZA,0,1,1
NADILA,0,1,1
NADILES,0,1,1
NADINAZ,0,1,1
NADJA,0,1,1
NADYESCHA,0,1,1
NADYIVE,0,1,1
NAEBIS,0,1,1
NAELIN,0,1,1
NAELY,0,1,1
NAESMI,0,1,1
NAFTALI,0,1,1
NAGALE,0,1,1
NAGALLI,0,1,1
NAGELIE,0,1,1
NAGELIN,0,1,1
NAGMAN,0,1,1
NAGO,0,1,1
NAHAC,0,1,1
NAHADINE,0,1,1
NAHALIEL,0,1,1
NAHAM,0,1,1
NAHAMIN,0,1,1
NAHARAYIN,0,1,1
NAHDALI,0,1,1
NAHE,0,1,1
NAHEIN,0,1,1
NAHIROBY,0,1,1
NAHIVI,0,1,1
NAHOMA,0,1,1
NAHOMI,0,1,1
NAHONY,0,1,1
NAHTALI,0,1,1
NAHUK,0,1,1
NAHUMI,0,1,1
NAHUMN,0,1,1
NAHUN RAFAEL,0,1,1
NAHUNM,0,1,1
NAHYP,0,1,1
NAHYT,0,1,1
NAIBE,0,1,1
NAIBETH,0,1,1
NAIBRE,0,1,1
NAIDE,0,1,1
NAINE,0,1,1
NAIROVE,0,1,1
NAIY,0,1,1
NAJARETH,0,1,1
NAJEYDA,0,1,1
NAJID,0,1,1
NAJU,0,1,1
NAJWA,0,1,1
NAKDALY,0,1,1
NAKME,0,1,1
NAKTA,0,1,1
NALAI,0,1,1
NALANI,0,1,1
NALBETO,0,1,1
NALBIA,0,1,1
NALDO CHRISTI,0,1,1
NALE,0,1,1
NALEISY,0,1,1
NALETHIA,0,1,1
NALILIA,0,1,1
NALINI,0,1,1
NALIO,0,1,1
NALLELI,0,1,1
NALMIA,0,1,1
NALTAN,0,1,1
NALUN,0,1,1
NALZES,0,1,1
NAMIBIA,0,1,1
NAMILEX,0,1,1
NANCENA,0,1,1
NANCERY,0,1,1
NANCI ALEJANDRA,0,1,1
NANCIBELL,0,1,1
NANCISO,0,1,1
NANCY ZENOVIA,0,1,1
NANCYLEE,0,1,1
NANETT,0,1,1
NANIDIA,0,1,1
NANIGUI,0,1,1
NANILDA,0,1,1
NANILET,0,1,1
NANILO,0,1,1
NANIME,0,1,1
NANJHON,0,1,1
NANNETE,0,1,1
NANRIA,0,1,1
NANUN,0,1,1
NANYDYA,0,1,1
NANZETY,0,1,1
NAOIME,0,1,1
NAOLI,0,1,1
NAON,0,1,1
NAOSKY,0,1,1
NAPAU,0,1,1
NAPOLES,0,1,1
NAPY,0,1,1
NARAHI,0,1,1
NARAHY,0,1,1
NARAIN,0,1,1
NARBEL,0,1,1
NARCELY,0,1,1
NARCENIA,0,1,1
NARCIRY,0,1,1
NARDA ESPERANZA,0,1,1
NARDALENA,0,1,1
NARDALID,0,1,1
NARDELINA,0,1,1
NARDELY,0,1,1
NARDES,0,1,1
NARDETH,0,1,1
NARDI,0,1,1
NARELIA,0,1,1
NARENDRA,0,1,1
NARIA,0,1,1
NARIBEL,0,1,1
NARIELIE,0,1,1
NARIESDA,0,1,1
NARIESKA,0,1,1
NARILIA,0,1,1
NARISSA,0,1,1
NARLENA,0,1,1
NARLENIS,0,1,1
NARSALY,0,1,1
NARSIBEL,0,1,1
NARTALY,0,1,1
NARTON,0,1,1
NARUBENI,0,1,1
NARUELA,0,1,1
NARVEL,0,1,1
NARVI,0,1,1
NARYL,0,1,1
NARYOCK,0,1,1
NASAI,0,1,1
NASARED,0,1,1
NASARENA,0,1,1
NASAREO,0,1,1
NASARI,0,1,1
NASCHIRE,0,1,1
NASELY,0,1,1
NASIF,0,1,1
NASIFE,0,1,1
NASILDO,0,1,1
NASRRY,0,1,1
NASSIN,0,1,1
NASSRI,0,1,1
NASSYR,0,1,1
NASTACIO,0,1,1
NATAELE,0,1,1
NATAL,0,1,1
NATALAEL,0,1,1
NATALHY,0,1,1
NATALIA ISABEL,0,1,1
NATALIA JUDITH,0,1,1
NATALIAN,0,1,1
NATALID,0,1,1
NATALINO,0,1,1
NATANAELICIA,0,1,1
NATARET,0,1,1
NATASA,0,1,1
NATASSIA,0,1,1
NATHAANIEL,0,1,1
NATHANIE,0,1,1
NATIEL,0,1,1
NATILA,0,1,1
NATILIOR,0,1,1
NATINIAL,0,1,1
NATINOEL,0,1,1
NATIVIADAD,0,1,1
NATIVIDAD DE JE,0,1,1
NATIVIDAD RUBEN,0,1,1
NATIVIDAD SIXTO,0,1,1
NATTAN,0,1,1
NAUBERTO,0,1,1
NAUDE,0,1,1
NAUDILINA,0,1,1
NAUDOLIA,0,1,1
NAUGRIP,0,1,1
NAUN ADALBERTO,0,1,1
NAUNM,0,1,1
NAUNS,0,1,1
NAURY,0,1,1
NAUSI,0,1,1
NAUT,0,1,1
NAVADO,0,1,1
NAVAIL,0,1,1
NAVAIOTH,0,1,1
NAVAT,0,1,1
NAVECY,0,1,1
NAVEHI,0,1,1
NAVELIA,0,1,1
NAVELIN,0,1,1
NAVELYTH,0,1,1
NAVER IDAL,0,1,1
NAVESSA,0,1,1
NAVETI,0,1,1
NAVIAC,0,1,1
NAVIDEL,0,1,1
NAVIER,0,1,1
NAVILEDIS,0,1,1
NAVILES,0,1,1
NAVILEX,0,1,1
NAWER,0,1,1
NAXAEL,0,1,1
NAXAVEL,0,1,1
NAYADI,0,1,1
NAYAEL,0,1,1
NAYALES,0,1,1
NAYARED,0,1,1
NAYDEL,0,1,1
NAYELI,0,1,1
NAYENSY,0,1,1
NAYESDA,0,1,1
NAYETH,0,1,1
NAYEVE,0,1,1
NAYIVA,0,1,1
NAYIVE,0,1,1
NAYLU,0,1,1
NAYROBI,0,1,1
NAYROVIN,0,1,1
NAZAH,0,1,1
NAZALI,0,1,1
NAZARELO,0,1,1
NAZARELY,0,1,1
NAZCIR,0,1,1
NAZIER,0,1,1
NAZIH,0,1,1
NAZZARIO,0,1,1
NAZZIRIA,0,1,1
NEA,0,1,1
NEBAY,0,1,1
NEBEL,0,1,1
NECHTALY,0,1,1
NECLALY,0,1,1
NECODA,0,1,1
NECSAHI,0,1,1
NECSOLINA,0,1,1
NECTAL,0,1,1
NECTALEA,0,1,1
NECTALICIO,0,1,1
NECTANIA,0,1,1
NECTHALI,0,1,1
NECTHALY,0,1,1
NECZALIA,0,1,1
NEDAVIS,0,1,1
NEDELA,0,1,1
NEDELIA,0,1,1
NEDINA,0,1,1
NEDINE,0,1,1
NEELEY,0,1,1
NEELY,0,1,1
NEEY,0,1,1
NEFA,0,1,1
NEFERTARY,0,1,1
NEFERTI,0,1,1
NEFERTITIS,0,1,1
NEFFARY,0,1,1
NEFFERTTITI,0,1,1
NEFFERTY,0,1,1
NEFIT,0,1,1
NEFRALI,0,1,1
NEFRETH,0,1,1
NEFRITT,0,1,1
NEFTAME,0,1,1
NEFTATY,0,1,1
NEFTY,0,1,1
NEGCI,0,1,1
NEGDALIA,0,1,1
NEGIB,0,1,1
NEGILL,0,1,1
NEGUEL,0,1,1
NEGUIB,0,1,1
NEHAMA,0,1,1
NEHELIA,0,1,1
NEHEMECIO,0,1,1
NEHEMEL,0,1,1
NEHERY,0,1,1
NEHEVID,0,1,1
NEHMIAS,0,1,1
NEHOMARY,0,1,1
NEHRING,0,1,1
NEHTALI,0,1,1
NEIDO,0,1,1
NEILIN,0,1,1
NEILLS,0,1,1
NEILS,0,1,1
NEIRO,0,1,1
NEITINA,0,1,1
NEKANE,0,1,1
NELAMY,0,1,1
NELBREN,0,1,1
NELCITA,0,1,1
NELCITO,0,1,1
NELDA DOLORES,0,1,1
NELDA JUDITH,0,1,1
NELDERINA,0,1,1
NELE,0,1,1
NELEE,0,1,1
NELEVI,0,1,1
NELEX,0,1,1
NELFIA,0,1,1
NELFIO,0,1,1
NELI AMILEX,0,1,1
NELI ELISABET,0,1,1
NELIBETH,0,1,1
NELINHO,0,1,1
NELIS ARASELIS,0,1,1
NELIS ESPERANZA,0,1,1
NELIS ORESTILA,0,1,1
NELITAHEL,0,1,1
NELITH,0,1,1
NELIXA,0,1,1
NELIZANDY,0,1,1
NELLCIE,0,1,1
NELLDA,0,1,1
NELLEBY,0,1,1
NELLEVY,0,1,1
NELLEY,0,1,1
NELLY MARTINA,0,1,1
NELLY ROSARIO,0,1,1
NELLY YANETH,0,1,1
NELLY YOLANDA,0,1,1
NELLYT,0,1,1
NELMIRA,0,1,1
NELMYS,0,1,1
NELNSO,0,1,1
NELSAY,0,1,1
NELSENE,0,1,1
NELSIRA,0,1,1
NELSIRY,0,1,1
NELSON AMILCAR,0,1,1
NELSON EBELIO,0,1,1
NELSON EDGARDO,0,1,1
NELSON EDVIN,0,1,1
NELSON ELI,0,1,1
NELSON ERNALDO,0,1,1
NELSON GIOVANI,0,1,1
NELSON MANUEL,0,1,1
NELSON OMAR,0,1,1
NELSON SANTOS,0,1,1
NELSON YOVANI,0,1,1
NELSON YOVANY,0,1,1
NELSY JACQUELIN,0,1,1
NELVA SUYAPA,0,1,1
NELVE,0,1,1
NELVITALINA,0,1,1
NELY   YANET,0,1,1
NELY ORTENCIA,0,1,1
NELYBETH,0,1,1
NEMEH,0,1,1
NEMER,0,1,1
NENE,0,1,1
NENEL,0,1,1
NENETH,0,1,1
NENIA,0,1,1
NENILI,0,1,1
NENROY,0,1,1
NEO,0,1,1
NEOANIO,0,1,1
NEOFITA,0,1,1
NEOL,0,1,1
NEOLVI,0,1,1
NEOMILSIA,0,1,1
NEOMISA,0,1,1
NEOMY,0,1,1
NEONALDO,0,1,1
NEONI,0,1,1
NEOPOMUCENO,0,1,1
NEOVEL,0,1,1
NEPDE,0,1,1
NEPHTALIM,0,1,1
NEPOMESENO,0,1,1
NEPONUCEMO,0,1,1
NEPONUSENO,0,1,1
NEPOUNCEMO,0,1,1
NEPSAEL,0,1,1
NEPSALI,0,1,1
NEPTALI YOVANY,0,1,1
NEPTALIL,0,1,1
NEPTALIN,0,1,1
NEPTAVIO,0,1,1
NEPTHALIM,0,1,1
NEPTHALY,0,1,1
NEPUNUCENO,0,1,1
NERALDI,0,1,1
NERALDO,0,1,1
NERARY,0,1,1
NERCEDES,0,1,1
NERCELY,0,1,1
NERCEY,0,1,1
NERE,0,1,1
NEREIDIA,0,1,1
NEREIDY,0,1,1
NEREMIAS,0,1,1
NERESY,0,1,1
NEREYDI,0,1,1
NERFA,0,1,1
NERFERTITI,0,1,1
NERFETIS,0,1,1
NERGE,0,1,1
NERI RUT,0,1,1
NERICCI,0,1,1
NERICELDI,0,1,1
NERIDES,0,1,1
NERIG,0,1,1
NERINDA,0,1,1
NERIS  RUTH,0,1,1
NERLE,0,1,1
NERLICIA,0,1,1
NERLY MARIBEL,0,1,1
NERMANDINA,0,1,1
NERMO,0,1,1
NERONIA,0,1,1
NERTAEL,0,1,1
NERTULIA,0,1,1
NERUCY,0,1,1
NERVINA,0,1,1
NERVIS,0,1,1
NERY  RUFINO,0,1,1
NERY ARMANDO,0,1,1
NERY ELIZABETH,0,1,1
NERY ESPERANZA,0,1,1
NERY HOSMAR,0,1,1
NERY ONDINA,0,1,1
NERY OQUELY,0,1,1
NERY ORLANDO,0,1,1
NERY VITELLY,0,1,1
NERYM,0,1,1
NERYRES,0,1,1
NERYSELVA,0,1,1
NERYTH,0,1,1
NESAEL,0,1,1
NESARIO,0,1,1
NESELY,0,1,1
NESIN,0,1,1
NESIS,0,1,1
NESKENS,0,1,1
NESLEEN,0,1,1
NESMILA,0,1,1
NESRY,0,1,1
NESSON,0,1,1
NESTAR,0,1,1
NESTO,0,1,1
NESTOR ALFONSO,0,1,1
NESTOR LEVI,0,1,1
NESTOR PORFIRIA,0,1,1
NESTY,0,1,1
NESVITT,0,1,1
NETALINA,0,1,1
NETAN,0,1,1
NETHANIEL,0,1,1
NETI,0,1,1
NETIO,0,1,1
NETLA,0,1,1
NETS,0,1,1
NETTAHALI,0,1,1
NETTALINA,0,1,1
NETTALY,0,1,1
NETTZZAHY,0,1,1
NEUBERY,0,1,1
NEUDALIA,0,1,1
NEUDI,0,1,1
NEUFER,0,1,1
NEUN,0,1,1
NEUPURUSENA,0,1,1
NEURA,0,1,1
NEUREDIN,0,1,1
NEUSALDAN,0,1,1
NEUTON,0,1,1
NEVAHY,0,1,1
NEVAI,0,1,1
NEVARY,0,1,1
NEVELEE,0,1,1
NEVELLA,0,1,1
NEVELY,0,1,1
NEVERLEE,0,1,1
NEVIAL,0,1,1
NEVIDA,0,1,1
NEVILO,0,1,1
NEWTON LONNARD,0,1,1
NEXAHUAL COYOLT,0,1,1
NEXALIA,0,1,1
NEXAY,0,1,1
NEXCIE,0,1,1
NEXEMIAS,0,1,1
NEXENIA,0,1,1
NEXIB,0,1,1
NEXSALINA,0,1,1
NEXSEL,0,1,1
NEXTABEL,0,1,1
NEXTALIA,0,1,1
NEXTALIS,0,1,1
NEXTONIEL,0,1,1
NEYBORE,0,1,1
NEYEEB,0,1,1
NEYITH,0,1,1
NEYL,0,1,1
NEYLEEN,0,1,1
NEYP,0,1,1
NEYSUN,0,1,1
NEYTALI,0,1,1
NEYTONY,0,1,1
NEYTY,0,1,1
NEZIN,0,1,1
NEZLY,0,1,1
NGEL,0,1,1
NHAYIP,0,1,1
NHERING,0,1,1
NIAMI,0,1,1
NIAREL,0,1,1
NIBEA,0,1,1
NIBEL,0,1,1
NIBESI,0,1,1
NIBIAN,0,1,1
NIBIL,0,1,1
NICA,0,1,1
NICADRO,0,1,1
NICAELA,0,1,1
NICALAS,0,1,1
NICANORO,0,1,1
NICARAO,0,1,1
NICASIA OTILIA,0,1,1
NICCELINA,0,1,1
NICCOLLE,0,1,1
NICDALINA,0,1,1
NICELET,0,1,1
NICELI,0,1,1
NICELY,0,1,1
NICETH,0,1,1
NICETZ,0,1,1
NICHAEL,0,1,1
NICHELIN,0,1,1
NICHOL,0,1,1
NICHOLLAT,0,1,1
NICHOLS,0,1,1
NICIANO,0,1,1
NICINIA,0,1,1
NICIO,0,1,1
NICKOLE,0,1,1
NICOLAS ALBERTO,0,1,1
NICOLASA MARIET,0,1,1
NICOLASITA,0,1,1
NICOLETH,0,1,1
NICOLETTE,0,1,1
NICOLINA,0,1,1
NICOLS,0,1,1
NICOMEDES JACOB,0,1,1
NICONOR,0,1,1
NICOOL,0,1,1
NICTAHEL,0,1,1
NICTALIA,0,1,1
NICTALINA,0,1,1
NICTEHJA,0,1,1
NICTINA,0,1,1
NICUMEDES,0,1,1
NIDENIO,0,1,1
NIDIA CATALINA,0,1,1
NIDIA HAYDEE,0,1,1
NIDORNIS,0,1,1
NIDYS,0,1,1
NIEBE,0,1,1
NIEBEZ,0,1,1
NIELSI,0,1,1
NIELSSEN,0,1,1
NIELZEN,0,1,1
NIEMRROT,0,1,1
NIENG,0,1,1
NIERS,0,1,1
NIEVES ADALINDA,0,1,1
NIEVES DE JESUS,0,1,1
NIEVES EMIGDIAS,0,1,1
NIEVES FIDELIA,0,1,1
NIEVES LORENA,0,1,1
NIEVES NONA,0,1,1
NIGERIA,0,1,1
NIHEMY,0,1,1
NIK TE,0,1,1
NIKAL,0,1,1
NIKCOLL,0,1,1
NIKITA,0,1,1
NIKOLYS,0,1,1
NIKTE,0,1,1
NILA ESTELA,0,1,1
NILACI,0,1,1
NILBARDO,0,1,1
NILBER,0,1,1
NILBO,0,1,1
NILDABETH,0,1,1
NILDAS JOSE,0,1,1
NILDIBEHT,0,1,1
NILDIBEL,0,1,1
NILECTA,0,1,1
NILEDY,0,1,1
NILET,0,1,1
NILIAN SUYAPA,0,1,1
NILIANA,0,1,1
NILIZ,0,1,1
NILL,0,1,1
NILLS,0,1,1
NILLTS,0,1,1
NILONKA,0,1,1
NILOSMAR,0,1,1
NILSEE,0,1,1
NILVANIA,0,1,1
NILVET,0,1,1
NIM ROD,0,1,1
NIMOY,0,1,1
NINAEL,0,1,1
NINALDA,0,1,1
NINBA,0,1,1
NINDIRY,0,1,1
NINDOLFO,0,1,1
NINDULFO,0,1,1
NINEH,0,1,1
NINETE,0,1,1
NINETHE,0,1,1
NINETT,0,1,1
NINFA AVELINA,0,1,1
NINGA,0,1,1
NINIAN,0,1,1
NINIVETH,0,1,1
NINNETH,0,1,1
NINO RAUL,0,1,1
NINON,0,1,1
NINOSGUA,0,1,1
NINOSHKA,0,1,1
NINOSKAR,0,1,1
NINOSKI,0,1,1
NINOSKY,0,1,1
NINOSTHSKA,0,1,1
NINOSTKA,0,1,1
NINOSWKA,0,1,1
NINOTCKA,0,1,1
NINOTSHKA,0,1,1
NINOWSKA,0,1,1
NINOXKA,0,1,1
NINROC,0,1,1
NINROL,0,1,1
NINSIRELA,0,1,1
NINUSKA,0,1,1
NINZO,0,1,1
NIOMEDES,0,1,1
NIONEDIS,0,1,1
NIONEL,0,1,1
NIOVI,0,1,1
NIPCELINA,0,1,1
NIQUEL,0,1,1
NIRASLA,0,1,1
NIRDA,0,1,1
NIREYA,0,1,1
NIRGENIA,0,1,1
NIRIXELA,0,1,1
NIRIZ,0,1,1
NIRLO,0,1,1
NIRMO,0,1,1
NISHELIN,0,1,1
NISIFORA,0,1,1
NISLED,0,1,1
NISSELY,0,1,1
NISSETH,0,1,1
NISSON,0,1,1
NISTAS,0,1,1
NISTRAEL,0,1,1
NITAHEL,0,1,1
NITNELAV,0,1,1
NITTIE,0,1,1
NITZE,0,1,1
NIULER,0,1,1
NIULSE,0,1,1
NIUVES,0,1,1
NIVE,0,1,1
NIVEDA,0,1,1
NIVOCK,0,1,1
NIXCE,0,1,1
NIXCELINA,0,1,1
NIXELLINA,0,1,1
NIXILINA,0,1,1
NIXION,0,1,1
NIXIRIELA,0,1,1
NIXISABEL,0,1,1
NIXSELINA,0,1,1
NIZAEL,0,1,1
NIZAN,0,1,1
NIZEHT,0,1,1
NIZEIDA,0,1,1
NIZETH,0,1,1
NIZETTE,0,1,1
NIZZA,0,1,1
NIZZARI,0,1,1
NIZZARY,0,1,1
NOAHIN,0,1,1
NOAIN,0,1,1
NOAL,0,1,1
NOALDO,0,1,1
NOALSIS,0,1,1
NOANI,0,1,1
NOAP,0,1,1
NOBAL,0,1,1
NOBALIA,0,1,1
NOBAN,0,1,1
NOBAR,0,1,1
NOBEA,0,1,1
NOBEI,0,1,1
NOBEIDA,0,1,1
NOBEIRO,0,1,1
NOBELA ESTELA,0,1,1
NOBEMI,0,1,1
NOBERT,0,1,1
NOBET,0,1,1
NOBEYDA,0,1,1
NOBEYRA,0,1,1
NOBLEZA,0,1,1
NOBRESTO,0,1,1
NOCLADIS,0,1,1
NOCSOLI,0,1,1
NODALIS,0,1,1
NODARSE,0,1,1
NODELIZ,0,1,1
NODENY,0,1,1
NODESHLA,0,1,1
NODESTA,0,1,1
NODESTO,0,1,1
NODILIA,0,1,1
NODINA,0,1,1
NOE ALCIDES,0,1,1
NOE ARTURO,0,1,1
NOE DONIS,0,1,1
NOE NARCISO,0,1,1
NOEDI,0,1,1
NOEDWIN,0,1,1
NOEHEMI,0,1,1
NOEIMI,0,1,1
NOEL  MARTIR,0,1,1
NOEL AMADEO,0,1,1
NOEL OHVED,0,1,1
NOEL ONIL,0,1,1
NOELBIO,0,1,1
NOELBY,0,1,1
NOELD,0,1,1
NOELDY,0,1,1
NOELLY,0,1,1
NOELSY,0,1,1
NOELVIS ANTONIO,0,1,1
NOELVY,0,1,1
NOELVYS,0,1,1
NOELY JESUS,0,1,1
NOEMI ,0,1,1
NOEMI ESTER,0,1,1
NOEMI JAKELIN,0,1,1
NOEMI VICENTA,0,1,1
NOEMISIA,0,1,1
NOEN,0,1,1
NOENMI,0,1,1
NOENY,0,1,1
NOERI,0,1,1
NOERTO,0,1,1
NOESKA,0,1,1
NOESTRA,0,1,1
NOETALY,0,1,1
NOEX,0,1,1
NOEXY,0,1,1
NOFARIS,0,1,1
NOGIL,0,1,1
NOGRA,0,1,1
NOGUAL,0,1,1
NOGWAL,0,1,1
NOHAMER,0,1,1
NOHELBIA,0,1,1
NOHELIX,0,1,1
NOHEMIC,0,1,1
NOHEMID,0,1,1
NOHEMILLAS,0,1,1
NOHEMIN,0,1,1
NOHEMYS,0,1,1
NOHENA,0,1,1
NOHERZI,0,1,1
NOHESI,0,1,1
NOHESY,0,1,1
NOHEVIA,0,1,1
NOHIEN,0,1,1
NOHIN,0,1,1
NOHUN,0,1,1
NOI,0,1,1
NOIDIA,0,1,1
NOIL,0,1,1
NOIMY,0,1,1
NOIN,0,1,1
NOINTIER,0,1,1
NOIRTIER,0,1,1
NOIS,0,1,1
NOIVE,0,1,1
NOIZ,0,1,1
NOLAIDE,0,1,1
NOLANDA,0,1,1
NOLANDO,0,1,1
NOLANY,0,1,1
NOLBERY,0,1,1
NOLEE,0,1,1
NOLESCA,0,1,1
NOLIANS EVELIS,0,1,1
NOLIBETH,0,1,1
NOLIEDA,0,1,1
NOLIM,0,1,1
NOLINA,0,1,1
NOLISA,0,1,1
NOLLI,0,1,1
NOLLS,0,1,1
NOLLYN,0,1,1
NOLMAR,0,1,1
NOLMISIA,0,1,1
NOLTALGIA,0,1,1
NOLVA ESMERALDA,0,1,1
NOLVALY,0,1,1
NOLVERTINA,0,1,1
NOLVEY,0,1,1
NOLVIA CONSUELO,0,1,1
NOLVIA GESENIA,0,1,1
NOLVIA LASTENIA,0,1,1
NOLVIA ONDINA,0,1,1
NOLVIA SUYAPA,0,1,1
NOLVIA YAMILET,0,1,1
NOLVIA YOLANDA,0,1,1
NOLVIRA,0,1,1
NOMANDA,0,1,1
NOMARIS,0,1,1
NOMBRE MARIBEL,0,1,1
NOMEI,0,1,1
NOMICIA,0,1,1
NONBRE DE JESUS,0,1,1
NONDAR,0,1,1
NONDINA,0,1,1
NONELI,0,1,1
NONI,0,1,1
NONITO ANTONIO,0,1,1
NONLIA,0,1,1
NONNATO,0,1,1
NONOSCA,0,1,1
NONOSKA,0,1,1
NONOTO,0,1,1
NOOHEL,0,1,1
NOORMANDO,0,1,1
NOPZOLI,0,1,1
NOR MANDINA,0,1,1
NORA ARGENTINA,0,1,1
NORA BETY,0,1,1
NORA ELI,0,1,1
NORA ISABEL,0,1,1
NORA LEONIDAS,0,1,1
NORA LOURDES,0,1,1
NORA ODIX,0,1,1
NORA ONEL,0,1,1
NORABEL,0,1,1
NORABETH,0,1,1
NORABI,0,1,1
NORAIS,0,1,1
NORALDO,0,1,1
NORALIA,0,1,1
NORALIS,0,1,1
NORAMEL,0,1,1
NORBELA,0,1,1
NORBELIA,0,1,1
NORBERTY,0,1,1
NORBETH,0,1,1
NORBETO,0,1,1
NORDELI,0,1,1
NORDELISA,0,1,1
NORDES,0,1,1
NORE,0,1,1
NOREI,0,1,1
NOREISY,0,1,1
NOREIZ,0,1,1
NORELINA,0,1,1
NORELIZ,0,1,1
NORELL,0,1,1
NORELLY,0,1,1
NORELYS,0,1,1
NOREMIA,0,1,1
NOREMIS,0,1,1
NORENIA,0,1,1
NORESTILA,0,1,1
NORET,0,1,1
NOREXI,0,1,1
NOREYSI,0,1,1
NORGER,0,1,1
NORIBET,0,1,1
NORICE,0,1,1
NORICETH,0,1,1
NORIDAY,0,1,1
NORIL,0,1,1
NORILET,0,1,1
NORISBEL,0,1,1
NORITO,0,1,1
NORIVEL,0,1,1
NORIVETH,0,1,1
NORLATH,0,1,1
NORLENA,0,1,1
NORLIA,0,1,1
NORLLOLY,0,1,1
NORMA AMERICA,0,1,1
NORMA ANDINA,0,1,1
NORMA ARACELI,0,1,1
NORMA ARELY,0,1,1
NORMA ARGENTINA,0,1,1
NORMA CARITINA,0,1,1
NORMA CONSUELO,0,1,1
NORMA DE JESUS,0,1,1
NORMA DEL CARME,0,1,1
NORMA DORIS,0,1,1
NORMA ELICETH,0,1,1
NORMA ENA,0,1,1
NORMA ESPERANZA,0,1,1
NORMA FELICITA,0,1,1
NORMA IDALIA,0,1,1
NORMA JUSTINA,0,1,1
NORMA LASTENIA,0,1,1
NORMA LETI,0,1,1
NORMA LETICIA,0,1,1
NORMA LIBET,0,1,1
NORMA LIZET,0,1,1
NORMA LYDIA,0,1,1
NORMA URBELIA,0,1,1
NORMA YESENIA,0,1,1
NORMA YOLANDA,0,1,1
NORMALIN,0,1,1
NORMAN ASUNCION,0,1,1
NORMANDINO,0,1,1
NORMAUDINA,0,1,1
NORMEDON,0,1,1
NORMENTO,0,1,1
NORMERY,0,1,1
NORMILIA,0,1,1
NORMILINA,0,1,1
NORMINDO,0,1,1
NORMYLL,0,1,1
NORNANDO,0,1,1
NOROHEL,0,1,1
NOROSLAI,0,1,1
NORRIN,0,1,1
NORTHIE,0,1,1
NORTHON,0,1,1
NORTIES,0,1,1
NORUEL,0,1,1
NORULEX,0,1,1
NORVAY,0,1,1
NORVEEL,0,1,1
NORVELA,0,1,1
NORVELI,0,1,1
NORVELIN,0,1,1
NORVELIO,0,1,1
NORVELIS,0,1,1
NORVELIZA,0,1,1
NORVES IDALIO,0,1,1
NORYDALIA,0,1,1
NORYOLY,0,1,1
NOSE,0,1,1
NOSELI,0,1,1
NOSELYN,0,1,1
NOSMAR,0,1,1
NOTANAELL,0,1,1
NOTEL,0,1,1
NOTIERR,0,1,1
NOTORIO,0,1,1
NOTTEL,0,1,1
NOTULIA,0,1,1
NOVAEL,0,1,1
NOVALSY,0,1,1
NOVAN,0,1,1
NOVANIO,0,1,1
NOVANIS,0,1,1
NOVARIO,0,1,1
NOVAY,0,1,1
NOVE,0,1,1
NOVELIO,0,1,1
NOVELL,0,1,1
NOVELO,0,1,1
NOVEMI,0,1,1
NOVENI,0,1,1
NOVERTO,0,1,1
NOVEXIS,0,1,1
NOVIDAD,0,1,1
NOVIJA,0,1,1
NOXOLI,0,1,1
NTONIA,0,1,1
NUARIO,0,1,1
NUBIE,0,1,1
NUBIER,0,1,1
NUBILDA,0,1,1
NUBIT,0,1,1
NUBONIS,0,1,1
NUBREDIM,0,1,1
NUCINARDA,0,1,1
NUCNILIA,0,1,1
NUEHEMI,0,1,1
NUEMESIA,0,1,1
NUEMIA,0,1,1
NUEMID,0,1,1
NUEMIN,0,1,1
NUEMISIA,0,1,1
NUERI,0,1,1
NUERY,0,1,1
NUESTRO SEËOR,0,1,1
NUEVECITO,0,1,1
NU-EZ,0,1,1
NUFEMIO,0,1,1
NUILAN,0,1,1
NUILFREDO,0,1,1
NUIN,0,1,1
NULIBETH,0,1,1
NULITA,0,1,1
NULMIS,0,1,1
NUMEIRY,0,1,1
NUMI,0,1,1
NUMILIA,0,1,1
NUNCIO VALIENTE,0,1,1
NUNITH,0,1,1
NUNIVETH,0,1,1
NUNVATO,0,1,1
NUOVY,0,1,1
NURBEN,0,1,1
NURBIA,0,1,1
NURBIN,0,1,1
NUREDIN,0,1,1
NUREY,0,1,1
NUREYEU,0,1,1
NURIBEL,0,1,1
NURIETH,0,1,1
NURIETT,0,1,1
NURUNIAS,0,1,1
NURVILDA,0,1,1
NURY LIZZETHE,0,1,1
NUSET,0,1,1
NUSI,0,1,1
NUVES,0,1,1
NUVIA DEL CARME,0,1,1
NUVIS,0,1,1
NYANA,0,1,1
NYDIAN,0,1,1
NYNI,0,1,1
NYNOSCA,0,1,1
O CHAVARRIA,0,1,1
O' CONNOR,0,1,1
O DELL,0,1,1
O' HARA,0,1,1
O SEAS,0,1,1
O. DALIS,0,1,1
OBA,0,1,1
OBALDINO,0,1,1
OBALO,0,1,1
OBANDA,0,1,1
OBANIEL,0,1,1
OBBE,0,1,1
OBBELI,0,1,1
OBBET,0,1,1
OBBULIO,0,1,1
OBCELY,0,1,1
OBDAELIA,0,1,1
OBDALI,0,1,1
OBDED,0,1,1
OBDEMI,0,1,1
OBDERX,0,1,1
OBDIAS,0,1,1
OBDILI,0,1,1
OBDILY,0,1,1
OBDOMILIA,0,1,1
OBDUBANY,0,1,1
OBDULI,0,1,1
OBDULID,0,1,1
OBDULIO AMADO,0,1,1
OBDULIO DENIS,0,1,1
OBDULIO YOVANY,0,1,1
OBDUVER,0,1,1
OBECI,0,1,1
OBED ELY,0,1,1
OBED VALDEMAR,0,1,1
OBEDD,0,1,1
OBEDEDOM,0,1,1
OBEDH,0,1,1
OBEDIAH,0,1,1
OBEDIS,0,1,1
OBEDNEGO,0,1,1
OBEDO,0,1,1
OBEED,0,1,1
OBEICA,0,1,1
OBEL DE LA CRUZ,0,1,1
OBELA,0,1,1
OBELDO,0,1,1
OBELGRIN,0,1,1
OBELGRYN,0,1,1
OBELIN,0,1,1
OBELISA,0,1,1
OBELISO,0,1,1
OBELITA,0,1,1
OBELIX,0,1,1
OBELL,0,1,1
OBELSON,0,1,1
OBELYN,0,1,1
OBENIO,0,1,1
OBENOR,0,1,1
OBENY,0,1,1
OBERALDO,0,1,1
OBERAT,0,1,1
OBERATH,0,1,1
OBERIO,0,1,1
OBERLANDO,0,1,1
OBERLE,0,1,1
OBERLINA,0,1,1
OBERMIN,0,1,1
OBERTI,0,1,1
OBETICIA,0,1,1
OBETSON,0,1,1
OBHAN,0,1,1
OBIDEIDA,0,1,1
OBIED,0,1,1
OBIEL,0,1,1
OBILA,0,1,1
OBILCIO,0,1,1
OBINADA,0,1,1
OBINDO,0,1,1
OBITICIA,0,1,1
OBLDULIO,0,1,1
OBMAN,0,1,1
OBMIN,0,1,1
OBRAIN,0,1,1
OBRAYANT,0,1,1
OBRIEN,0,1,1
OBSALON,0,1,1
OBSELI,0,1,1
OBSEMON,0,1,1
OBSENIA,0,1,1
OBSEVIA,0,1,1
OBSTACIO,0,1,1
OBSTELINDA,0,1,1
OBSTILIA,0,1,1
OBSVALDO,0,1,1
OBTABIANA,0,1,1
OBTANIEL,0,1,1
OBTAVI,0,1,1
OBULIO,0,1,1
OBVELY,0,1,1
OBYED,0,1,1
OCALIA,0,1,1
OCALY,0,1,1
OCAREN,0,1,1
OCARIA,0,1,1
OCARIZ,0,1,1
OCARY,0,1,1
OCCI,0,1,1
OCCIAS,0,1,1
OCCINA,0,1,1
OCCIRIS,0,1,1
OCDALI,0,1,1
OCDALY,0,1,1
OCDELY,0,1,1
OCDEMIA,0,1,1
OCDICEA,0,1,1
OCDOMILIA,0,1,1
OCDUL,0,1,1
OCDULER,0,1,1
OCDULES,0,1,1
OCEANELL,0,1,1
OCENIA,0,1,1
OCIDES,0,1,1
OCIELY,0,1,1
OCIHEL,0,1,1
OCIRY,0,1,1
OCNIEL,0,1,1
OCOLIS,0,1,1
OCONDOR,0,1,1
OCSEAS,0,1,1
OCTABI,0,1,1
OCTALY,0,1,1
OCTASIANA,0,1,1
OCTASIO,0,1,1
OCTINIA,0,1,1
OCTIVIA,0,1,1
OCTOVIEL,0,1,1
ODABXI,0,1,1
ODADME,0,1,1
ODAHIS,0,1,1
ODAHYR,0,1,1
ODAI,0,1,1
ODAIRA,0,1,1
ODAIS,0,1,1
ODALINDA,0,1,1
ODALISY,0,1,1
ODALMAN,0,1,1
ODALMYS,0,1,1
ODALSY,0,1,1
ODAMIR,0,1,1
ODAMIS,0,1,1
ODANDI,0,1,1
ODANDY,0,1,1
ODANI,0,1,1
ODANIAS,0,1,1
ODANIEL,0,1,1
ODANIN,0,1,1
ODARI,0,1,1
ODASLY,0,1,1
ODASSA,0,1,1
ODAY,0,1,1
O'DAY,0,1,1
ODAYER,0,1,1
ODAYN,0,1,1
ODAYRA,0,1,1
ODBALDO,0,1,1
ODBEL,0,1,1
ODDETTE,0,1,1
ODDEZA,0,1,1
ODDULIA,0,1,1
ODEC,0,1,1
ODECY,0,1,1
ODEDT,0,1,1
ODEHT,0,1,1
ODELBA,0,1,1
ODELBER,0,1,1
ODELBERTH,0,1,1
ODELCIK,0,1,1
ODELCY,0,1,1
ODELDANOY,0,1,1
ODELDI,0,1,1
ODELESCA,0,1,1
ODELHLI,0,1,1
ODELI MARGARITA,0,1,1
ODELID',0,1,1
ODELIFE,0,1,1
ODELINE,0,1,1
ODELITZ,0,1,1
ODELIZ,0,1,1
O'DELL,0,1,1
ODELMI,0,1,1
ODELVER,0,1,1
ODELVI,0,1,1
ODELVIA,0,1,1
ODENES,0,1,1
ODERDA,0,1,1
ODERMI,0,1,1
ODESIS,0,1,1
ODESTA,0,1,1
ODEXI,0,1,1
ODEZZA,0,1,1
ODHERAY,0,1,1
ODIALIZ,0,1,1
ODICED,0,1,1
ODICER,0,1,1
ODICIA,0,1,1
ODICIS,0,1,1
ODIET,0,1,1
ODILCIO,0,1,1
ODILDER,0,1,1
ODILEA,0,1,1
ODILES,0,1,1
ODILFA,0,1,1
ODILFEDO,0,1,1
ODILFINA,0,1,1
ODILGEN,0,1,1
ODILIA MARIBEL,0,1,1
ODILIA SUYAPA,0,1,1
ODILIY,0,1,1
ODILL,0,1,1
ODILLY,0,1,1
ODILSY,0,1,1
ODILVE,0,1,1
ODILY YAMILETH,0,1,1
ODILYN,0,1,1
ODIMEA,0,1,1
ODIMIN,0,1,1
ODINELY,0,1,1
ODIRS,0,1,1
ODISA,0,1,1
ODISE,0,1,1
ODISEO,0,1,1
ODISMA,0,1,1
ODISON,0,1,1
ODISSIS,0,1,1
ODISY,0,1,1
ODIVAR,0,1,1
ODIXY,0,1,1
ODIZ,0,1,1
ODLANDO,0,1,1
ODLANER,0,1,1
ODMARIO,0,1,1
ODMEDA,0,1,1
ODMUNDA,0,1,1
ODOLFINA,0,1,1
ODOLI,0,1,1
ODOLMIN,0,1,1
ODONEL,0,1,1
ODONIL,0,1,1
ODONY,0,1,1
ODORDUN,0,1,1
ODORIS,0,1,1
ODORITO,0,1,1
ODOVIER,0,1,1
ODRIE,0,1,1
ODRIEL,0,1,1
ODUBET,0,1,1
ODULI,0,1,1
ODULY,0,1,1
ODVALDO,0,1,1
ODVELINDA,0,1,1
ODVER,0,1,1
ODVET,0,1,1
ODVILIO,0,1,1
ODWARD,0,1,1
OEA,0,1,1
OELEN,0,1,1
OELITA,0,1,1
OELMA,0,1,1
OELQUIS,0,1,1
OELSER,0,1,1
OFANIAN,0,1,1
OFEELIA,0,1,1
OFELIA AZUCENA,0,1,1
OFELIA MARGARIT,0,1,1
OFELIA MARIA,0,1,1
OFELYA,0,1,1
OFERLINDA,0,1,1
OFFEN,0,1,1
OFION,0,1,1
OFRACINIA,0,1,1
OFRALI,0,1,1
OFRAN,0,1,1
OFRANCIA,0,1,1
OFRECINDA,0,1,1
OFREEN,0,1,1
OFRENNA,0,1,1
OFRICIA,0,1,1
OGDAN,0,1,1
OGDELI,0,1,1
OGDILIA,0,1,1
OGDONIEL,0,1,1
OGDONIO,0,1,1
OGEL,0,1,1
OGELANDER,0,1,1
OGILBIA,0,1,1
OGILVI,0,1,1
OGLACELA,0,1,1
OGLADIS,0,1,1
OGLENDA,0,1,1
OGNACIA,0,1,1
OGRACIA,0,1,1
OGUARDO,0,1,1
OGUELI,0,1,1
OGUELY,0,1,1
OHAD,0,1,1
OHARA,0,1,1
OHBERTY,0,1,1
OHDULIO,0,1,1
OHEL,0,1,1
OHENAY,0,1,1
OHINGIS,0,1,1
OHTONIEL,0,1,1
OHYALES,0,1,1
OIDEN,0,1,1
OINDUAN,0,1,1
OISIS,0,1,1
OJAMY,0,1,1
OJANET,0,1,1
OJELANDEZ,0,1,1
OJENOR,0,1,1
OJILBIO,0,1,1
OK,0,1,1
OKARY,0,1,1
OKUELII,0,1,1
OKVELY,0,1,1
OLACIO,0,1,1
OLADYS,0,1,1
OLAIDA,0,1,1
OLAINEZ,0,1,1
OLAIVEL,0,1,1
OLANS,0,1,1
OLANZO,0,1,1
OLARDINA,0,1,1
OLAURDES,0,1,1
OLAYITA,0,1,1
OLAYR,0,1,1
OLBALDO,0,1,1
OLBANIA,0,1,1
OLBEDA,0,1,1
OLBI,0,1,1
OLBIN ANTONIO,0,1,1
OLBIN OMAR,0,1,1
OLBINA,0,1,1
OLBINELIN,0,1,1
OLBITH,0,1,1
OLCERGE,0,1,1
OLCIRES,0,1,1
OLDAIR,0,1,1
OLDALEC,0,1,1
OLDANIO,0,1,1
OLDIBRANDO,0,1,1
OLDILBER,0,1,1
OLDILIA,0,1,1
OLDINA MARLEEN,0,1,1
OLDIVIO,0,1,1
OLDMAR,0,1,1
OLDUBY,0,1,1
OLDULIO,0,1,1
OLECIS,0,1,1
OLEGOVNA,0,1,1
OLEIDA,0,1,1
OLEISY,0,1,1
OLELY,0,1,1
OLEMIN,0,1,1
OLEMIS,0,1,1
OLENIN,0,1,1
OLENNY,0,1,1
OLENOR,0,1,1
OLERIA,0,1,1
OLERIS,0,1,1
OLEVAN,0,1,1
OLEVANI,0,1,1
OLEVENE,0,1,1
OLEVERIO,0,1,1
OLEX,0,1,1
OLEXANDER,0,1,1
OLEYNA,0,1,1
OLEYSI,0,1,1
OLFANCIA,0,1,1
OLFIDIO,0,1,1
OLFILA,0,1,1
OLFREDO,0,1,1
OLGA AMPARO,0,1,1
OLGA CRISTINA,0,1,1
OLGA EDIHT,0,1,1
OLGA ETELVINA,0,1,1
OLGA LIDIA,0,1,1
OLGA MARISA,0,1,1
OLGA MARY,0,1,1
OLGA ONDINA,0,1,1
OLGA RAMONA,0,1,1
OLGA SUYAPA,0,1,1
OLGGER,0,1,1
OLGINA,0,1,1
OLGUAL,0,1,1
OLGUINA,0,1,1
OLIB,0,1,1
OLIBEC,0,1,1
OLIBED,0,1,1
OLIBEL,0,1,1
OLIBEN,0,1,1
OLIBEX,0,1,1
OLIBO,0,1,1
OLICETH,0,1,1
OLIDAY,0,1,1
OLIDER,0,1,1
OLIDEY,0,1,1
OLIDOLFO,0,1,1
OLIDT,0,1,1
OLIEN,0,1,1
OLIGHIERY,0,1,1
OLILI,0,1,1
OLILIA,0,1,1
OLILIA ROSA,0,1,1
OLIMACO,0,1,1
OLIMBER,0,1,1
OLIMPIDA,0,1,1
OLINCE,0,1,1
OLINDA JOSEFANA,0,1,1
OLINGER,0,1,1
OLINTER,0,1,1
OLINTES,0,1,1
OLIPERTO,0,1,1
OLISANDER,0,1,1
OLISENIA,0,1,1
OLISES,0,1,1
OLIVAME,0,1,1
OLIVANIA,0,1,1
OLIVANIS,0,1,1
OLIVANNY,0,1,1
OLIVARE,0,1,1
OLIVARI,0,1,1
OLIVAS,0,1,1
OLIVED,0,1,1
OLIVEL,0,1,1
OLIVELI,0,1,1
OLIVENIS,0,1,1
OLIVER RICHARD,0,1,1
OLIVERA,0,1,1
OLIVERY,0,1,1
OLIVES,0,1,1
OLIVETT,0,1,1
OLIVETTE,0,1,1
OLIVETTI,0,1,1
OLIVETY,0,1,1
OLIVEX,0,1,1
OLIVEYRA,0,1,1
OLIVIA  M,0,1,1
OLIVIA ALICIA,0,1,1
OLIVIA ANTONIA,0,1,1
OLIVIA ISAAC,0,1,1
OLIVIAS,0,1,1
OLIVIDA,0,1,1
OLIVIDO,0,1,1
OLIVIERY,0,1,1
OLIVOS,0,1,1
OLIVY,0,1,1
OLIZER,0,1,1
OLLA,0,1,1
OLLIL,0,1,1
OLLIVER,0,1,1
OLMEDYS,0,1,1
OLMELDA,0,1,1
OLMIO,0,1,1
OLMOS DE JESUS,0,1,1
OLNIL,0,1,1
OLOFERMES,0,1,1
OLOIMPIA,0,1,1
OLONZO,0,1,1
OLOUR,0,1,1
OLQUEDY,0,1,1
OLSMAHIR,0,1,1
OLSSON,0,1,1
OLTANA,0,1,1
OLU,0,1,1
OLUBINA,0,1,1
OLVAN FREDY,0,1,1
OLVE,0,1,1
OLVELINA,0,1,1
OLVILANIA,0,1,1
OLVIN RODRIGO,0,1,1
OLVIN YOVANY,0,1,1
OLVINDA,0,1,1
OLVIR,0,1,1
OLYCE,0,1,1
OLYV,0,1,1
OLYVANN,0,1,1
OMAAN,0,1,1
OMADEO,0,1,1
OMAIDA,0,1,1
OMANDA,0,1,1
OMAR ADOLFO,0,1,1
OMAR ALBERTO,0,1,1
OMAR DONACIANO,0,1,1
OMAR FRANCISCO,0,1,1
OMAR NOE,0,1,1
OMAR RENIERI,0,1,1
OMAR ROBERTO,0,1,1
OMARCIO,0,1,1
OMARCO,0,1,1
OMARD,0,1,1
OMARDY,0,1,1
OMARE,0,1,1
OMARLIM,0,1,1
OMARTI,0,1,1
OMAUTURGO,0,1,1
OMAVILIA,0,1,1
OMAYDA,0,1,1
OMDINA,0,1,1
OMEAT,0,1,1
OMEDO,0,1,1
OMEGA,0,1,1
OMEGA EDUVIGES,0,1,1
OMEHD,0,1,1
OMEIRA,0,1,1
OMELDO,0,1,1
OMELI,0,1,1
OMELVIS,0,1,1
OMENTON,0,1,1
OMES,0,1,1
OMESINO,0,1,1
OMEYDA,0,1,1
OMHAR,0,1,1
OMI,0,1,1
OMILIA,0,1,1
OMILTO,0,1,1
OMILTON,0,1,1
OMINELDA,0,1,1
OMIRALDO,0,1,1
OMITA,0,1,1
OMNAN,0,1,1
OMODONIO,0,1,1
OMORA,0,1,1
OMY,0,1,1
ON,0,1,1
ON DEL CARMEN,0,1,1
ONA,0,1,1
ONABEL,0,1,1
ONABILETH,0,1,1
ONAC,0,1,1
ONAGINA,0,1,1
ONAID,0,1,1
ONAINE,0,1,1
ONANCIO,0,1,1
ONANDO,0,1,1
ONASES,0,1,1
ONASSHIS,0,1,1
ONASSI,0,1,1
ONASYS,0,1,1
ONATHAN,0,1,1
ONAVELI,0,1,1
ONAXIS,0,1,1
ONDDINA,0,1,1
ONDEY,0,1,1
ONDIN,0,1,1
ONDINA AURORA,0,1,1
ONDINA BAUTISTA,0,1,1
ONDINA DE JESUS,0,1,1
ONDINA EDELMIRA,0,1,1
ONDINA EMERITA,0,1,1
ONDINA ESPERANZ,0,1,1
ONDINA RAMONA,0,1,1
ONDINA VARGAS,0,1,1
ONDINIA,0,1,1
ONDONA,0,1,1
ONDONI,0,1,1
ONDONIEL,0,1,1
ONDULIO,0,1,1
O'NEAL,0,1,1
ONEALY,0,1,1
ONEBIA,0,1,1
ONEBIS,0,1,1
ONEC,0,1,1
ONECI,0,1,1
ONECIFOR,0,1,1
ONECIO,0,1,1
ONECIS,0,1,1
ONEDA,0,1,1
ONEDT,0,1,1
ONEDY,0,1,1
ONEDYA,0,1,1
ONEG,0,1,1
ONEIDA MERCEDES,0,1,1
ONEIDAN,0,1,1
ONEIDER,0,1,1
ONEIDI,0,1,1
ONEIL,0,1,1
O'NEIL,0,1,1
ONEIS,0,1,1
ONEISY,0,1,1
ONEIVIN,0,1,1
ONEL ANTONIO,0,1,1
ONELD,0,1,1
ONELDA ANABEL,0,1,1
ONELGIN,0,1,1
ONELIBS,0,1,1
ONELIZ,0,1,1
ONELSA ASUSENA,0,1,1
ONELSI,0,1,1
ONELSIA,0,1,1
ONELYA,0,1,1
ONELYN,0,1,1
ONELZA,0,1,1
ONERGIO,0,1,1
ONESIA,0,1,1
ONESIMUS,0,1,1
ONESIS,0,1,1
ONEVIL,0,1,1
ONEXIA,0,1,1
ONEXS,0,1,1
ONEYDA OID,0,1,1
ONEYDA YOSELI,0,1,1
ONEYDE,0,1,1
ONEYDINA,0,1,1
ONEYDO,0,1,1
ONEYI,0,1,1
ONEYNA,0,1,1
ONEYRE,0,1,1
ONEYS,0,1,1
ONEYSI,0,1,1
ONEYVE,0,1,1
ONEYVI,0,1,1
ONFALY,0,1,1
ONFREDO,0,1,1
ONIAL,0,1,1
ONIBETH,0,1,1
ONIDINA,0,1,1
ONIERY,0,1,1
ONIETH,0,1,1
ONILIS,0,1,1
ONILZA,0,1,1
ONINFA,0,1,1
ONIQL,0,1,1
ONISA,0,1,1
ONISIA,0,1,1
ONISSA,0,1,1
ONITZA,0,1,1
ONLIDA,0,1,1
ONNELIA,0,1,1
ONOBERTO,0,1,1
ONODALIA,0,1,1
ONODILIA,0,1,1
ONODRIS,0,1,1
ONOE,0,1,1
ONOFRE NASARIA,0,1,1
ONOFRI,0,1,1
ONOLINA,0,1,1
ONOLVIAN,0,1,1
ONOLY,0,1,1
ONON,0,1,1
ONONEMY,0,1,1
ONONEY,0,1,1
ONOR,0,1,1
ONORADIS,0,1,1
ONORDULIO,0,1,1
ONOREA,0,1,1
ONORI,0,1,1
ONORO,0,1,1
ONORTA,0,1,1
ONOSIFORA,0,1,1
ONRIED,0,1,1
ONSINDIS,0,1,1
ONUVIS,0,1,1
ONUX,0,1,1
ONVELIN,0,1,1
ONYET,0,1,1
ONYLL,0,1,1
OPNIEL,0,1,1
OPRIMILIO,0,1,1
OPTALI,0,1,1
OPTALY,0,1,1
OPTAVILA,0,1,1
OQUEBEL,0,1,1
OQUELIX,0,1,1
OQUELLY,0,1,1
OQUELYN,0,1,1
OQUILI,0,1,1
ORABELLY,0,1,1
ORADI,0,1,1
ORADIX,0,1,1
ORALICIA,0,1,1
ORALINDA,0,1,1
ORALINDO,0,1,1
ORALTINA,0,1,1
ORALVA,0,1,1
ORAMEL,0,1,1
ORANDYS,0,1,1
ORANI,0,1,1
ORASMO,0,1,1
ORASTILIA,0,1,1
ORATO,0,1,1
ORAYLA,0,1,1
ORBANDINA,0,1,1
ORBEDEL,0,1,1
ORBELANY,0,1,1
ORBELIANA,0,1,1
ORBELIANI,0,1,1
ORBELICA,0,1,1
ORBELIDA,0,1,1
ORBELILNA,0,1,1
ORBELIM,0,1,1
ORBELITA,0,1,1
ORBELIZA,0,1,1
ORBELLINA,0,1,1
ORBENIO,0,1,1
ORBICEL,0,1,1
ORBILE,0,1,1
ORBILENIA,0,1,1
ORBISEL,0,1,1
ORBITA,0,1,1
ORBIXELA,0,1,1
ORBLENDA,0,1,1
ORCANDO,0,1,1
ORCHEAD,0,1,1
ORDALIA,0,1,1
ORDELIZA,0,1,1
ORDELUZ,0,1,1
ORDENE,0,1,1
ORDERY,0,1,1
ORDINA,0,1,1
ORDOMILIA,0,1,1
ORDONES,0,1,1
ORDONEZ,0,1,1
ORDULI,0,1,1
ORDUNIO,0,1,1
ORECTILA,0,1,1
ORED,0,1,1
OREIDA,0,1,1
OREILLY,0,1,1
ORELIO,0,1,1
ORELON,0,1,1
ORELVIN,0,1,1
ORELVYS,0,1,1
ORELYS,0,1,1
ORENCIA,0,1,1
ORENIEL,0,1,1
ORENIS,0,1,1
OREOL,0,1,1
ORERIANA,0,1,1
ORESBINDA,0,1,1
ORESLINDA,0,1,1
ORESTIS,0,1,1
ORETH,0,1,1
ORETNA,0,1,1
ORETTE,0,1,1
ORFALIA,0,1,1
ORFALIS,0,1,1
ORFEILIA,0,1,1
ORFELY,0,1,1
ORFIA ERMELINDA,0,1,1
ORFILI,0,1,1
ORFILIA PEDRINA,0,1,1
ORFILIA SUYAPA,0,1,1
ORFILIA TETE,0,1,1
ORFIZ,0,1,1
ORGALIM,0,1,1
ORGANDI,0,1,1
ORGELIA,0,1,1
ORGENIS,0,1,1
ORGIL,0,1,1
ORGINDA,0,1,1
ORIAL,0,1,1
ORIANA ISABEL,0,1,1
ORIBEL,0,1,1
ORIDA,0,1,1
ORIDEL,0,1,1
ORIDIO,0,1,1
ORIED,0,1,1
ORIET,0,1,1
ORIETT,0,1,1
ORIETTE,0,1,1
ORIEZA,0,1,1
ORILA,0,1,1
ORILENE,0,1,1
ORILIO,0,1,1
ORIMELI,0,1,1
ORINDA,0,1,1
ORINELSO,0,1,1
ORINTA,0,1,1
ORINTHIA,0,1,1
ORIQUELA,0,1,1
ORISCAN,0,1,1
ORISELBA,0,1,1
ORISELMA,0,1,1
ORISIA,0,1,1
ORISIS,0,1,1
ORISTELY,0,1,1
ORISTEO,0,1,1
ORISTIDES,0,1,1
ORITH,0,1,1
ORITZELA,0,1,1
ORIVA,0,1,1
ORIZANDO,0,1,1
ORLAC,0,1,1
ORLAIN,0,1,1
ORLANDINY,0,1,1
ORLANDO ANTONIO,0,1,1
ORLANDO ELIC,0,1,1
ORLANDO ENRIQUE,0,1,1
ORLANDO FELIX,0,1,1
ORLANDO MISAEL,0,1,1
ORLANDOO,0,1,1
ORLANDOS,0,1,1
ORLANIS,0,1,1
ORLD,0,1,1
ORLENDIS,0,1,1
ORLENDYS,0,1,1
ORLENSE,0,1,1
ORLET,0,1,1
ORLETY,0,1,1
ORLIDA,0,1,1
ORLIN YOBANY,0,1,1
ORLIN ZADY,0,1,1
ORLINABELL,0,1,1
ORLINDE,0,1,1
ORLINDER,0,1,1
ORLINDON,0,1,1
ORLINGTON,0,1,1
ORLINTHE,0,1,1
ORLINTHEN,0,1,1
ORLINTHON,0,1,1
ORMA ARGENTINA,0,1,1
ORMAY,0,1,1
ORMELA,0,1,1
ORMELIA,0,1,1
ORMELINDO,0,1,1
ORMELIO,0,1,1
ORMIDES,0,1,1
ORMIENTIA,0,1,1
ORMIN,0,1,1
ORNALIO,0,1,1
ORNELIA,0,1,1
ORNESTINA,0,1,1
ORNET,0,1,1
ORNETH,0,1,1
ORNIS,0,1,1
ORNOEL,0,1,1
ORNORIA,0,1,1
ORNUL,0,1,1
ORO,0,1,1
OROCETH,0,1,1
ORODI,0,1,1
ORONATA,0,1,1
ORONTES,0,1,1
OROSIS,0,1,1
OROSMANDO,0,1,1
OROZCO,0,1,1
ORQUED,0,1,1
ORQUIDE,0,1,1
ORRETA,0,1,1
ORRILIO,0,1,1
ORRUDIA,0,1,1
ORSANIA,0,1,1
ORSCAR,0,1,1
ORSEL,0,1,1
ORSELI,0,1,1
ORSELINA,0,1,1
ORSIDE,0,1,1
ORSIDES,0,1,1
ORSINIO,0,1,1
ORSINY,0,1,1
ORSOLA,0,1,1
ORSONIA,0,1,1
ORTALIA,0,1,1
ORTALITA,0,1,1
ORTELI,0,1,1
ORTELIO,0,1,1
ORTEMIN,0,1,1
ORTENCSA,0,1,1
ORTENIO,0,1,1
ORTHYLIO,0,1,1
ORTICOT,0,1,1
ORTIDIA,0,1,1
ORVANDILIO,0,1,1
ORVELA,0,1,1
ORVENI,0,1,1
ORVERROSA,0,1,1
ORVISIA,0,1,1
ORYAN,0,1,1
ORYANE,0,1,1
ORZULINA,0,1,1
OSABA,0,1,1
OSABAS,0,1,1
OSAHEL,0,1,1
OSALI,0,1,1
OSALINA,0,1,1
OSALY,0,1,1
OSAQUI,0,1,1
OSBAY,0,1,1
OSBELINDA,0,1,1
OSBELL,0,1,1
OSBERTA,0,1,1
OSBILDA,0,1,1
OSBORNIN,0,1,1
OSBOUNE,0,1,1
OSBOURNE,0,1,1
OSBURN,0,1,1
OSCAR ADALID,0,1,1
OSCAR ALBERTO,0,1,1
OSCAR ALEJANDRO,0,1,1
OSCAR DAVID,0,1,1
OSCAR GEOVANY,0,1,1
OSCAR HERNAN,0,1,1
OSCAR HUMBERTO,0,1,1
OSCAR MANUEL,0,1,1
OSCAR MARINO,0,1,1
OSCAR MAURICIO,0,1,1
OSCAR OMAR,0,1,1
OSCAR ORLAN,0,1,1
OSCAR RENE,0,1,1
OSCARIO,0,1,1
OSCARLIN,0,1,1
OSCELIN,0,1,1
OSCIRE,0,1,1
OSCIRIA,0,1,1
OSCOR,0,1,1
OSDELIA,0,1,1
OSDELINA,0,1,1
OSDELY,0,1,1
OSDILIO,0,1,1
OSDMAN,0,1,1
OSEEL,0,1,1
OSEGUERA,0,1,1
OSEIAS,0,1,1
OSEIRIS,0,1,1
OSEL,0,1,1
OSELDA,0,1,1
OSELIN,0,1,1
OSELINE,0,1,1
OSENAIDA,0,1,1
OSENETH,0,1,1
OSENEY,0,1,1
OSERAYDA,0,1,1
OSERIN,0,1,1
OSES,0,1,1
OSETH,0,1,1
OSEVIO,0,1,1
OSFEL,0,1,1
OSHEAS,0,1,1
OSHIRIS,0,1,1
OSIER,0,1,1
OSIGLAS,0,1,1
OSILY,0,1,1
OSINIS,0,1,1
OSIRISS,0,1,1
OSIRIT,0,1,1
OSIRIZ,0,1,1
OSIRRIS,0,1,1
OSISRIS,0,1,1
OSKARINA,0,1,1
OSLA,0,1,1
OSLABIA,0,1,1
OSLANDINA,0,1,1
OSLENY,0,1,1
OSLET,0,1,1
OSMAIL,0,1,1
OSMAN ADALID,0,1,1
OSMANA,0,1,1
OSMANDY,0,1,1
OSMANEY,0,1,1
OSMANIEL,0,1,1
OSMAR ANTONIO,0,1,1
OSMEDIS,0,1,1
OSMEDIY,0,1,1
OSMELDA,0,1,1
OSMELI,0,1,1
OSMENIA,0,1,1
OSMENY,0,1,1
OSMERIN,0,1,1
OSMERITA,0,1,1
OSMIDAS,0,1,1
OSMIDIA,0,1,1
OSMILA,0,1,1
OSMIN HERMINIO,0,1,1
OSMINDAA,0,1,1
OSMIRO,0,1,1
OSMONY,0,1,1
OSMUN,0,1,1
OSNAIDA,0,1,1
OSNAYDEER,0,1,1
OSNEDIS,0,1,1
OSNELI,0,1,1
OSNELIN,0,1,1
OSNER,0,1,1
OSNERI,0,1,1
OSPIDIO,0,1,1
OSPILIO,0,1,1
OSSANA,0,1,1
OSSBALDO,0,1,1
OSTACIANA,0,1,1
OSTANSEL,0,1,1
OSTAQUIA,0,1,1
OSTAVIANO,0,1,1
OSTAVIO,0,1,1
OSTBY,0,1,1
OSTELIA,0,1,1
OSTER,0,1,1
OSTILITA,0,1,1
OSTINA,0,1,1
OSTMAR,0,1,1
OSTONIE,0,1,1
OSTRY,0,1,1
OSTWAD,0,1,1
OSUEL,0,1,1
OSUI,0,1,1
OSUILIO,0,1,1
OSVALDA,0,1,1
OSVANI,0,1,1
OSVELA,0,1,1
OSVELINA,0,1,1
OSVELIO,0,1,1
OSWELY,0,1,1
OSWIL,0,1,1
OSWLADO,0,1,1
OSWUAL,0,1,1
OSXIMIN,0,1,1
OTAVIO,0,1,1
OTDULIA,0,1,1
OTELEA,0,1,1
OTELMO,0,1,1
OTENCIA,0,1,1
OTERO,0,1,1
OTEY,0,1,1
OTHO LUIS,0,1,1
OTHOMY,0,1,1
OTHONCITO,0,1,1
OTHSMAR,0,1,1
OTIENIEL,0,1,1
OTILIA AGRIPITA,0,1,1
OTILIA DE JESUS,0,1,1
OTILIA ENEMECIA,0,1,1
OTILIA VALESCA,0,1,1
OTION,0,1,1
OTLIA,0,1,1
OTMARA,0,1,1
OTMARO,0,1,1
OTMEL,0,1,1
OTNADOLIS,0,1,1
OTNYEL,0,1,1
OTO-EL,0,1,1
OTOMAR,0,1,1
OTOMI,0,1,1
OTONAEL,0,1,1
OTONELIO,0,1,1
OTONIAL,0,1,1
OTONIELD,0,1,1
OTONIELL,0,1,1
OTONIHEL,0,1,1
OTONIL,0,1,1
OTONY,0,1,1
OTPNIEL,0,1,1
OTSMARO,0,1,1
OTTMAR,0,1,1
OTTOËIEL,0,1,1
OTTOVIANY,0,1,1
OTULIA,0,1,1
OTULIO,0,1,1
OUDE,0,1,1
OUDELI,0,1,1
OUDELINA,0,1,1
OUDILIA,0,1,1
OUDILIO,0,1,1
OUIMNIA,0,1,1
OUITERIA,0,1,1
OULIMER,0,1,1
OVA,0,1,1
OVADI,0,1,1
OVADIE,0,1,1
OVADO,0,1,1
OVAIR,0,1,1
OVANCIO,0,1,1
OVANIO,0,1,1
OVANNY,0,1,1
OVAR,0,1,1
OVARI,0,1,1
OVAYEIRO,0,1,1
OVAYRON,0,1,1
OVDULIA,0,1,1
OVEB,0,1,1
OVEC,0,1,1
OVECK,0,1,1
OVEDELY,0,1,1
OVEDH,0,1,1
OVEDT,0,1,1
OVELCY,0,1,1
OVELIC,0,1,1
OVELIX,0,1,1
OVELKON,0,1,1
OVENEL,0,1,1
OVENID,0,1,1
OVENOR,0,1,1
OVENS,0,1,1
OVENTON,0,1,1
OVERALI,0,1,1
OVERATH,0,1,1
OVERDON,0,1,1
OVERLIN,0,1,1
OVERTI,0,1,1
OVEZA ISABEL,0,1,1
OVIDE,0,1,1
OVIDIO ALEXIS,0,1,1
OVIDIO DE JESUS,0,1,1
OVIED,0,1,1
OVIEDI,0,1,1
OVIETH,0,1,1
OVILDO ARCENI,0,1,1
OVILEA,0,1,1
OVILI,0,1,1
OVILSIO,0,1,1
OVILVER,0,1,1
OVINDO,0,1,1
OVINIO,0,1,1
OVINSON,0,1,1
OVIOL,0,1,1
OVIOLI,0,1,1
OVIR,0,1,1
OVIR FLORES,0,1,1
OVIRAN,0,1,1
OVIT,0,1,1
OVITICIA,0,1,1
OVODIO,0,1,1
OVONIEL,0,1,1
OVONY,0,1,1
OVY,0,1,1
OWAL,0,1,1
OWALESKA,0,1,1
OWANDO,0,1,1
OWASBALDO,0,1,1
OWELL,0,1,1
OWENI,0,1,1
OWETH,0,1,1
OWICK,0,1,1
OWILZON,0,1,1
OWUILSON,0,1,1
OXAYDA,0,1,1
OXCELINA,0,1,1
OXDALI,0,1,1
OXDELID,0,1,1
OXELI,0,1,1
OXELINA,0,1,1
OXIANA,0,1,1
OXIDES,0,1,1
OXIVIAS,0,1,1
OXIVILA,0,1,1
OXMAR,0,1,1
OXUANY,0,1,1
OZAEL,0,1,1
OZAIN,0,1,1
OZALAS,0,1,1
OZEM,0,1,1
OZEN,0,1,1
OZIELL,0,1,1
OZLANDO,0,1,1
OZMANY,0,1,1
OZMAR,0,1,1
OZWALDO,0,1,1
P RACAELA,0,1,1
PAABLO,0,1,1
PABELA,0,1,1
PABELI,0,1,1
PABET,0,1,1
PABLO ADAN,0,1,1
PABLO ADOLFO,0,1,1
PABLO ALECSI,0,1,1
PABLO DOMINGO,0,1,1
PABLO ENRIQUE,0,1,1
PABLO FRANCISCO,0,1,1
PABLO HUMBERTO,0,1,1
PABLO ISAAC,0,1,1
PABLO JERONIMO,0,1,1
PABLO MAURICIO,0,1,1
PABLO SANTOS,0,1,1
PABULO,0,1,1
PACELIA,0,1,1
PACHEL,0,1,1
PACHINA,0,1,1
PACIS,0,1,1
PADOMIA,0,1,1
PAFILO,0,1,1
PAGIDA,0,1,1
PAGOAGA,0,1,1
PAHOLO,0,1,1
PAHOOLA,0,1,1
PAI,0,1,1
PAIRETH,0,1,1
PAISANA,0,1,1
PAJITO,0,1,1
PALATINA,0,1,1
PALENMA,0,1,1
PALL,0,1,1
PALMADEL ROSARI,0,1,1
PALMIRA,0,1,1
PALOMARES,0,1,1
PALONTINA,0,1,1
PALVARINE,0,1,1
PAM,0,1,1
PAMALY,0,1,1
PAME,0,1,1
PAMELY,0,1,1
PAMFILA,0,1,1
PAMILAR,0,1,1
PANACENO,0,1,1
PANASKEUI,0,1,1
PANCRASIO,0,1,1
PANDILIA,0,1,1
PANELA,0,1,1
PANFINO,0,1,1
PANG,0,1,1
PANIERY,0,1,1
PANILO,0,1,1
PANNY,0,1,1
PANTILA,0,1,1
PANUCENA,0,1,1
PAOLA GRASIBEL,0,1,1
PAOLA JOSEFINA,0,1,1
PAOLA MARIA,0,1,1
PAOLA SANDRA,0,1,1
PAOLI,0,1,1
PAOLLA,0,1,1
PAOLLETTE,0,1,1
PAOLLY,0,1,1
PAOLY,0,1,1
PAONIA,0,1,1
PAPITA,0,1,1
PAQUEL,0,1,1
PAQUIN,0,1,1
PARACELSO,0,1,1
PARADY,0,1,1
PARASKIVI,0,1,1
PARCELI,0,1,1
PARCIANA,0,1,1
PARISADA,0,1,1
PARIZ MARCELO,0,1,1
PARIZADA,0,1,1
PARKHURST,0,1,1
PARKS,0,1,1
PARLING,0,1,1
PARLOS,0,1,1
PARLOVA,0,1,1
PARMENION,0,1,1
PARRISH,0,1,1
PARTENIO,0,1,1
PARTO,0,1,1
PARTOLA,0,1,1
PASCALA,0,1,1
PASCUA FLORIDA,0,1,1
PASCUAL BAILON,0,1,1
PASCULA,0,1,1
PASELY,0,1,1
PASLA,0,1,1
PASQUEL,0,1,1
PASTO,0,1,1
P'ASTOR,0,1,1
PASTORA OLIMPIA,0,1,1
PASTORY,0,1,1
PAT RICIA,0,1,1
PATACIA,0,1,1
PATEROI,0,1,1
PATIRICA,0,1,1
PATON,0,1,1
PATRAICIA,0,1,1
PATRICE,0,1,1
PATRICIA ESMERA,0,1,1
PATRICIA GIOMAR,0,1,1
PATRICIA LORENA,0,1,1
PATRICIA MARIA,0,1,1
PATRICIA MAYDOY,0,1,1
PATRICIA ROSARI,0,1,1
PATRICIA XIOMAR,0,1,1
PATRICICA,0,1,1
PATRICINIO,0,1,1
PATRICYA,0,1,1
PATRIVIA,0,1,1
PATRIZA,0,1,1
PATRIZIA,0,1,1
PATRIZZIO,0,1,1
PATROCINIA VIRG,0,1,1
PATROCIONIO,0,1,1
PATRYCIA,0,1,1
PAUCIANA,0,1,1
PAUDA,0,1,1
PAUL FREDERICK,0,1,1
PAULA AMPARO,0,1,1
PAULA ANTONIA,0,1,1
PAULA BENILDA,0,1,1
PAULA DE LA CRU,0,1,1
PAULA DELIA,0,1,1
PAULA EDELMIRA,0,1,1
PAULA ELIZABETH,0,1,1
PAULA ISABEL,0,1,1
PAULA JOSEFA,0,1,1
PAULA LEONARDA,0,1,1
PAULA LIDUVINA,0,1,1
PAULA MARIA,0,1,1
PAULA MARINA,0,1,1
PAULA SANTOS,0,1,1
PAULA!,0,1,1
PAULE,0,1,1
PAULET,0,1,1
PAULETT,0,1,1
PAULIMO,0,1,1
PAULINO ANIVAL,0,1,1
PAULINY,0,1,1
PAULO MAURO,0,1,1
PAULUS,0,1,1
PAUOLA,0,1,1
PAUTA,0,1,1
PAUTBELLKA,0,1,1
PAVE,0,1,1
PAVONI,0,1,1
PAXIDES,0,1,1
PAYAN,0,1,1
PAYDAMY,0,1,1
PAZ ERCILIA,0,1,1
PAZ RESURECCION,0,1,1
PAZ RUDECINDA,0,1,1
PAZCITA,0,1,1
PAZELI,0,1,1
PEËAFORT,0,1,1
PEANETH,0,1,1
PEARLE,0,1,1
PEARS,0,1,1
PECCEDES,0,1,1
PEDERMINDA,0,1,1
PEDRIN,0,1,1
PEDRINITA,0,1,1
PEDRO   ABRAHAN,0,1,1
PEDRO ADALID,0,1,1
PEDRO ALBERTO,0,1,1
PEDRO ARMENGOL,0,1,1
PEDRO ARTURO,0,1,1
PEDRO BELARMINO,0,1,1
PEDRO DEONISIO,0,1,1
PEDRO ELIAS,0,1,1
PEDRO ERNESTO,0,1,1
PEDRO ISMAEL,0,1,1
PEDRO LEONCIO,0,1,1
PEDRO LUIS,0,1,1
PEDRO MAURICIO,0,1,1
PEDRO NOLASCO,0,1,1
PEDRO REGALADO,0,1,1
PEDRO VERONICO,0,1,1
PEET,0,1,1
PEG,0,1,1
PEGGY MAYLETH,0,1,1
PEJUAN,0,1,1
PEKS,0,1,1
PELAYA,0,1,1
PELY,0,1,1
PENINA,0,1,1
PENIS,0,1,1
PENLADIA,0,1,1
PENNEY,0,1,1
PENTECOSTES,0,1,1
PENTILO,0,1,1
PENVEL,0,1,1
PERCE,0,1,1
PERCEVERANCIA,0,1,1
PERCY EVEL,0,1,1
PERDONA,0,1,1
PEREIRA,0,1,1
PERFINIA,0,1,1
PERGILO,0,1,1
PERILIO,0,1,1
PERKIN,0,1,1
PERLA MARINA,0,1,1
PERLA MELITA,0,1,1
PERPETUA NIEVES,0,1,1
PERSEVERADA,0,1,1
PERSEY,0,1,1
PERVI,0,1,1
PETERS,0,1,1
PETILU,0,1,1
PETOBEN,0,1,1
PETRIONIS,0,1,1
PETRONA AMPARO,0,1,1
PETRONA ANABEIS,0,1,1
PETRONA DE JESU,0,1,1
PETRONA FATIMA,0,1,1
PETRONA V,0,1,1
PETRONELLA,0,1,1
PETRONIBA,0,1,1
PETRONILA DE JE,0,1,1
PETRONILA TRINI,0,1,1
PETRONILLA,0,1,1
PETRONO,0,1,1
PETRONY,0,1,1
PETRORIA,0,1,1
PETROUSCKA,0,1,1
PETROVA,0,1,1
PETTY,0,1,1
PEYREFITTE,0,1,1
PHANTON,0,1,1
PHELAN,0,1,1
PHER FLORENTINO,0,1,1
PHILIP CLINTON,0,1,1
PHILIPPE,0,1,1
PHILIPS,0,1,1
PHILLIPH,0,1,1
PHILLIPPE,0,1,1
PHIORELLA,0,1,1
PHOENIS,0,1,1
PHOEVE,0,1,1
PHUBLIA,0,1,1
PHYLANDER,0,1,1
PIA SYLVIE,0,1,1
PIARETH,0,1,1
PIAS,0,1,1
PIDAD,0,1,1
PIDIO,0,1,1
PIEDAD DE MARIA,0,1,1
PIERE,0,1,1
PIETRINA,0,1,1
PILAGIA,0,1,1
PILAR REYNA,0,1,1
PILAR ZARAGOSA,0,1,1
PILLFORD,0,1,1
PINDARO,0,1,1
PINNELLA,0,1,1
PINO,0,1,1
PINTA,0,1,1
PIO AVIGAIL,0,1,1
PIO NOEMI,0,1,1
PIO QUINTA,0,1,1
PIRZO,0,1,1
PITHER,0,1,1
PLADIL,0,1,1
PLARIBEL,0,1,1
PLAUCIO,0,1,1
PLAVIOLA,0,1,1
PLAXEDES,0,1,1
PLINIA,0,1,1
PLOMAR,0,1,1
PLUBIO,0,1,1
PMAR,0,1,1
PO,0,1,1
PODELMO,0,1,1
POE,0,1,1
POITIERS,0,1,1
POK,0,1,1
POLETT,0,1,1
POLI,0,1,1
POLIDECTOR,0,1,1
POLIDORO,0,1,1
POLIGENIA,0,1,1
POLIGENIO,0,1,1
POLINE,0,1,1
POLITO,0,1,1
POLK,0,1,1
POLLIN,0,1,1
POLLYANN,0,1,1
POLLYANNA,0,1,1
POLONIA LIZETH,0,1,1
POMER,0,1,1
POMPILA,0,1,1
PONPEYO,0,1,1
PONTOY,0,1,1
PONUCENA,0,1,1
POPOF,0,1,1
PORFIRIO EXALON,0,1,1
PORLITA,0,1,1
PORSIN,0,1,1
PORTES,0,1,1
PORTINIO,0,1,1
POSTANO,0,1,1
POTAMIA,0,1,1
POTAMIO,0,1,1
POTAMIS,0,1,1
POTANIO,0,1,1
POUND,0,1,1
POWELL,0,1,1
POWER,0,1,1
POXANA,0,1,1
PRACCEDI,0,1,1
PRACSELI,0,1,1
PRADES,0,1,1
PRADETH,0,1,1
PRADI GUADALUPE,0,1,1
PRADIA,0,1,1
PRADIC,0,1,1
PRADID,0,1,1
PRADIER,0,1,1
PRADIK,0,1,1
PRADILIO,0,1,1
PRADOS,0,1,1
PRAGEDITAS,0,1,1
PRAGERIS,0,1,1
PRAGMACIO,0,1,1
PRAJEDIZ,0,1,1
PRAJERIS,0,1,1
PRAJIDA,0,1,1
PRASCEDES,0,1,1
PRASUERES,0,1,1
PRATASIO,0,1,1
PRATRICIA,0,1,1
PRATS,0,1,1
PRAUSES,0,1,1
PRAXEDYS,0,1,1
PRAXIDIZ,0,1,1
PRAXIDY,0,1,1
PRAXIS,0,1,1
PRAXITELES,0,1,1
PRAXSES,0,1,1
PRDRO,0,1,1
PREBERLINDA,0,1,1
PREBINDA,0,1,1
PRECEDI,0,1,1
PRECEDIS,0,1,1
PRECERLIS,0,1,1
PREDENCIA,0,1,1
PREDENVINDA,0,1,1
PREDEPINDA,0,1,1
PREDESLINDA,0,1,1
PREDESTINA,0,1,1
PREDILIO JIRON,0,1,1
PREDIMINDA,0,1,1
PRESEIDA,0,1,1
PRESELY,0,1,1
PRESENTACION SU,0,1,1
PRESTOK,0,1,1
PRETONIO,0,1,1
PREXCEDES,0,1,1
PREXEDE,0,1,1
PREXEDIS,0,1,1
PRICEDIA,0,1,1
PRICIDIA,0,1,1
PRICILEANO,0,1,1
PRIFILTO,0,1,1
PRIMO FELICIANO,0,1,1
PRIMO SELUCIANO,0,1,1
PRINCESA YOLAND,0,1,1
PRINTAËO,0,1,1
PRISIANO,0,1,1
PRISOLOGO,0,1,1
PRISSMAN,0,1,1
PRITRICIA,0,1,1
PROCEDES,0,1,1
PRODILIO,0,1,1
PRODINGTON,0,1,1
PROFETA MALAQUI,0,1,1
PROFILIO,0,1,1
PROJERES,0,1,1
PROMITIVA,0,1,1
PRONINA,0,1,1
PROSINIO,0,1,1
PROSODIO,0,1,1
PROTACIA,0,1,1
PROTACION,0,1,1
PROTEA,0,1,1
PROTOMARTIR,0,1,1
PROVIANY,0,1,1
PRUEBA MANDADOS,0,1,1
PRUELAN,0,1,1
PTILAR,0,1,1
PTRICIA,0,1,1
PUBEMI,0,1,1
PUERTO,0,1,1
PUICK,0,1,1
PULGUERIA,0,1,1
PULIDORA,0,1,1
PUNG,0,1,1
PUNUCENO,0,1,1
PUPILE,0,1,1
PURA LUZ,0,1,1
PURBELL,0,1,1
PURIFICACIO,0,1,1
PURSEY,0,1,1
PUTARCO,0,1,1
PYNNE,0,1,1
QAHOL,0,1,1
QIN,0,1,1
QING TANG,0,1,1
QIONG,0,1,1
QUAN,0,1,1
QUEBIL,0,1,1
QUECOSKI,0,1,1
QUEDELMA,0,1,1
QUELEIN,0,1,1
QUELIANY,0,1,1
QUELIDO,0,1,1
QUELIX,0,1,1
QUEMEL,0,1,1
QUENDAL,0,1,1
QUENEDY,0,1,1
QUENIDI,0,1,1
QUENIE,0,1,1
QUEO,0,1,1
QUEOMEYNI,0,1,1
QUEROBINA,0,1,1
QUERUBIN,0,1,1
QUERUBINA,0,1,1
QUESLSY,0,1,1
QUETINA,0,1,1
QUETSY,0,1,1
QUETXY,0,1,1
QUETYD,0,1,1
QUETZABE,0,1,1
QUETZALLY,0,1,1
QUEVEDO,0,1,1
QUEVIS,0,1,1
QUIAMARA,0,1,1
QUIANG,0,1,1
QUICARDO,0,1,1
QUICEL,0,1,1
QUICELA,0,1,1
QUIENDILE,0,1,1
QUILANI,0,1,1
QUILPARA,0,1,1
QUIMBORLY,0,1,1
QUIMIDE,0,1,1
QUIMINORI,0,1,1
QUIN,0,1,1
QUINCEY,0,1,1
QUINETT,0,1,1
QUINO,0,1,1
QUINTA,0,1,1
QUINTALI,0,1,1
QUINTER,0,1,1
QUIOTO,0,1,1
QUIROTILDE,0,1,1
QUISQUELLA,0,1,1
QUITIN,0,1,1
QUITINA,0,1,1
QUIXTERIA,0,1,1
QUN,0,1,1
R JACINTO,0,1,1
R OSANY,0,1,1
R. NAPOLEON,0,1,1
R0SA,0,1,1
RABACHELY,0,1,1
RABAH,0,1,1
RABEX,0,1,1
RABI,0,1,1
RABIBEL,0,1,1
RABID,0,1,1
RABILDO,0,1,1
RABINDRANATH,0,1,1
RABOID,0,1,1
RACBOUN,0,1,1
RACELY,0,1,1
RACHIDY,0,1,1
RACHIEL,0,1,1
RACHIL,0,1,1
RACHIR,0,1,1
RACY,0,1,1
RADAMED,0,1,1
RADAMEK,0,1,1
RADAMETZ,0,1,1
RADAMIR,0,1,1
RADANY,0,1,1
RADBIN,0,1,1
RADENA,0,1,1
RADERY,0,1,1
RADEY,0,1,1
RADIMUNDA,0,1,1
RADIO,0,1,1
RADIRIRO,0,1,1
RADIVER,0,1,1
RADLIF,0,1,1
RADOLME,0,1,1
RADULIO,0,1,1
RADWAY,0,1,1
RAELI,0,1,1
RAERNACELY,0,1,1
RAFADIC,0,1,1
RAFAEL ALFONSO,0,1,1
RAFAEL ARCANGEL,0,1,1
RAFAEL ARMANDO,0,1,1
RAFAEL EMANUEL,0,1,1
RAFAEL FABRICIO,0,1,1
RAFAEL JARIS,0,1,1
RAFAEL JUNIOR,0,1,1
RAFAEL MAGIN,0,1,1
RAFAEL ORLANDO,0,1,1
RAFAEL OSCAR,0,1,1
RAFAEL RAUL,0,1,1
RAFAEL RUFINO,0,1,1
RAFAELA ROSA,0,1,1
RAFAELINA,0,1,1
RAFAYLINA,0,1,1
RAFEEL,0,1,1
RAFELIA,0,1,1
RAFI,0,1,1
RAFIEL,0,1,1
RAFIHA,0,1,1
RAGENTINA,0,1,1
RAGI,0,1,1
RAHIM,0,1,1
RAHYN,0,1,1
RAIM,0,1,1
RAIMERI,0,1,1
RAIMIRO,0,1,1
RAIMOND,0,1,1
RAIMUNDA MARIEL,0,1,1
RAINEDA,0,1,1
RAINELD,0,1,1
RAINULFO,0,1,1
RAJA,0,1,1
RAKAEL,0,1,1
RALANDO,0,1,1
RALE,0,1,1
RALI,0,1,1
RALILA,0,1,1
RALSTER,0,1,1
RALTH,0,1,1
RAM,0,1,1
RAMAIN,0,1,1
RAMaN,0,1,1
RAMANY,0,1,1
RAMBA,0,1,1
RAMDIS,0,1,1
RAMELI,0,1,1
RAMELIA,0,1,1
RAMEXH,0,1,1
RAMFEEL,0,1,1
RAMGRID,0,1,1
RAMINDA,0,1,1
RAMINDO,0,1,1
RAMIRINA,0,1,1
RAMIRO ALBERTO,0,1,1
RAMIRO OQUELY,0,1,1
RAMMSESS,0,1,1
RAMNA,0,1,1
RAMNULFO,0,1,1
RAMOLFO,0,1,1
RAMON ABELARDO,0,1,1
RAMON ALFREDO,0,1,1
RAMON ALONSO,0,1,1
RAMON ARCANGEL,0,1,1
RAMON ARMANDO,0,1,1
RAMON CALIXTO,0,1,1
RAMON CRISTOBAL,0,1,1
RAMON CRUZ,0,1,1
RAMON DE LA LUZ,0,1,1
RAMON EDGARDO,0,1,1
RAMON ELIX,0,1,1
RAMON ENRIQUE,0,1,1
RAMON GRADELHY,0,1,1
RAMON GUADALUPE,0,1,1
RAMON IRALDO,0,1,1
RAMON JERONIMO,0,1,1
RAMON JOAQUIN,0,1,1
RAMON MAYEL,0,1,1
RAMON NICOLAS,0,1,1
RAMON NONATO,0,1,1
RAMON OQUELID,0,1,1
RAMON PEDRO,0,1,1
RAMON PERFECTO,0,1,1
RAMON RONALD,0,1,1
RAMONA DELFINA,0,1,1
RAMONA ELSA,0,1,1
RAMONA JACOBINA,0,1,1
RAMONA JUANA,0,1,1
RAMONA JULIETA,0,1,1
RAMONA LAMEL,0,1,1
RAMONA LUBINA,0,1,1
RAMONA RAMONA,0,1,1
RAMONA SALOME,0,1,1
RAMONCITO,0,1,1
RAMOZ,0,1,1
RAMSSY,0,1,1
RAMZES,0,1,1
RANAN,0,1,1
RANAUL,0,1,1
RANBERTO,0,1,1
RANCED,0,1,1
RANCEL,0,1,1
RANDELFO,0,1,1
RANDILL,0,1,1
RANDOLPHO,0,1,1
RANEE,0,1,1
RANFERE,0,1,1
RANGELIS,0,1,1
RANMEL,0,1,1
RANNCES,0,1,1
RANNIER,0,1,1
RANOLDO,0,1,1
RANUS,0,1,1
RANVERTO,0,1,1
RAOMIN,0,1,1
RAOMIR,0,1,1
RAONELDY,0,1,1
RAPH EDUARDO,0,1,1
RAPHE,0,1,1
RAQUEL AMERICA,0,1,1
RAQUEL DE JESUS,0,1,1
RAQUEL DEL S,0,1,1
RAQUEL EDUVIGES,0,1,1
RAQUEL ESPERANZ,0,1,1
RAQUELINE,0,1,1
RAQUELLE,0,1,1
RARITZA,0,1,1
RARQUEL,0,1,1
RASALIA,0,1,1
RASALINA,0,1,1
RASHEL,0,1,1
RASHIED,0,1,1
RASIBEL,0,1,1
RASMUS,0,1,1
RASPUTIN,0,1,1
RAUBOYD,0,1,1
RAUDOLFO,0,1,1
RAUDULIO,0,1,1
RAUGH,0,1,1
RAUL AMERICO,0,1,1
RAUL ARNULFO,0,1,1
RAUL FELIX,0,1,1
RAUL MARTIN,0,1,1
RAUL NEFTALY,0,1,1
RAUL RAMON,0,1,1
RAUL ROBERTO,0,1,1
RAUL ROLANDO,0,1,1
RAULY,0,1,1
RAUTILIA,0,1,1
RAVIENDA,0,1,1
RAVINEL,0,1,1
RAVINELL,0,1,1
RAXODIA,0,1,1
RAYBEN,0,1,1
RAYBERT,0,1,1
RAYDOLFO,0,1,1
RAYFORD,0,1,1
RAYM,0,1,1
RAYMACK,0,1,1
RAYMEL,0,1,1
RAYMINDO,0,1,1
RAYNEIRO,0,1,1
RAYNIERIE,0,1,1
RAYNOLD,0,1,1
RAYSANA,0,1,1
RAYSEL,0,1,1
RAYWARD,0,1,1
REA,0,1,1
REAL,0,1,1
REALY,0,1,1
REAMAN,0,1,1
REBAL,0,1,1
REBECA LIZZETTE,0,1,1
REBEGA,0,1,1
REBELIO,0,1,1
REBRESNA,0,1,1
RECARDO,0,1,1
RECARTER,0,1,1
RECARTES,0,1,1
RECELY,0,1,1
RECHELI,0,1,1
RECHIDENE,0,1,1
REDDIT,0,1,1
REDEMPTA,0,1,1
REDENIO,0,1,1
REDERGEDIN,0,1,1
REDIGUNDA,0,1,1
REDILBERTO,0,1,1
REDILIO,0,1,1
REDIMA,0,1,1
REDINA,0,1,1
REDIPINA,0,1,1
REDITH,0,1,1
REDIVER,0,1,1
REDUAN,0,1,1
REDUFIN,0,1,1
REDUGILIO,0,1,1
REDULA,0,1,1
REDULFO,0,1,1
REDUSINDA,0,1,1
REE FERN,0,1,1
REELEY,0,1,1
REENIERI,0,1,1
REFINO,0,1,1
REFRER,0,1,1
REGILDO,0,1,1
REGINE,0,1,1
REGINO ADONIS,0,1,1
REGIZ,0,1,1
REGLEY,0,1,1
REHINALDA,0,1,1
REIËA,0,1,1
REIBEL,0,1,1
REIBOL,0,1,1
REIDIDIO,0,1,1
REIGILIO,0,1,1
REIGNEL,0,1,1
REILY,0,1,1
REILYN,0,1,1
REIMAR,0,1,1
REIMEL,0,1,1
REIMELDA,0,1,1
REIMIGIO,0,1,1
REINA ADELINA,0,1,1
REINA AIDA,0,1,1
REINA AIDE,0,1,1
REINA ALBA,0,1,1
REINA AMANDA,0,1,1
REINA ASENCION,0,1,1
REINA BILVA,0,1,1
REINA BISABEL,0,1,1
REINA BRISELDA,0,1,1
REINA BRUNA,0,1,1
REINA CATEDRA,0,1,1
REINA CONSUELO,0,1,1
REINA CRISTINA,0,1,1
REINA DALILA,0,1,1
REINA DE DIOS,0,1,1
REINA DOMINICA,0,1,1
REINA EMERITA,0,1,1
REINA ESMERALDA,0,1,1
REINA HEDUVIGES,0,1,1
REINA IDALIA,0,1,1
REINA MARIBEL,0,1,1
REINA MARINA,0,1,1
REINA MARTIR,0,1,1
REINA MATILDE,0,1,1
REINA NOEMI,0,1,1
REINA ODALMA,0,1,1
REINA PASTORA,0,1,1
REINA PRISCILA,0,1,1
REINA ROSARIO,0,1,1
REINA TERESA,0,1,1
REINA XIOMARA,0,1,1
REINALDE,0,1,1
REINALDI,0,1,1
REINALDINO,0,1,1
REINALDO',0,1,1
REINALY,0,1,1
REINAS,0,1,1
REINATO,0,1,1
REINECIZ,0,1,1
REINEIRI,0,1,1
REINELL,0,1,1
REINERIOS,0,1,1
REINIL,0,1,1
REINO DE JESUS,0,1,1
REINOLDS,0,1,1
REINOLI,0,1,1
REIRIDER,0,1,1
REIVI,0,1,1
REIYNA,0,1,1
REJINALDA,0,1,1
REJISMUNDO,0,1,1
RELBERTO,0,1,1
RELEY,0,1,1
RELID,0,1,1
RELIE,0,1,1
RELISCE,0,1,1
RELIT,0,1,1
REMAYLA,0,1,1
REMBERT,0,1,1
REMEGILDO,0,1,1
REMENDER,0,1,1
REMIERI,0,1,1
REMIGO,0,1,1
REMINDA,0,1,1
REMINGTON,0,1,1
REMIRA,0,1,1
REMMIEK,0,1,1
REMON,0,1,1
REMVERTO,0,1,1
REMYS,0,1,1
REN XIANG,0,1,1
REN¦N,0,1,1
RENAAN,0,1,1
RENAIRO,0,1,1
RENALTY,0,1,1
RENAN AMOS,0,1,1
RENANDA,0,1,1
RENATA ELOISA,0,1,1
RENATO AUGUSTO,0,1,1
RENATY,0,1,1
RENCE,0,1,1
RENDELIN,0,1,1
RENDER,0,1,1
RENE  AMILCAR,0,1,1
RENE ABRAHAM,0,1,1
RENE AGUSTIN,0,1,1
RENE ARTURO,0,1,1
RENE BACILIO,0,1,1
RENE DANIEL,0,1,1
RENE FRANCISCO,0,1,1
RENE JAVIER,0,1,1
RENE JOVANNY,0,1,1
RENE MARCELINO,0,1,1
RENE MAURICIO,0,1,1
RENE SANTO,0,1,1
RENE WILSON,0,1,1
RENEAU,0,1,1
RENEBRAN,0,1,1
RENEDIS,0,1,1
RENEIDA,0,1,1
RENEIVA,0,1,1
RENELL,0,1,1
RENERYS,0,1,1
RENES,0,1,1
RENESTO,0,1,1
RENETH,0,1,1
RENEYDA,0,1,1
RENIELY,0,1,1
RENIEY,0,1,1
RENIHERI,0,1,1
RENIHERY,0,1,1
RENILIO,0,1,1
RENIRY,0,1,1
RENITA,0,1,1
RENNEL,0,1,1
RENNERY,0,1,1
RENNIERE,0,1,1
RENNIERI,0,1,1
RENNIEY,0,1,1
RENOBIS,0,1,1
RENOVEY,0,1,1
RENTERY,0,1,1
RENUA,0,1,1
RENWOLD,0,1,1
RENYEL,0,1,1
RENZO ROMEO,0,1,1
REOLANDO,0,1,1
REOVAN,0,1,1
REQUENA,0,1,1
RESELDA,0,1,1
RESEMBRIK,0,1,1
RESEMBRIT,0,1,1
RESEMERY,0,1,1
RESENDA,0,1,1
RESENY,0,1,1
RESFA,0,1,1
RESMINDO,0,1,1
RESOLI,0,1,1
RESSBERIN,0,1,1
RESURREPCION,0,1,1
RETULIA,0,1,1
REUBALDO,0,1,1
REUMARY,0,1,1
REUNA ISABEL,0,1,1
REUTILIO,0,1,1
REVA,0,1,1
REVECCA,0,1,1
REVELIO,0,1,1
REVIR,0,1,1
REXEDES,0,1,1
REY DAVID,0,1,1
REY DE FRANCIA,0,1,1
REYDEYLON,0,1,1
REYER,0,1,1
REYES BALTAZAR,0,1,1
REYES DE JESUS,0,1,1
REYES EPIFANIA,0,1,1
REYLENDIZ,0,1,1
REYMERI,0,1,1
REYMERY,0,1,1
REYMOND,0,1,1
REYNA  ANTONIA,0,1,1
REYNA DE LA PAZ,0,1,1
REYNA ELIZABETH,0,1,1
REYNA IRMA,0,1,1
REYNA MARINA,0,1,1
REYNA MERCEDES,0,1,1
REYNA SUYAPA,0,1,1
REYNA TERESA,0,1,1
REYNAI,0,1,1
REYNAIDO,0,1,1
REYNALD,0,1,1
REYNALDI,0,1,1
REYNEEL,0,1,1
REYNEIRO,0,1,1
REYNESIS,0,1,1
REYNEY,0,1,1
REYNIERIE,0,1,1
REYNIRIS,0,1,1
REYNO DANILO,0,1,1
REYNOTH,0,1,1
REYNOTT,0,1,1
REYOS,0,1,1
REYRA,0,1,1
REYSI,0,1,1
RGENTINA,0,1,1
RHADE,0,1,1
RHETTA,0,1,1
RHINALDI,0,1,1
RHODECIA,0,1,1
RHODEL,0,1,1
RIAD FARID,0,1,1
RIAS,0,1,1
RIBAHI,0,1,1
RIBALDI,0,1,1
RIBEIRO,0,1,1
RIBEL,0,1,1
RIBEYRO,0,1,1
RIBONIEL,0,1,1
RIC,0,1,1
RICALMEN,0,1,1
RICARDA IRENE,0,1,1
RICARDIO,0,1,1
RICARDO ADOLFO,0,1,1
RICARDO ALBERTO,0,1,1
RICARDO ANTONIO,0,1,1
RICBART,0,1,1
RICH,0,1,1
RICHEDEAN,0,1,1
RICHELL,0,1,1
RICHELU,0,1,1
RICHERDENE,0,1,1
RICHERSON,0,1,1
RICIERY,0,1,1
RICIO,0,1,1
RICKA,0,1,1
RICKELMY,0,1,1
RICSIA,0,1,1
RICTZ,0,1,1
RIDAL,0,1,1
RIDALGO,0,1,1
RIDAN,0,1,1
RIDERS,0,1,1
RIDGE WILLIAM,0,1,1
RIDGEWAY,0,1,1
RIDLEY,0,1,1
RIDMAIN,0,1,1
RIDONIER,0,1,1
RIEBER,0,1,1
RIEENMER,0,1,1
RIENA SUYAPA,0,1,1
RIENCI,0,1,1
RIENERO,0,1,1
RIFINO,0,1,1
RIGAS,0,1,1
RIGERO,0,1,1
RIGIL,0,1,1
RIGLAN,0,1,1
RIGLO,0,1,1
RIGNER,0,1,1
RIGONEL,0,1,1
RIGOOBERTO,0,1,1
RIGOT,0,1,1
RIGOTH,0,1,1
RIGUEL,0,1,1
RIK,0,1,1
RIKELME,0,1,1
RILANDO,0,1,1
RILEX,0,1,1
RILIAN,0,1,1
RILONDES,0,1,1
RINA ISABEL,0,1,1
RINABETT,0,1,1
RINAEL,0,1,1
RINALDE,0,1,1
RINDELL,0,1,1
RINET,0,1,1
RINS,0,1,1
RINZO,0,1,1
RIODO,0,1,1
RIOLBINO,0,1,1
RIOSCELINDA,0,1,1
RIPARTH,0,1,1
RIPDI,0,1,1
RIQUENDY,0,1,1
RISELDI,0,1,1
RISELIO,0,1,1
RISET,0,1,1
RISI,0,1,1
RISIERI,0,1,1
RISIN,0,1,1
RISSELDA,0,1,1
RISSIERI,0,1,1
RITA CONCEPCION,0,1,1
RITA DEL CARMEN,0,1,1
RITA ESPERANZA,0,1,1
RITA JUDIT,0,1,1
RITA MAGDALENA,0,1,1
RITA SOCORRO,0,1,1
RITA YISSEL,0,1,1
RITCHER,0,1,1
RITZIA,0,1,1
RITZZE,0,1,1
RIUBALDO,0,1,1
RIUBI,0,1,1
RIUMARA,0,1,1
RIVAL,0,1,1
RIVALINO,0,1,1
RIVEL,0,1,1
RIVELINA,0,1,1
RIVERCID,0,1,1
RIVERSID,0,1,1
RIVETH,0,1,1
RIVIERO,0,1,1
RIVY,0,1,1
RIXCI,0,1,1
RIXES,0,1,1
RIXIVELH,0,1,1
RLIZABETH,0,1,1
RNESTO,0,1,1
ROADER,0,1,1
ROARI,0,1,1
ROASMEL,0,1,1
ROBALO,0,1,1
ROBANI,0,1,1
ROBARTO,0,1,1
ROBCELY,0,1,1
ROBDEL,0,1,1
ROBEERTO,0,1,1
ROBELINO,0,1,1
ROBELIO ALEX,0,1,1
ROBELIS,0,1,1
ROBELIX,0,1,1
ROBELY,0,1,1
ROBEMAN,0,1,1
ROBENI,0,1,1
ROBENIA,0,1,1
ROBER  RICHARD,0,1,1
ROBERES,0,1,1
ROBERI,0,1,1
ROBERIS,0,1,1
ROBERLANDO,0,1,1
ROBERLY,0,1,1
ROBERT LOUIS,0,1,1
ROBERT SIDNEY,0,1,1
ROBERTILA,0,1,1
ROBERTILIO,0,1,1
ROBERTILLO,0,1,1
ROBERTO  RAMON,0,1,1
ROBERTO AARON,0,1,1
ROBERTO ABSALON,0,1,1
ROBERTO ALEXAND,0,1,1
ROBERTO AVILIO,0,1,1
ROBERTO BISHARA,0,1,1
ROBERTO DE MELQ,0,1,1
ROBERTO EROLDO,0,1,1
ROBERTO GAILER,0,1,1
ROBERTO H,0,1,1
ROBERTO JESUS,0,1,1
ROBERTO LONEL,0,1,1
ROBERTO},0,1,1
ROBERTS,0,1,1
ROBERTTO,0,1,1
ROBERVERTO,0,1,1
ROBERVIL,0,1,1
ROBERYS,0,1,1
ROBESLY,0,1,1
ROBESNO,0,1,1
ROBETRYO,0,1,1
ROBEX,0,1,1
ROBIDEL,0,1,1
ROBIDIA,0,1,1
ROBILDO,0,1,1
ROBILSON,0,1,1
ROBINO,0,1,1
ROBIZON,0,1,1
ROBLADO,0,1,1
ROBLAN,0,1,1
ROBSANI,0,1,1
ROBZANA,0,1,1
ROC DANIEL,0,1,1
ROCAFAT,0,1,1
ROCELIN,0,1,1
ROCELITH,0,1,1
ROCELYN,0,1,1
ROCEMY,0,1,1
ROCETA,0,1,1
ROCEY,0,1,1
ROCHEL,0,1,1
ROCHINA,0,1,1
ROCIBELT,0,1,1
ROCIBET,0,1,1
ROCINI,0,1,1
ROCIO ISABEL,0,1,1
ROCIO MARCELA,0,1,1
ROCIO YAMILET,0,1,1
ROCITA,0,1,1
ROCIVEL,0,1,1
ROCK FORD,0,1,1
ROCKCHELL,0,1,1
ROCKEFFELLER,0,1,1
ROCSANI,0,1,1
ROCSEL,0,1,1
ROCSI,0,1,1
ROCTEL,0,1,1
RODADIN,0,1,1
RODAL,0,1,1
RODALBERTO,0,1,1
RODALIA,0,1,1
RODALMIN,0,1,1
RODAME,0,1,1
RODAMEZ,0,1,1
RODAMINS,0,1,1
RODANEX,0,1,1
RODANY,0,1,1
RODDYN,0,1,1
RODECIA,0,1,1
RODEE,0,1,1
RODELLA,0,1,1
RODELMAN,0,1,1
RODEMILIO,0,1,1
RODEMIR,0,1,1
RODENA,0,1,1
RODERECK,0,1,1
RODERTO,0,1,1
RODESLY,0,1,1
RODESMAN,0,1,1
RODESMI,0,1,1
RODESNA,0,1,1
RODESTILIO,0,1,1
RODESY,0,1,1
RODEXA,0,1,1
RODHAMES,0,1,1
RODIBE,0,1,1
RODIBERT,0,1,1
RODICK,0,1,1
RODILFO,0,1,1
RODILICIA,0,1,1
RODILO,0,1,1
RODILSO,0,1,1
RODIM,0,1,1
RODIMIL,0,1,1
RODIMILDIO,0,1,1
RODIMIRES,0,1,1
RODIMY,0,1,1
RODINDER,0,1,1
RODINGNO,0,1,1
RODINIO,0,1,1
RODIVERT,0,1,1
RODIVETH,0,1,1
RODIVIER,0,1,1
RODMERI,0,1,1
RODNEG,0,1,1
RODOLFINO,0,1,1
RODOLFO ANTONIO,0,1,1
RODOLFO LUTFI,0,1,1
RODONEL,0,1,1
RODORID,0,1,1
RODREY,0,1,1
RODRIGE,0,1,1
RODRIGO ARTURO,0,1,1
RODRIGO JOSE,0,1,1
RODRIGUE,0,1,1
RODUVIN,0,1,1
RODY ALEXIS,0,1,1
ROEBLING,0,1,1
ROELAM,0,1,1
ROELIO,0,1,1
ROELLA,0,1,1
ROEMEL,0,1,1
ROEMIN,0,1,1
ROENA,0,1,1
ROENEL,0,1,1
ROENI,0,1,1
ROERIT,0,1,1
ROERMAN,0,1,1
ROESMEL,0,1,1
ROESTIN,0,1,1
ROFANA,0,1,1
ROFCELY,0,1,1
ROFFLY,0,1,1
ROFINA,0,1,1
ROGACION,0,1,1
ROGDANY,0,1,1
ROGEF,0,1,1
ROGELI,0,1,1
ROGELIO RODRIGO,0,1,1
ROGELL,0,1,1
ROGELLA,0,1,1
ROGEMI,0,1,1
ROGER IBRAHIN,0,1,1
ROGERS IBRAHIM,0,1,1
ROGNE,0,1,1
ROGUILIO,0,1,1
ROHDNY,0,1,1
ROHILIN,0,1,1
ROHIS,0,1,1
ROHOMER,0,1,1
ROIDA MY,0,1,1
ROIDAN,0,1,1
ROILEY,0,1,1
ROINEL,0,1,1
ROISANE,0,1,1
ROISMABEL,0,1,1
ROISMEL,0,1,1
ROISSEN,0,1,1
ROIY,0,1,1
ROJES,0,1,1
ROJILDO,0,1,1
ROKEER,0,1,1
ROKELY,0,1,1
ROKIE,0,1,1
ROKII,0,1,1
ROKSANIA,0,1,1
ROLANDEZ,0,1,1
ROLANDI,0,1,1
ROLANDO SANTOS,0,1,1
ROLANDY,0,1,1
ROLDANI,0,1,1
ROLDANY,0,1,1
ROLDON,0,1,1
ROLENI,0,1,1
ROLENS,0,1,1
ROLENY,0,1,1
ROLGUER,0,1,1
ROLLAND,0,1,1
ROLLE,0,1,1
ROLLO,0,1,1
ROLNADO,0,1,1
ROMAHYN,0,1,1
ROMALIX,0,1,1
ROMAM,0,1,1
ROMAN TOMAS,0,1,1
ROMANELY,0,1,1
ROMANIA,0,1,1
ROMAR,0,1,1
ROMARI,0,1,1
ROMAX,0,1,1
ROMAY,0,1,1
ROMBEL,0,1,1
ROMBER,0,1,1
ROMELIS,0,1,1
ROMELY,0,1,1
ROMENA,0,1,1
ROMERIO,0,1,1
ROMERIZ,0,1,1
ROMERYS,0,1,1
ROMES,0,1,1
ROMEYDA,0,1,1
ROMFO,0,1,1
ROMIDIA,0,1,1
ROMIEL,0,1,1
ROMILDE,0,1,1
ROMMALDO,0,1,1
ROMMEL ROLANDO,0,1,1
ROMMELLY,0,1,1
ROMNEY,0,1,1
ROMUNDA,0,1,1
RONAID,0,1,1
RONAIN,0,1,1
RONALDE,0,1,1
RONALIDIO,0,1,1
RONANDO,0,1,1
RONATAN,0,1,1
RONAYN,0,1,1
RONCEL,0,1,1
RONDAN,0,1,1
RONDOL,0,1,1
RONELD,0,1,1
RONELIO,0,1,1
RONELLE,0,1,1
RONENY,0,1,1
RONERI,0,1,1
RONERTO,0,1,1
RONET,0,1,1
RONETH,0,1,1
RONEZ,0,1,1
RONFERY,0,1,1
RONFORD,0,1,1
RONG KANG,0,1,1
RONI ROLANDO,0,1,1
RONI WILMER,0,1,1
RONIEE,0,1,1
RONINUE,0,1,1
RONMIES,0,1,1
RONNALY,0,1,1
RONNIERY,0,1,1
RONNY DOMINGO,0,1,1
RONOL,0,1,1
RONOLDY,0,1,1
RONOWEL,0,1,1
RONOY,0,1,1
RONSON,0,1,1
RONULDO,0,1,1
ROOMERY,0,1,1
ROONET,0,1,1
ROOS MARY,0,1,1
ROOSBELL,0,1,1
ROOSEEBELT,0,1,1
ROOSENVELT,0,1,1
ROOSEVETT,0,1,1
ROOSIBET,0,1,1
ROOSMERY,0,1,1
ROOSWELL,0,1,1
ROOTH,0,1,1
ROQUE MARIA,0,1,1
ROQUELI,0,1,1
ROQUENBEY,0,1,1
ROQUIN,0,1,1
RORDAN,0,1,1
RORINEI,0,1,1
ROSA   CRUZ,0,1,1
ROSA   ELENA,0,1,1
ROSA  ABEL,0,1,1
ROSA  ALVA,0,1,1
ROSA  ANA,0,1,1
ROSA  NEREIDA,0,1,1
ROSA  ONDINA,0,1,1
ROSA  OSMAR,0,1,1
ROSA  PAULA,0,1,1
ROSA ACELA,0,1,1
ROSA ADALID,0,1,1
ROSA ALBERTO,0,1,1
ROSA ALBINA,0,1,1
ROSA ALEJANDRA,0,1,1
ROSA ALPINA,0,1,1
ROSA AMERICANA,0,1,1
ROSA ANGEL,0,1,1
ROSA ANGELA,0,1,1
ROSA ANTONIA,0,1,1
ROSA ARELY,0,1,1
ROSA ARISTIDA,0,1,1
ROSA ASFIRE,0,1,1
ROSA ASUNCION,0,1,1
ROSA BEATRIZ,0,1,1
ROSA BELINDA,0,1,1
ROSA BERNARDA,0,1,1
ROSA BETY,0,1,1
ROSA BILMA,0,1,1
ROSA CANDELARIA,0,1,1
ROSA CARMELA,0,1,1
ROSA CARMINDA,0,1,1
ROSA CATALINA,0,1,1
ROSA DE SIMA,0,1,1
ROSA DEISY,0,1,1
ROSA DELIA DEL,0,1,1
ROSA DELMI,0,1,1
ROSA DILIA,0,1,1
ROSA DILMA,0,1,1
ROSA DONATILA,0,1,1
ROSA DULIA,0,1,1
ROSA EDELMIRA,0,1,1
ROSA EDITH,0,1,1
ROSA EDUVIGES,0,1,1
ROSA ELA,0,1,1
ROSA ELBIRA,0,1,1
ROSA ELEA,0,1,1
ROSA ELIAQUIN,0,1,1
ROSA ELVA,0,1,1
ROSA EMERITA,0,1,1
ROSA ERENIA,0,1,1
ROSA ERLINDA,0,1,1
ROSA ESTER,0,1,1
ROSA EUSEBIA,0,1,1
ROSA FELICITA,0,1,1
ROSA FILOMENA,0,1,1
ROSA GAMILDA,0,1,1
ROSA GLENIA,0,1,1
ROSA HAYDEE,0,1,1
ROSA HELIA,0,1,1
ROSA HERMINIA,0,1,1
ROSA HILDA,0,1,1
ROSA IMELDA,0,1,1
ROSA IRIS,0,1,1
ROSA IRMA,0,1,1
ROSA ISBELA,0,1,1
ROSA ISMELINA,0,1,1
ROSA IVE,0,1,1
ROSA IVETHE,0,1,1
ROSA IVONA,0,1,1
ROSA JULIA,0,1,1
ROSA JUVENTINA,0,1,1
ROSA LASTENIA,0,1,1
ROSA LILIAMS,0,1,1
ROSA LUX,0,1,1
ROSA MAGDALENA,0,1,1
ROSA MALIA,0,1,1
ROSA MARGOT,0,1,1
ROSA MARI,0,1,1
ROSA MARIBEL,0,1,1
ROSA MARICELA,0,1,1
ROSA MAURA,0,1,1
ROSA MELVA,0,1,1
ROSA MERCEDES,0,1,1
ROSA MERIDA,0,1,1
ROSA MIRTALA,0,1,1
ROSA NEVIS,0,1,1
ROSA NIEVE,0,1,1
ROSA NOELVIS,0,1,1
ROSA NOEMI,0,1,1
ROSA ODILIA,0,1,1
ROSA ONDINA,0,1,1
ROSA ORBELINA,0,1,1
ROSA RODAS,0,1,1
ROSA ROMILA,0,1,1
ROSA SALOME,0,1,1
ROSA SARAI,0,1,1
ROSA TOMASA DE,0,1,1
ROSA VELINDA,0,1,1
ROSA VICTORIA,0,1,1
ROSA VIRGINIA,0,1,1
ROSA YANETS,0,1,1
ROSAANA,0,1,1
ROSABAL,0,1,1
ROSABETH,0,1,1
ROSABETY,0,1,1
ROSACRUZ,0,1,1
ROSADYN,0,1,1
ROSAELA,0,1,1
ROSAGEL,0,1,1
ROSAGNI,0,1,1
ROSAGNY,0,1,1
ROSAHELIA,0,1,1
ROSAIDALIA,0,1,1
ROSAINA,0,1,1
ROSAIRA,0,1,1
ROSALEN,0,1,1
ROSALIA DEL S,0,1,1
ROSALININ,0,1,1
ROSALINY,0,1,1
ROSALIU,0,1,1
ROSALIZ,0,1,1
ROSALLA,0,1,1
ROSALLIN,0,1,1
ROSAMIRIAM,0,1,1
ROSAMNE,0,1,1
ROSAMUNDA,0,1,1
ROSAMY,0,1,1
ROSANE,0,1,1
ROSANELIA,0,1,1
ROSANELIS,0,1,1
ROSANJEL,0,1,1
ROSANNI,0,1,1
ROSANO,0,1,1
ROSAQUEL,0,1,1
ROSAREA,0,1,1
ROSARELY,0,1,1
ROSARIO BERNABE,0,1,1
ROSARIO CARMEN,0,1,1
ROSARIO DE L,0,1,1
ROSARIO DOLORES,0,1,1
ROSARIO FATIMA,0,1,1
ROSARIO LUZ,0,1,1
ROSARIO ROMELIA,0,1,1
ROSARIS,0,1,1
ROSATA,0,1,1
ROSAYDA,0,1,1
ROSBELH,0,1,1
ROSBELINA,0,1,1
ROSBENA,0,1,1
ROSBERY,0,1,1
ROSBITA,0,1,1
ROSCELINA,0,1,1
ROSDMAN,0,1,1
ROSDON,0,1,1
ROSE  WELT,0,1,1
ROSE CELA,0,1,1
ROSE ORLA,0,1,1
ROSEANA,0,1,1
ROSEBELL,0,1,1
ROSEBELTO,0,1,1
ROSEBELY,0,1,1
ROSEDELI,0,1,1
ROSEDITH,0,1,1
ROSEE,0,1,1
ROSEEMBEL,0,1,1
ROSEHLA,0,1,1
ROSEIRA,0,1,1
ROSELBY,0,1,1
ROSELD,0,1,1
ROSELDO,0,1,1
ROSELES,0,1,1
ROSELIA SANTOS,0,1,1
ROSELIDA,0,1,1
ROSELING,0,1,1
ROSELINO,0,1,1
ROSELITO,0,1,1
ROSELLO,0,1,1
ROSELT,0,1,1
ROSELYA,0,1,1
ROSEMA,0,1,1
ROSEMBERTH,0,1,1
ROSEN VELT,0,1,1
ROSENBEL,0,1,1
ROSENBER,0,1,1
ROSENDO ANGEL,0,1,1
ROSENI,0,1,1
ROSENIS,0,1,1
ROSENWELT,0,1,1
ROSERIY,0,1,1
ROSESCE,0,1,1
ROSESIANA,0,1,1
ROSETHA,0,1,1
ROSEVELB,0,1,1
ROSEVIK,0,1,1
ROSEYLLA,0,1,1
ROSEYRA,0,1,1
ROSHEALLIE,0,1,1
ROSIBELBY,0,1,1
ROSIBELDA,0,1,1
ROSIBELLY,0,1,1
ROSIBELTI,0,1,1
ROSIBETT,0,1,1
ROSIBEY,0,1,1
ROSICELY,0,1,1
ROSIDARIS,0,1,1
ROSIDARYS,0,1,1
ROSIDELY,0,1,1
ROSIEL,0,1,1
ROSIGUINY,0,1,1
ROSILAN,0,1,1
ROSILEN,0,1,1
ROSILENY,0,1,1
ROSILYN,0,1,1
ROSINDA ANABEL,0,1,1
ROSINDA MARIA,0,1,1
ROSINEL,0,1,1
ROSISBEL,0,1,1
ROSITA MYRTLE,0,1,1
ROSIZELA,0,1,1
ROSLEE,0,1,1
ROSMANY,0,1,1
ROSMARIA,0,1,1
ROSMEREY,0,1,1
ROSMERIA,0,1,1
ROSMERIE,0,1,1
ROSMERIZ,0,1,1
ROSMET,0,1,1
ROSMIH,0,1,1
ROSMINI,0,1,1
ROSNALDO,0,1,1
ROSNARY,0,1,1
ROSNEIDA,0,1,1
ROSNELLY,0,1,1
ROSNIELDS,0,1,1
ROSSALBA,0,1,1
ROSSALIA,0,1,1
ROSSALINA,0,1,1
ROSSALY,0,1,1
ROSSAMERY,0,1,1
ROSSAMNA,0,1,1
ROSSANE,0,1,1
ROSSBELY,0,1,1
ROSSE MARY,0,1,1
ROSSEBELL,0,1,1
ROSSEBET,0,1,1
ROSSEI,0,1,1
ROSSELDY,0,1,1
ROSSELIS,0,1,1
ROSSELLI,0,1,1
ROSSELVI,0,1,1
ROSSELYN,0,1,1
ROSSENI,0,1,1
ROSSEVELTT,0,1,1
ROSSIBELLT,0,1,1
ROSSIBELY,0,1,1
ROSSIERY,0,1,1
ROSSILYN,0,1,1
ROSSINATH,0,1,1
ROSSITEL,0,1,1
ROSSLY,0,1,1
ROSSMERI,0,1,1
ROSSNEY,0,1,1
ROSSTON,0,1,1
ROSSUELL,0,1,1
ROSSYDALIA,0,1,1
ROSUANA,0,1,1
ROSULO,0,1,1
ROSUSTIANO,0,1,1
ROSVELINDA,0,1,1
ROSVELY,0,1,1
ROSWELLI,0,1,1
ROSWINDYS,0,1,1
ROSXANA,0,1,1
ROSY MARY,0,1,1
ROSYBEEL,0,1,1
ROSYBETH,0,1,1
ROSYCELA,0,1,1
ROSYDANIA,0,1,1
ROSYDEL,0,1,1
ROSYE,0,1,1
ROSYLEE,0,1,1
ROSYLIN,0,1,1
ROSYSELA,0,1,1
ROSYSELY,0,1,1
ROTBELY,0,1,1
ROTLAN,0,1,1
ROTULIO,0,1,1
ROUBER,0,1,1
ROUCIB,0,1,1
ROUFERT,0,1,1
ROUSEBELTH,0,1,1
ROUSEMBERTH,0,1,1
ROUSEVELT,0,1,1
ROUSS,0,1,1
ROUTH,0,1,1
ROVANI,0,1,1
ROVANY,0,1,1
ROVELIN,0,1,1
ROVENA,0,1,1
ROVERIS,0,1,1
ROVERLIN,0,1,1
ROVERTI,0,1,1
ROVERTIS,0,1,1
ROVEY,0,1,1
ROVINCELY,0,1,1
ROVINS,0,1,1
ROVIS ARMANDO,0,1,1
ROVISELY,0,1,1
ROWAN,0,1,1
ROWDY,0,1,1
ROWHINA,0,1,1
ROWINSON,0,1,1
ROWLEY,0,1,1
ROWVAN,0,1,1
ROXALY,0,1,1
ROXAMNA,0,1,1
ROXANA LUISA,0,1,1
ROXANA MERCEDES,0,1,1
ROXANA YAMILETH,0,1,1
ROXANDER,0,1,1
ROXANING,0,1,1
ROXANIS,0,1,1
ROXANNY,0,1,1
ROXBERIS,0,1,1
ROXDAN,0,1,1
ROXDANIZ,0,1,1
ROXELES,0,1,1
ROXELL,0,1,1
ROXELLY,0,1,1
ROXSANI,0,1,1
ROXSANIY,0,1,1
ROXSENIX,0,1,1
ROXSIBEL,0,1,1
ROXSNY,0,1,1
ROY DELBER,0,1,1
ROY ISAU,0,1,1
ROY JAVIER,0,1,1
ROY NEIL,0,1,1
ROYBEL,0,1,1
ROYDELBEL,0,1,1
ROYINA,0,1,1
ROYLI,0,1,1
ROYNER,0,1,1
ROYNERI,0,1,1
ROZALIO,0,1,1
ROZANI,0,1,1
ROZANNE,0,1,1
ROZARIO,0,1,1
ROZSANA,0,1,1
ROZZANA,0,1,1
RQUEL,0,1,1
RRIGOBERTO,0,1,1
RUAN,0,1,1
RUAND,0,1,1
RUB MARIBEL,0,1,1
RUBALCAR,0,1,1
RUBALDO,0,1,1
RUBANI,0,1,1
RUBBERONICA,0,1,1
RUBBI,0,1,1
RUBBINA,0,1,1
RUBEF,0,1,1
RUBEIDA,0,1,1
RUBELINDO,0,1,1
RUBELVINDA,0,1,1
RUBELY,0,1,1
RUBEN ALEJANDRO,0,1,1
RUBEN ALONSO,0,1,1
RUBEN DARIO,0,1,1
RUBEN ENRIQUE,0,1,1
RUBEN ROBERTO,0,1,1
RUBENA,0,1,1
RUBENARES,0,1,1
RUBENCINA,0,1,1
RUBENCINDO,0,1,1
RUBENI,0,1,1
RUBENIA FELIPA,0,1,1
RUBENTIN,0,1,1
RUBERLI,0,1,1
RUBERNAL,0,1,1
RUBERSO,0,1,1
RUBERTH,0,1,1
RUBERY,0,1,1
RUBET,0,1,1
RUBI DELIA,0,1,1
RUBI ESPERANZA,0,1,1
RUBI MARIA,0,1,1
RUBIB,0,1,1
RUBIBEL,0,1,1
RUBICELA,0,1,1
RUBIDALMY,0,1,1
RUBIDELIA,0,1,1
RUBIDELMY,0,1,1
RUBIDY,0,1,1
RUBIELA,0,1,1
RUBIERI,0,1,1
RUBIGNA,0,1,1
RUBILE,0,1,1
RUBILEXIS,0,1,1
RUBILI,0,1,1
RUBILT,0,1,1
RUBILY,0,1,1
RUBINAKDO,0,1,1
RUBINELIO,0,1,1
RUBINSO,0,1,1
RUBIRIS,0,1,1
RUBIS BETY,0,1,1
RUBISELA,0,1,1
RUBISTEIN,0,1,1
RUBITAN,0,1,1
RUBITE,0,1,1
RUBITT,0,1,1
RUBIX,0,1,1
RUBIZ,0,1,1
RUBIZETH,0,1,1
RUBLINO,0,1,1
RUBY  DALE,0,1,1
RUC,0,1,1
RUCETH,0,1,1
RUCHYINA,0,1,1
RUCSEL,0,1,1
RUCTILIA,0,1,1
RUDALIA,0,1,1
RUDAMAS,0,1,1
RUDBE,0,1,1
RUDBELINDA,0,1,1
RUDBINDA,0,1,1
RUDDELIA,0,1,1
RUDELL,0,1,1
RUDERICO,0,1,1
RUDESMI,0,1,1
RUDESMY,0,1,1
RUDIBELL,0,1,1
RUDIERI,0,1,1
RUDIERIZ,0,1,1
RUDIH,0,1,1
RUDIL,0,1,1
RUDILFIDO,0,1,1
RUDILH,0,1,1
RUDIMEL,0,1,1
RUDINEL,0,1,1
RUDISS,0,1,1
RUDITH FEDERICO,0,1,1
RUDIX,0,1,1
RUDOLFH,0,1,1
RUDYD,0,1,1
RUEBEN,0,1,1
RUFIA,0,1,1
RUFINA DE JESUS,0,1,1
RUFINA MALIA,0,1,1
RUFINO DE JESUS,0,1,1
RUFINO ELIAS,0,1,1
RUFINO FIDENCIO,0,1,1
RUFINO SECUNDO,0,1,1
RUFO DARIO,0,1,1
RUGELIO,0,1,1
RUHANA,0,1,1
RUHANI,0,1,1
RUHTVINA,0,1,1
RUHTYINI,0,1,1
RUIBERTO,0,1,1
RUJO,0,1,1
RULAN,0,1,1
RULBINDA,0,1,1
RULDILIO,0,1,1
RULET,0,1,1
RULETIO,0,1,1
RULETTA,0,1,1
RULIER,0,1,1
RULILIAN,0,1,1
RULINA,0,1,1
RULIO,0,1,1
RULITIA,0,1,1
RULLENE,0,1,1
RULLETH,0,1,1
RUMALDU,0,1,1
RUMAN,0,1,1
RUMARIS,0,1,1
RUMENIA,0,1,1
RUMENIN,0,1,1
RUMENIPT,0,1,1
RUMENY,0,1,1
RUMERIS,0,1,1
RUMERY,0,1,1
RUMILDE,0,1,1
RUMINDA,0,1,1
RUMINO,0,1,1
RUMIRIA,0,1,1
RUMMEL,0,1,1
RUMUILDA,0,1,1
RUMULDA,0,1,1
RUN,0,1,1
RUN CENG,0,1,1
RUNDOF,0,1,1
RUNEILDA,0,1,1
RUNIRE,0,1,1
RUNUALDO,0,1,1
RUPE,0,1,1
RUPER,0,1,1
RUPFORD,0,1,1
RUPHERT,0,1,1
RUPILIO,0,1,1
RUPINDA,0,1,1
RUPT,0,1,1
RUPY,0,1,1
RURIES,0,1,1
RURTH,0,1,1
RUSBEEL,0,1,1
RUSBELEA,0,1,1
RUSBITH,0,1,1
RUSDAHEL,0,1,1
RUSDENY,0,1,1
RUSELA,0,1,1
RUSELINA,0,1,1
RUSENA,0,1,1
RUSERIE,0,1,1
RUSETH,0,1,1
RUSHDAEL,0,1,1
RUSTEL,0,1,1
RUSVALDO,0,1,1
RUSVINDA,0,1,1
RUSYARD,0,1,1
RUT AUDELI,0,1,1
RUT SALOME,0,1,1
RUTBERY,0,1,1
RUTBETY,0,1,1
RUTBILHA,0,1,1
RUTBY,0,1,1
RUTC,0,1,1
RUTE,0,1,1
RUTEHNY,0,1,1
RUTEI,0,1,1
RUTFINA,0,1,1
RUTH BELINDA,0,1,1
RUTH CELINA,0,1,1
RUTH CILIA,0,1,1
RUTH DEL CARMEN,0,1,1
RUTH ELIZABETH,0,1,1
RUTH ESTER,0,1,1
RUTH JANETH,0,1,1
RUTH JOVINA,0,1,1
RUTH LETICIA,0,1,1
RUTH MERY,0,1,1
RUTH NOHEMY,0,1,1
RUTH VANESSA,0,1,1
RUTHALEE,0,1,1
RUTHBEEL,0,1,1
RUTHBELY,0,1,1
RUTHBERY,0,1,1
RUTHDY,0,1,1
RUTHE,0,1,1
RUTHEL,0,1,1
RUTHLING,0,1,1
RUTHLYN,0,1,1
RUTHMARY,0,1,1
RUTHYINA,0,1,1
RUTIBEL,0,1,1
RUTIL,0,1,1
RUTILIA RUTH,0,1,1
RUTINA,0,1,1
RUTINIO,0,1,1
RUTMAN,0,1,1
RUTVELY,0,1,1
RUTZ,0,1,1
RUVELVIR,0,1,1
RUVENA,0,1,1
RUVERTI,0,1,1
RUVESINDA,0,1,1
RUVETINA,0,1,1
RUVIC,0,1,1
RUVID,0,1,1
RUVINALDO,0,1,1
RUVINANDO,0,1,1
RUVINIA,0,1,1
RUVIX,0,1,1
RUXTILIA,0,1,1
RUYE,0,1,1
RUZENA,0,1,1
RUZZ,0,1,1
RYDER,0,1,1
S DE CRISTO,0,1,1
S DEL SOCORRO,0,1,1
S MODESTO,0,1,1
SAAD,0,1,1
SAADIK,0,1,1
SAADIT,0,1,1
SAADITH,0,1,1
SAAHID,0,1,1
SAARAIM,0,1,1
SABAH,0,1,1
SABAIN,0,1,1
SABAS ANTONIO,0,1,1
SABAS PAULA,0,1,1
SABEC,0,1,1
SABEDIO,0,1,1
SABEIDE,0,1,1
SABEIDES SANTOS,0,1,1
SABEISA,0,1,1
SABELIS,0,1,1
SABELL,0,1,1
SABETH,0,1,1
SABIES,0,1,1
SABIL,0,1,1
SABINA ELMIRA,0,1,1
SABINE,0,1,1
SABINOI,0,1,1
SABLIME,0,1,1
SABRISKI,0,1,1
SABRISKIE,0,1,1
SABULON,0,1,1
SABUR,0,1,1
SACAHI,0,1,1
SACHAREL,0,1,1
SACRISTAN,0,1,1
SACUNDINA,0,1,1
SADAC,0,1,1
SADALI,0,1,1
SADALINDA,0,1,1
SADAR,0,1,1
SADARI,0,1,1
SADARY,0,1,1
SADELFA,0,1,1
SADET,0,1,1
SADHI,0,1,1
SADHIT,0,1,1
SADIA  ESTER,0,1,1
SADIB,0,1,1
SADICEP,0,1,1
SADIED,0,1,1
SADIER,0,1,1
SADIH,0,1,1
SADIHT,0,1,1
SADIR,0,1,1
SADITSA,0,1,1
SADIV,0,1,1
SADMIR,0,1,1
SADOHT,0,1,1
SADORIBEL,0,1,1
SADRAT,0,1,1
SADRID,0,1,1
SADRIT,0,1,1
SADROC,0,1,1
SADUBER,0,1,1
SADY FRANCISCO,0,1,1
SADY MAUDIL,0,1,1
SADYT,0,1,1
SAEDY,0,1,1
SAEE,0,1,1
SAEED,0,1,1
SAELI,0,1,1
SAENEZ,0,1,1
SAETH,0,1,1
SAGAON,0,1,1
SAGARRIO,0,1,1
SAGAS,0,1,1
SAGED,0,1,1
SAGIT,0,1,1
SAGNARIO,0,1,1
SAGONIA,0,1,1
SAGOT,0,1,1
SAGOTH,0,1,1
SAGRADY,0,1,1
SAGRARIO',0,1,1
SAGRID,0,1,1
SAGRIT,0,1,1
SAGROFILA,0,1,1
SAHAD,0,1,1
SAHADIN,0,1,1
SAHAMIR,0,1,1
SAHAMIRA,0,1,1
SAHAR,0,1,1
SAHARA ISABEL,0,1,1
SAHARAY,0,1,1
SAHARINA,0,1,1
SAHARY,0,1,1
SAHAYANARA,0,1,1
SAHIL,0,1,1
SAHINA,0,1,1
SAHIRD,0,1,1
SAHIRS,0,1,1
SAHITO,0,1,1
SAHORI,0,1,1
SAHUL,0,1,1
SAHY,0,1,1
SAIB,0,1,1
SAIBE,0,1,1
SAICION,0,1,1
SAII,0,1,1
SAIK,0,1,1
SAILER,0,1,1
SAIM,0,1,1
SAINIA,0,1,1
SAIRON,0,1,1
SAITH,0,1,1
SAIX,0,1,1
SAJETT,0,1,1
SAKEL,0,1,1
SAKI,0,1,1
SAKIRI,0,1,1
SALAAL,0,1,1
SALAH,0,1,1
SALAIN,0,1,1
SALALIEL,0,1,1
SALAMANCA,0,1,1
SALANI,0,1,1
SALANJE,0,1,1
SALASARIO,0,1,1
SALASTIANA,0,1,1
SALATIELH,0,1,1
SALATIL,0,1,1
SALAXZEL,0,1,1
SALAY,0,1,1
SALBITAS,0,1,1
SALCHIN,0,1,1
SALDAREZ,0,1,1
SALDHARIS,0,1,1
SALEHY,0,1,1
SALEMY,0,1,1
SALEN,0,1,1
SALENIA,0,1,1
SALETH,0,1,1
SALEXY,0,1,1
SALIBA,0,1,1
SALIESER,0,1,1
SALIMA,0,1,1
SALINDA,0,1,1
SALINEZ,0,1,1
SALING,0,1,1
SALISA,0,1,1
SALLY ANN,0,1,1
SALMAHI,0,1,1
SALMO TITO,0,1,1
SALOME MIDIES,0,1,1
SALOME ONDINA,0,1,1
SALOMON MOISES,0,1,1
SALONI,0,1,1
SALUZTIANO,0,1,1
SALVADO,0,1,1
SALVADOR ENRIQU,0,1,1
SALVADOR RAMON,0,1,1
SALVADORINA,0,1,1
SALVADRO,0,1,1
SALVATORE,0,1,1
SALVATORY,0,1,1
SALVELIA,0,1,1
SALVINO,0,1,1
SALVITA,0,1,1
SALWA,0,1,1
SALWSTRO,0,1,1
SAMADAR,0,1,1
SAMADI,0,1,1
SAMAELA,0,1,1
SAMALIEL,0,1,1
SAMANTTA,0,1,1
SAMANTY,0,1,1
SAMANUEL,0,1,1
SAMARITA,0,1,1
SAMAYOA,0,1,1
SAMBULA,0,1,1
SAMEDITH,0,1,1
SAMEK,0,1,1
SAMEL,0,1,1
SAMELIA,0,1,1
SAMI YHAIR,0,1,1
SAMILEY,0,1,1
SAMILL,0,1,1
SAMIR JENNIFER,0,1,1
SAMIRIA,0,1,1
SAMIRYS,0,1,1
SAMITH,0,1,1
SAMITO,0,1,1
SAMNUEL,0,1,1
SAMTOS,0,1,1
SAMUEL ARTURO,0,1,1
SAMUEL DE JESUS,0,1,1
SAMYR,0,1,1
SAN CARLOS,0,1,1
SAN DIEGA,0,1,1
SAN FU,0,1,1
SAN ISABEL,0,1,1
SAN RAMON,0,1,1
SAN ROMAN,0,1,1
SANADRIANA,0,1,1
SANAH,0,1,1
SANAI,0,1,1
SANAIRA,0,1,1
SANAYA,0,1,1
SANAYDA,0,1,1
SANDAL,0,1,1
SANDALI,0,1,1
SANDALIA,0,1,1
SANDHAL,0,1,1
SANDIEL,0,1,1
SANDIETH,0,1,1
SANDILAN,0,1,1
SANDRA ARACELY,0,1,1
SANDRA DELIA,0,1,1
SANDRA ELISABET,0,1,1
SANDRA FIDELINA,0,1,1
SANDRA LAURA,0,1,1
SANDRA LETICIA,0,1,1
SANDRA LISETH,0,1,1
SANDRA LIZETH,0,1,1
SANDRA MARITZA,0,1,1
SANDRA NELY,0,1,1
SANDRA TERESA,0,1,1
SANDRA YAMILET,0,1,1
SANDRA YAMILETH,0,1,1
SANDRELIC,0,1,1
SANDRINO,0,1,1
SANE,0,1,1
SANEDI,0,1,1
SANELCI,0,1,1
SANGABRIEL,0,1,1
SANLITA,0,1,1
SANOMINA,0,1,1
SANOTOS,0,1,1
SANSERI,0,1,1
SANSY,0,1,1
SANTA   ANA,0,1,1
SANTA   MARIA,0,1,1
SANTA AGRIPINA,0,1,1
SANTA ANASTACIA,0,1,1
SANTA ANONAYDA,0,1,1
SANTA CATALINA,0,1,1
SANTA DIGNA,0,1,1
SANTA FE,0,1,1
SANTA IRENE,0,1,1
SANTA LUCIA,0,1,1
SANTA MAGDALENA,0,1,1
SANTA TERESA,0,1,1
SANTA TOMASA,0,1,1
SANTAGO,0,1,1
SANTANEA,0,1,1
SANTELI,0,1,1
SANTELIN,0,1,1
SANTIADO,0,1,1
SANTIAG,0,1,1
SANTIAGAO,0,1,1
SANTIAGO ISAIAS,0,1,1
SANTIAGO P,0,1,1
SANTIAGO VICTOR,0,1,1
SANTIDAD,0,1,1
SANTIGAO,0,1,1
SANTIO,0,1,1
SANTISIMA TRINI,0,1,1
SANTO ISMAEL,0,1,1
SANTO MIGUEL,0,1,1
SANTO RICARDO,0,1,1
SANTOLI,0,1,1
SANTONO,0,1,1
SANTOOS,0,1,1
SANTORI,0,1,1
SANTOS    F,0,1,1
SANTOS   CLETO,0,1,1
SANTOS   INES,0,1,1
SANTOS   PAULA,0,1,1
SANTOS  A,0,1,1
SANTOS  ALBINO,0,1,1
SANTOS  AMINTA,0,1,1
SANTOS  DAMIAS,0,1,1
SANTOS  ELODIA,0,1,1
SANTOS  EUCEBIA,0,1,1
SANTOS  IGINIA,0,1,1
SANTOS  MATILDE,0,1,1
SANTOS  NERY,0,1,1
SANTOS  PASTOR,0,1,1
SANTOS  PAULA,0,1,1
SANTOS  ROSALIA,0,1,1
SANTOS ADALBERT,0,1,1
SANTOS ADAN,0,1,1
SANTOS ADRIAN,0,1,1
SANTOS ADRIANA,0,1,1
SANTOS AGAPITO,0,1,1
SANTOS AGRIPINA,0,1,1
SANTOS AGUSTIN,0,1,1
SANTOS AGUSTINA,0,1,1
SANTOS AIDE,0,1,1
SANTOS ALBERTA,0,1,1
SANTOS ALBERTO,0,1,1
SANTOS ALBINO,0,1,1
SANTOS ALDUVIN,0,1,1
SANTOS ALEXCI,0,1,1
SANTOS ALFREDO,0,1,1
SANTOS ALICIA,0,1,1
SANTOS AMADEO,0,1,1
SANTOS AMANDA,0,1,1
SANTOS AMBROCIA,0,1,1
SANTOS AMBROCIO,0,1,1
SANTOS AMINTA,0,1,1
SANTOS ANAEL,0,1,1
SANTOS ANGELES,0,1,1
SANTOS ANIANO,0,1,1
SANTOS ANITA,0,1,1
SANTOS ANTOLINA,0,1,1
SANTOS APOLONIO,0,1,1
SANTOS AQUILINO,0,1,1
SANTOS AQUILIO,0,1,1
SANTOS ARCADIA,0,1,1
SANTOS ARCADIO,0,1,1
SANTOS ARGELIA,0,1,1
SANTOS ARNALDO,0,1,1
SANTOS ARNOLDO,0,1,1
SANTOS ARNULFO,0,1,1
SANTOS ATANACIA,0,1,1
SANTOS ATANACIO,0,1,1
SANTOS AURELIA,0,1,1
SANTOS AVILA,0,1,1
SANTOS BALSAMIN,0,1,1
SANTOS BALTAZAR,0,1,1
SANTOS BASILIA,0,1,1
SANTOS BAUTISTA,0,1,1
SANTOS BELSY,0,1,1
SANTOS BENICIA,0,1,1
SANTOS BENILDA,0,1,1
SANTOS BENITA,0,1,1
SANTOS BERONICA,0,1,1
SANTOS BERTILA,0,1,1
SANTOS BERTILIA,0,1,1
SANTOS BLANCA,0,1,1
SANTOS BRIGIDA,0,1,1
SANTOS BRIGIDO,0,1,1
SANTOS BRUNO,0,1,1
SANTOS CALAZAN,0,1,1
SANTOS CALIX,0,1,1
SANTOS CALIXTO,0,1,1
SANTOS CAMILA,0,1,1
SANTOS CANDIDA,0,1,1
SANTOS CANUTO,0,1,1
SANTOS CARITINA,0,1,1
SANTOS CARLITO,0,1,1
SANTOS CATALINO,0,1,1
SANTOS CATARINO,0,1,1
SANTOS CAYETANA,0,1,1
SANTOS CECILIA,0,1,1
SANTOS CECILIO,0,1,1
SANTOS CEFERINA,0,1,1
SANTOS CELINA,0,1,1
SANTOS CELSO,0,1,1
SANTOS CLAUDIO,0,1,1
SANTOS CLAVER,0,1,1
SANTOS CLEOFAS,0,1,1
SANTOS CLEOFE,0,1,1
SANTOS COCA,0,1,1
SANTOS COLUMBIA,0,1,1
SANTOS CONCEPCI,0,1,1
SANTOS CORINA,0,1,1
SANTOS CORLETA,0,1,1
SANTOS CORONADO,0,1,1
SANTOS COSMES,0,1,1
SANTOS DAMASO,0,1,1
SANTOS DAMIAN,0,1,1
SANTOS DANIEL,0,1,1
SANTOS DANILO,0,1,1
SANTOS DAVID,0,1,1
SANTOS DEL SOCO,0,1,1
SANTOS DEMETRIA,0,1,1
SANTOS DEXIS,0,1,1
SANTOS DIAZ,0,1,1
SANTOS DIMAS,0,1,1
SANTOS DIONICIO,0,1,1
SANTOS DORIS,0,1,1
SANTOS EDICTA,0,1,1
SANTOS EDUVIGE,0,1,1
SANTOS EDUVIGIS,0,1,1
SANTOS EDUVINA,0,1,1
SANTOS EFRAHIM,0,1,1
SANTOS EFREN,0,1,1
SANTOS ELADIA,0,1,1
SANTOS ELENA,0,1,1
SANTOS ELEODORA,0,1,1
SANTOS ELIA,0,1,1
SANTOS ELIBERTO,0,1,1
SANTOS ELIPSAR,0,1,1
SANTOS ELIUD,0,1,1
SANTOS ELSA,0,1,1
SANTOS EMILIA,0,1,1
SANTOS EMILIANO,0,1,1
SANTOS ENGRACIA,0,1,1
SANTOS ERNESTO,0,1,1
SANTOS ERODITA,0,1,1
SANTOS ERUNDINA,0,1,1
SANTOS ESMERALD,0,1,1
SANTOS ESTELA,0,1,1
SANTOS EUSEBIO,0,1,1
SANTOS EUSTACIA,0,1,1
SANTOS EVA,0,1,1
SANTOS EVANGELI,0,1,1
SANTOS EVARISTA,0,1,1
SANTOS FAUSTINO,0,1,1
SANTOS FEDERICO,0,1,1
SANTOS FELICITO,0,1,1
SANTOS FELIPA,0,1,1
SANTOS FERNANDO,0,1,1
SANTOS FIDEL,0,1,1
SANTOS FIDIAS,0,1,1
SANTOS FLORI,0,1,1
SANTOS FLORINDA,0,1,1
SANTOS FROILAN,0,1,1
SANTOS FROILANA,0,1,1
SANTOS GARCIA,0,1,1
SANTOS GAVINO,0,1,1
SANTOS GENOVE,0,1,1
SANTOS GENOVEVO,0,1,1
SANTOS GEORGINA,0,1,1
SANTOS GERMAN,0,1,1
SANTOS GERVACIO,0,1,1
SANTOS GETRUDIS,0,1,1
SANTOS GILBERTO,0,1,1
SANTOS GILVERTO,0,1,1
SANTOS GLADIS,0,1,1
SANTOS GLORIA,0,1,1
SANTOS GREGORIO,0,1,1
SANTOS GREVIL,0,1,1
SANTOS GUSTAVO,0,1,1
SANTOS HAYDEE,0,1,1
SANTOS HENRY,0,1,1
SANTOS HERMINIA,0,1,1
SANTOS HERNAN,0,1,1
SANTOS HILDA,0,1,1
SANTOS HIUBINA,0,1,1
SANTOS HONORIA,0,1,1
SANTOS IDALIA,0,1,1
SANTOS IGNACIA,0,1,1
SANTOS ILARIA,0,1,1
SANTOS IRENE,0,1,1
SANTOS IRMA,0,1,1
SANTOS ISAIAS,0,1,1
SANTOS ISAIN,0,1,1
SANTOS ISIDORA,0,1,1
SANTOS ISIDORO,0,1,1
SANTOS ISIDRO,0,1,1
SANTOS JAIME,0,1,1
SANTOS JAIRO,0,1,1
SANTOS JAVIER,0,1,1
SANTOS JEREMIAS,0,1,1
SANTOS JIL,0,1,1
SANTOS JOAQUIN,0,1,1
SANTOS JOBITA,0,1,1
SANTOS JOEL,0,1,1
SANTOS JORGE,0,1,1
SANTOS JOVEL,0,1,1
SANTOS JULIAN,0,1,1
SANTOS JULIANA,0,1,1
SANTOS JUSTA,0,1,1
SANTOS JUSTINA,0,1,1
SANTOS LAZARO,0,1,1
SANTOS LEONILA,0,1,1
SANTOS LEONISA,0,1,1
SANTOS LEONSA,0,1,1
SANTOS LETICIA,0,1,1
SANTOS LILA,0,1,1
SANTOS LILIA,0,1,1
SANTOS LILIAN,0,1,1
SANTOS LITO,0,1,1
SANTOS LORENZO,0,1,1
SANTOS LUCIA,0,1,1
SANTOS LUCIANA,0,1,1
SANTOS LUCIO,0,1,1
SANTOS LUCRECIA,0,1,1
SANTOS LUCRECIO,0,1,1
SANTOS MACLOVIO,0,1,1
SANTOS MAGALY,0,1,1
SANTOS MAGNA,0,1,1
SANTOS MARCELA,0,1,1
SANTOS MARCOS,0,1,1
SANTOS MARGARIT,0,1,1
SANTOS MARIA,0,1,1
SANTOS MARINO,0,1,1
SANTOS MARIO,0,1,1
SANTOS MARLENI,0,1,1
SANTOS MARTIN,0,1,1
SANTOS MARTIRES,0,1,1
SANTOS MARTIREZ,0,1,1
SANTOS MATEA,0,1,1
SANTOS MATIAS,0,1,1
SANTOS MAURA,0,1,1
SANTOS MAURO,0,1,1
SANTOS MELITINA,0,1,1
SANTOS MENFIS,0,1,1
SANTOS MIGDONIO,0,1,1
SANTOS MIRIAM,0,1,1
SANTOS MODESTO,0,1,1
SANTOS MOISES,0,1,1
SANTOS N,0,1,1
SANTOS NAPOLEON,0,1,1
SANTOS NARCISA,0,1,1
SANTOS NARCIZO,0,1,1
SANTOS NASARIA,0,1,1
SANTOS NELSI,0,1,1
SANTOS NICANOR,0,1,1
SANTOS NIMI,0,1,1
SANTOS NOE,0,1,1
SANTOS NORALMA,0,1,1
SANTOS NORBERTO,0,1,1
SANTOS NORMA,0,1,1
SANTOS OBADESA,0,1,1
SANTOS OFELIA,0,1,1
SANTOS ONEIDA,0,1,1
SANTOS ONILDO,0,1,1
SANTOS OTILIA,0,1,1
SANTOS OTONIEL,0,1,1
SANTOS PACIENCI,0,1,1
SANTOS PASCUALA,0,1,1
SANTOS PETRONIL,0,1,1
SANTOS PILAR,0,1,1
SANTOS PLACIDO,0,1,1
SANTOS PRICILA,0,1,1
SANTOS PRISCILA,0,1,1
SANTOS RAFAEL,0,1,1
SANTOS RAFAELA,0,1,1
SANTOS RAIMUNDA,0,1,1
SANTOS RAMIRA,0,1,1
SANTOS RAMONA,0,1,1
SANTOS RAMOS,0,1,1
SANTOS REGINA,0,1,1
SANTOS REINILA,0,1,1
SANTOS REMIGIO,0,1,1
SANTOS RICARDO,0,1,1
SANTOS ROSARIO,0,1,1
SANTOS ROSENDO,0,1,1
SANTOS ROSINDA,0,1,1
SANTOS SAGRARIO,0,1,1
SANTOS SAIN,0,1,1
SANTOS SALATIEL,0,1,1
SANTOS SALUSTIA,0,1,1
SANTOS SANTIAGO,0,1,1
SANTOS SATURNIN,0,1,1
SANTOS SEFERINA,0,1,1
SANTOS SEFERINO,0,1,1
SANTOS SEGUNDO,0,1,1
SANTOS SELENIA,0,1,1
SANTOS SILVERIA,0,1,1
SANTOS SIMON,0,1,1
SANTOS TEODORA,0,1,1
SANTOS TIBURCIO,0,1,1
SANTOS TIMOTEO,0,1,1
SANTOS TITA,0,1,1
SANTOS TORIBIA,0,1,1
SANTOS ULICES,0,1,1
SANTOS UNBERTO,0,1,1
SANTOS URBINA,0,1,1
SANTOS VALENTIN,0,1,1
SANTOS VALERIO,0,1,1
SANTOS VENERADO,0,1,1
SANTOS VENIDA,0,1,1
SANTOS VENITA,0,1,1
SANTOS VICTORIA,0,1,1
SANTOS VICTORIO,0,1,1
SANTOS VIRGILIO,0,1,1
SANTOS VIRGINIA,0,1,1
SANTOS WILBERTO,0,1,1
SANTOS YABILET,0,1,1
SANTOS YOLANDA,0,1,1
SANTOS ZOILA,0,1,1
SANTOS ZULEMA,0,1,1
SANTOS!,0,1,1
SANTOSHELIODORA,0,1,1
SANTOSROSALIA,0,1,1
SANTRO,0,1,1
SANTROS,0,1,1
SANUL,0,1,1
SAON,0,1,1
SAPHIR,0,1,1
SAQUEAS,0,1,1
SARA  AURORA,0,1,1
SARA LEE,0,1,1
SARA LETICIE,0,1,1
SARA MELIDA,0,1,1
SARA+,0,1,1
SARAAI,0,1,1
SARACHI,0,1,1
SARADI,0,1,1
SARAEY,0,1,1
SARAHAIM,0,1,1
SARAHAY,0,1,1
SARAHI ANTONIA,0,1,1
SARAHIDA,0,1,1
SARAHINA,0,1,1
SARAHIT,0,1,1
SARAIAS,0,1,1
SARAIDY,0,1,1
SARAII,0,1,1
SARAITH,0,1,1
SARALLEY,0,1,1
SARALU,0,1,1
SARANIA,0,1,1
SARARIANO,0,1,1
SARARIN,0,1,1
SARARIY,0,1,1
SARATH,0,1,1
SARAVEL,0,1,1
SARAYD,0,1,1
SARAYTH,0,1,1
SAREDA,0,1,1
SAREL,0,1,1
SARELLA,0,1,1
SARGOTH,0,1,1
SARIET,0,1,1
SARIH,0,1,1
SARINAZ,0,1,1
SARINEZ,0,1,1
SARISA,0,1,1
SARITANA,0,1,1
SARITZA,0,1,1
SARIZU,0,1,1
SARLA,0,1,1
SARLEMIN,0,1,1
SAROC,0,1,1
SARODI,0,1,1
SAROGINNY,0,1,1
SAROGINY,0,1,1
SAROIKA,0,1,1
SAROJINI ZITA,0,1,1
SARONETH,0,1,1
SAROS,0,1,1
SARUED,0,1,1
SARUR,0,1,1
SASAI,0,1,1
SASEEL,0,1,1
SASILIO,0,1,1
SASIO,0,1,1
SASISTEBAN,0,1,1
SASMIRY,0,1,1
SATANA,0,1,1
SATANACIO,0,1,1
SATEY,0,1,1
SATRNINA,0,1,1
SATURNINIO,0,1,1
SAUC,0,1,1
SAUCEDA,0,1,1
SAUDA YANARA,0,1,1
SAUDEL,0,1,1
SAUDHY,0,1,1
SAUDIEN,0,1,1
SAUDIL,0,1,1
SAUH,0,1,1
SAUID,0,1,1
SAUL ENRIQUE,0,1,1
SAUL MOISES,0,1,1
SAULIN,0,1,1
SAURESQUI,0,1,1
SAURI,0,1,1
SAURINA,0,1,1
SAUS,0,1,1
SAUTH,0,1,1
SAVAZ,0,1,1
SAVERY,0,1,1
SAVIDIA,0,1,1
SAVITAS,0,1,1
SAVITH,0,1,1
SAVITRY,0,1,1
SAYBE,0,1,1
SAYDEL,0,1,1
SAYDON,0,1,1
SAYED,0,1,1
SAYENIT,0,1,1
SAYMOND,0,1,1
SAYNIA,0,1,1
SAYODARA,0,1,1
SAYONORA,0,1,1
SAYUD,0,1,1
SAYURI,0,1,1
SBEL,0,1,1
SBELY,0,1,1
SBETIANA,0,1,1
SBIR NICOLA,0,1,1
SCARLETH MARIA,0,1,1
SCARLETHE,0,1,1
SCARLEX,0,1,1
SCARLLET,0,1,1
SCATT,0,1,1
SCHESTER,0,1,1
SCHIRLEY ENETH,0,1,1
SCHMID,0,1,1
SCHOEN,0,1,1
SCHUBERT,0,1,1
SCOOT,0,1,1
SCOTTI,0,1,1
SCOTTY,0,1,1
SCRARANGELI,0,1,1
SCWANY,0,1,1
SDALIA,0,1,1
SDERLINDA,0,1,1
SE JESUS,0,1,1
SEÑOR,0,1,1
SEËOR DE LA PAZ,0,1,1
SEËORA DE JESUS,0,1,1
SEAMIN,0,1,1
SEAWARD,0,1,1
SEBADIAS,0,1,1
SEBAN,0,1,1
SEBANCIO,0,1,1
SEBASTANO,0,1,1
SEBASTIANI,0,1,1
SEBASTINO,0,1,1
SEBEDA,0,1,1
SEBELIA,0,1,1
SEBER,0,1,1
SEBERANIA,0,1,1
SEBERSON,0,1,1
SEBERTO,0,1,1
SEBI,0,1,1
SEBILIA,0,1,1
SEBORDA,0,1,1
SECELY,0,1,1
SECO,0,1,1
SECOELLO,0,1,1
SECOND MAE,0,1,1
SECUANY,0,1,1
SECUNDARIO,0,1,1
SECUNDIDO,0,1,1
SEDAN,0,1,1
SEDANIA,0,1,1
SEDEB,0,1,1
SEDED,0,1,1
SEDEMA,0,1,1
SEDEO,0,1,1
SEDET,0,1,1
SEDIEL,0,1,1
SEDIER,0,1,1
SEDILETH,0,1,1
SEDIM,0,1,1
SEDIUR,0,1,1
SEDONIE,0,1,1
SEDRONE,0,1,1
SEE HAM,0,1,1
SEE LONG,0,1,1
SEFAFIN,0,1,1
SEFATIAS,0,1,1
SEFELA,0,1,1
SEFIDA,0,1,1
SEFREDO,0,1,1
SEGISFREDO,0,1,1
SEGISNALDO,0,1,1
SEGRIT,0,1,1
SEHOMARA,0,1,1
SEILLEN,0,1,1
SEITHEL,0,1,1
SEIZETH,0,1,1
SEJUSTIANO,0,1,1
SELACK,0,1,1
SELAH,0,1,1
SELANDER,0,1,1
SELANI,0,1,1
SELANY,0,1,1
SELATA,0,1,1
SELBAS,0,1,1
SELEDANA,0,1,1
SELEIDA,0,1,1
SELEIM FRANCIS,0,1,1
SELENITA,0,1,1
SELENNY,0,1,1
SELENYA,0,1,1
SELEO,0,1,1
SELER,0,1,1
SELEYDA,0,1,1
SELEYDI,0,1,1
SELEYNE,0,1,1
SELICETH,0,1,1
SELICIA,0,1,1
SELICIA LUZ,0,1,1
SELIDEY,0,1,1
SELINIA,0,1,1
SELINIC,0,1,1
SELITIA,0,1,1
SELIX,0,1,1
SELLE,0,1,1
SELMA HONORIA,0,1,1
SELMA ISABELI,0,1,1
SELMO,0,1,1
SELOMI,0,1,1
SELOYN,0,1,1
SELPI,0,1,1
SELSA DE JESUS,0,1,1
SELTZERLY,0,1,1
SELVA MARINA,0,1,1
SELVIN DANY,0,1,1
SELXA,0,1,1
SEMADAR,0,1,1
SEMAIAS,0,1,1
SEMANI,0,1,1
SEMARI,0,1,1
SEMECIA,0,1,1
SEMEI,0,1,1
SEMELI,0,1,1
SEMELY,0,1,1
SEMERAMIS,0,1,1
SEMEY,0,1,1
SEMI RAMY,0,1,1
SEMIA,0,1,1
SEMID,0,1,1
SEMILITH,0,1,1
SEMIN,0,1,1
SEMIORA,0,1,1
SEMIRAME,0,1,1
SEMIRAMIS,0,1,1
SEMON,0,1,1
SENAHIL,0,1,1
SENAID,0,1,1
SENAIDAHI,0,1,1
SENALDA,0,1,1
SENALIA,0,1,1
SENAN,0,1,1
SENARA,0,1,1
SENATO,0,1,1
SENAY,0,1,1
SENAYDO,0,1,1
SENAYRA,0,1,1
SENEE,0,1,1
SENEEN,0,1,1
SENEN HENNER,0,1,1
SENERI,0,1,1
SENET,0,1,1
SENG,0,1,1
SENHOUSE,0,1,1
SENIDA,0,1,1
SENINA,0,1,1
SENITA,0,1,1
SENNAMEY,0,1,1
SENOB,0,1,1
SENOBER,0,1,1
SENOBIA AMPARO,0,1,1
SENOC,0,1,1
SENODIA,0,1,1
SENONIA,0,1,1
SENOVER,0,1,1
SENSABEL,0,1,1
SENTOLI,0,1,1
SENUED,0,1,1
SENUET,0,1,1
SENULVIA,0,1,1
SENYKEEW,0,1,1
SENYN,0,1,1
SEOMAR,0,1,1
SEOMARE,0,1,1
SEOMORA,0,1,1
SEOVANNI,0,1,1
SEPTIMUS,0,1,1
SERAJINA,0,1,1
SERAPIO MARTIR,0,1,1
SERAYDA,0,1,1
SERBELLO,0,1,1
SERBENTINO,0,1,1
SEREDALIA,0,1,1
SERELLA,0,1,1
SERENA ESTELA,0,1,1
SERGIA FCA,0,1,1
SERGIA ROSA,0,1,1
SERGIO ALBERTO,0,1,1
SERGIOS,0,1,1
SERIFF,0,1,1
SERJANDI,0,1,1
SERLENE,0,1,1
SERMELINDA,0,1,1
SERMINA,0,1,1
SERNES,0,1,1
SERNIA,0,1,1
SERRIL,0,1,1
SERUBIA,0,1,1
SERVACIA,0,1,1
SERVANA,0,1,1
SERVELINA,0,1,1
SERVIC,0,1,1
SERVIDA,0,1,1
SERVIDO,0,1,1
SERVIEN,0,1,1
SERVUL,0,1,1
SERYEN,0,1,1
SESENIA,0,1,1
SESIN,0,1,1
SESTONI,0,1,1
SETHI,0,1,1
SETHRES,0,1,1
SETNY,0,1,1
SETUR,0,1,1
SEUYAPA,0,1,1
SEVEDINA,0,1,1
SEVELIN,0,1,1
SEVEN,0,1,1
SEVERANIA,0,1,1
SEVIDA,0,1,1
SEVIL,0,1,1
SEYBIZ,0,1,1
SEYEN,0,1,1
SEYIN,0,1,1
SEYN,0,1,1
SHACKA,0,1,1
SHADA,0,1,1
SHADAI,0,1,1
SHADANA,0,1,1
SHADAY,0,1,1
SHAFI,0,1,1
SHAFTER,0,1,1
SHAJIRA,0,1,1
SHAKINA,0,1,1
SHALANA,0,1,1
SHALDARIS,0,1,1
SHALOM,0,1,1
SHAMANTHA,0,1,1
SHAMIN,0,1,1
SHAMINA,0,1,1
SHANAE,0,1,1
SHANAN,0,1,1
SHANDELL,0,1,1
SHANETT,0,1,1
SHANK,0,1,1
SHANNANA,0,1,1
SHANNEL,0,1,1
SHANNELL,0,1,1
SHANNETTE,0,1,1
SHANTEL,0,1,1
SHAQUIRA,0,1,1
SHAREAL,0,1,1
SHARED,0,1,1
SHARENAR,0,1,1
SHARID,0,1,1
SHARIF,0,1,1
SHARIFF,0,1,1
SHARILL,0,1,1
SHARITO,0,1,1
SHARLAN,0,1,1
SHARLOTH,0,1,1
SHARMENE,0,1,1
SHARNELL,0,1,1
SHARON ROSE,0,1,1
SHARONY,0,1,1
SHAROVANY,0,1,1
SHARTINE,0,1,1
SHATEHARY,0,1,1
SHAY,0,1,1
SHAYAN,0,1,1
SHAYNE,0,1,1
SHEARER,0,1,1
SHEARON,0,1,1
SHEBLY,0,1,1
SHEDROCK,0,1,1
SHEGELLY,0,1,1
SHEIK,0,1,1
SHELDOR,0,1,1
SHELO,0,1,1
SHELVYN,0,1,1
SHELWIN,0,1,1
SHEMEIR,0,1,1
SHEN,0,1,1
SHENELL,0,1,1
SHENYL,0,1,1
SHEPARD,0,1,1
SHERAY,0,1,1
SHERESE,0,1,1
SHERIE,0,1,1
SHERINA,0,1,1
SHERISA,0,1,1
SHERISE,0,1,1
SHERLA,0,1,1
SHERLAIN,0,1,1
SHERLEE,0,1,1
SHERNEL,0,1,1
SHERRITT,0,1,1
SHESLLY,0,1,1
SHESLY,0,1,1
SHESMITH,0,1,1
SHESSELL,0,1,1
SHI,0,1,1
SHI XIONG,0,1,1
SHILTON,0,1,1
SHIMRON,0,1,1
SHIRVIN,0,1,1
SHITUGUAR,0,1,1
SHLAEM,0,1,1
SHONDA ORNA,0,1,1
SHORLING,0,1,1
SHORT,0,1,1
SHRISTIAM,0,1,1
SHUBONET,0,1,1
SHUNDEL,0,1,1
SHUNSHINE,0,1,1
SHYNE,0,1,1
SHYRLEY,0,1,1
SIAEL,0,1,1
SIAMIRA,0,1,1
SIANO,0,1,1
SIANTAGO,0,1,1
SIBAN,0,1,1
SIBELA,0,1,1
SIBELIS,0,1,1
SIBELL,0,1,1
SIBELLA,0,1,1
SIBETA,0,1,1
SIBETH,0,1,1
SIBILA,0,1,1
SIBYLE,0,1,1
SICELHY,0,1,1
SICELLE DEL CAR,0,1,1
SICFREDO,0,1,1
SICHELL,0,1,1
SIDALI,0,1,1
SIDALIS,0,1,1
SIDARIA,0,1,1
SIDAY,0,1,1
SIDEETH,0,1,1
SIDELINA,0,1,1
SIDELMER,0,1,1
SIDEMIA,0,1,1
SIDETH,0,1,1
SIDIFREDO,0,1,1
SIDITH,0,1,1
SIDKIEWICS,0,1,1
SIDNY,0,1,1
SIDOMI,0,1,1
SIDONEY,0,1,1
SIDONID,0,1,1
SIDOR,0,1,1
SIDRAC,0,1,1
SIDWAY,0,1,1
SIFANY,0,1,1
SIFFREDO,0,1,1
SIFIA,0,1,1
SIFREDYS,0,1,1
SIG FREDO,0,1,1
SIGDALI,0,1,1
SIGDIEL,0,1,1
SIGELINDA,0,1,1
SIGFRID,0,1,1
SIGGAL,0,1,1
SIGIELY,0,1,1
SIGLENY,0,1,1
SIGLINDA,0,1,1
SIGMUND,0,1,1
SIGNOERICO,0,1,1
SIGUANI,0,1,1
SIGUIFREDO,0,1,1
SIJEY,0,1,1
SILADIA,0,1,1
SILADILIA,0,1,1
SILADY,0,1,1
SILAHY,0,1,1
SILANA,0,1,1
SILAR,0,1,1
SILDAMA,0,1,1
SILDENIA,0,1,1
SILDR,0,1,1
SILEN,0,1,1
SILENIS,0,1,1
SILES MAE,0,1,1
SILFA,0,1,1
SILHOE,0,1,1
SILIAZAR,0,1,1
SILIDIA,0,1,1
SILIEZER,0,1,1
SILILIA,0,1,1
SILOECHT,0,1,1
SILOET,0,1,1
SILPERSIVAR,0,1,1
SILPHA,0,1,1
SILUINA,0,1,1
SILVAN,0,1,1
SILVELA,0,1,1
SILVERTHORNE,0,1,1
SILVET,0,1,1
SILVIA  DINORA,0,1,1
SILVIA  ISABEL,0,1,1
SILVIA ARACELI,0,1,1
SILVIA DOLORES,0,1,1
SILVIA DORIS,0,1,1
SILVIA MARINA,0,1,1
SILVIA MARITZA,0,1,1
SILVIA ORBELINA,0,1,1
SILVIA OSIRIS,0,1,1
SILVIAN,0,1,1
SILVICIA,0,1,1
SILVIO RENATO,0,1,1
SILVIS,0,1,1
SILVITA,0,1,1
SILVU,0,1,1
SIMAL,0,1,1
SIMARE,0,1,1
SIMARY,0,1,1
SIMEEL,0,1,1
SIMEHI,0,1,1
SIMELI,0,1,1
SIMEONE,0,1,1
SIMERY,0,1,1
SIMILEX,0,1,1
SIMILI,0,1,1
SIMILY,0,1,1
SIMIN,0,1,1
SIMIONS,0,1,1
SIMO,0,1,1
SIMODOSEA,0,1,1
SIMOM,0,1,1
SIMON DANILO,0,1,1
SIMON!,0,1,1
SIMONA DE JESUS,0,1,1
SIMONETH,0,1,1
SIMONETTA,0,1,1
SIMONS,0,1,1
SIMONY,0,1,1
SIMPRONIANO,0,1,1
SINAEL,0,1,1
SINAHY,0,1,1
SINAIDO,0,1,1
SINALEYDA,0,1,1
SINBERTO,0,1,1
SINCLERS,0,1,1
SINDAY,0,1,1
SINDELY,0,1,1
SINDINIO,0,1,1
SINDO,0,1,1
SINDY SARAI,0,1,1
SINENCIO,0,1,1
SINESIOS,0,1,1
SINETT,0,1,1
SINFONIA,0,1,1
SINFOROSIA,0,1,1
SINFREDO,0,1,1
SINIER,0,1,1
SINMARINGEN,0,1,1
SINMRI,0,1,1
SINNYA,0,1,1
SINOHELY,0,1,1
SINOSKY,0,1,1
SINSI,0,1,1
SINSIDOR,0,1,1
SINTEL,0,1,1
SINTELLMORE,0,1,1
SIOBANY,0,1,1
SIOLENI,0,1,1
SIOMA,0,1,1
SIOMARIS,0,1,1
SIOMARY,0,1,1
SIOMEI,0,1,1
SIOMERY,0,1,1
SIOMIDA,0,1,1
SIONARA,0,1,1
SIONEARIS,0,1,1
SIONEY,0,1,1
SIONIEDA,0,1,1
SIONILDA,0,1,1
SIONNY,0,1,1
SIPFREDO,0,1,1
SIPRINA,0,1,1
SIQUEWIS,0,1,1
SIRAI,0,1,1
SIRAN,0,1,1
SIRARA,0,1,1
SIRAVED,0,1,1
SIRED,0,1,1
SIREEY,0,1,1
SIREIDA,0,1,1
SIRELA,0,1,1
SIRENE,0,1,1
SIRENO,0,1,1
SIREY TRINIDAD,0,1,1
SIREZ,0,1,1
SIRHLEY,0,1,1
SIRIES,0,1,1
SIRIKIT,0,1,1
SIRLEI,0,1,1
SIRLENA,0,1,1
SIRLENI,0,1,1
SIRLENIS,0,1,1
SIRLENIX,0,1,1
SIROEL,0,1,1
SIROS,0,1,1
SISANDRO,0,1,1
SISARI,0,1,1
SISELA,0,1,1
SISFREDO,0,1,1
SISGIFREDO,0,1,1
SISIFREDO,0,1,1
SISLY,0,1,1
SISMA,0,1,1
SISMEI,0,1,1
SISTONE,0,1,1
SITA DE JESUS,0,1,1
SITELI,0,1,1
SITO YOBAN,0,1,1
SIU LANE,0,1,1
SIULAN,0,1,1
SIULAY,0,1,1
SIUMAIRA,0,1,1
SIUMARIS,0,1,1
SIUMEN,0,1,1
SIU-MEY,0,1,1
SIUNILDA,0,1,1
SIUYENS,0,1,1
SIVADIZ,0,1,1
SIVALBAY,0,1,1
SIVELA,0,1,1
SIVESTRE,0,1,1
SIVETH,0,1,1
SIVILA,0,1,1
SIVINA,0,1,1
SIVIRIAN,0,1,1
SIVIRIANO,0,1,1
SIXDA,0,1,1
SIXDALI,0,1,1
SIXEL,0,1,1
SIXTO BENITO,0,1,1
SIXTO GREGORIO,0,1,1
SIZELI,0,1,1
SKALETH,0,1,1
SKARLE,0,1,1
SKARLEN,0,1,1
SKARLENG,0,1,1
SKARLTTE,0,1,1
SKAT,0,1,1
SKORLE,0,1,1
SLEONOR,0,1,1
SLEY,0,1,1
SLICIA,0,1,1
SLIETA,0,1,1
SLILMA,0,1,1
SLIN,0,1,1
SLIP,0,1,1
SLOK,0,1,1
SLOON,0,1,1
SLVADOR,0,1,1
SLY,0,1,1
SMAILLI,0,1,1
SMALEN,0,1,1
SMAR,0,1,1
SMAYLI,0,1,1
SMELIM,0,1,1
SMENOV,0,1,1
SMERLYNG,0,1,1
SMIELD,0,1,1
SMIHT,0,1,1
SMILHD,0,1,1
SMIT ALBERTO,0,1,1
SMITHS,0,1,1
SMITT,0,1,1
SMITTE,0,1,1
SMUNDA,0,1,1
SNED,0,1,1
SNELLIN,0,1,1
SNELLING,0,1,1
SNEY,0,1,1
SNIELENGUER,0,1,1
SNIELING,0,1,1
SNUAR,0,1,1
SOËAL,0,1,1
SOADD,0,1,1
SOADY,0,1,1
SOAGOAL,0,1,1
SOAL,0,1,1
SOAM,0,1,1
SOAMIR,0,1,1
SOANIS,0,1,1
SOANNE,0,1,1
SOANY CAROLINA,0,1,1
SOATH,0,1,1
SOBAT,0,1,1
SOBDALY,0,1,1
SOBEHINA,0,1,1
SOBEIDIA,0,1,1
SOBEIDY,0,1,1
SOBEIVI,0,1,1
SOBERANA,0,1,1
SOBIYDA,0,1,1
SOCHABEL,0,1,1
SOCHE,0,1,1
SOCOBO,0,1,1
SOCORRO ISABEL,0,1,1
SOCORRO SALOME,0,1,1
SOCORRRO,0,1,1
SODAD,0,1,1
SODEY,0,1,1
SODILIO,0,1,1
SODONIA,0,1,1
SODYCXA,0,1,1
SOELBA,0,1,1
SOELIX,0,1,1
SOEMY,0,1,1
SOESY,0,1,1
SOFAYA,0,1,1
SOFIA CARIDAD,0,1,1
SOFIA CASSANDRA,0,1,1
SOFIA DEL PILAR,0,1,1
SOFIA LORENA,0,1,1
SOFIA SAGRARIO,0,1,1
SOFIAO,0,1,1
SOFRANY,0,1,1
SOFRONIO,0,1,1
SOGEEY,0,1,1
SOGEIDY,0,1,1
SOGELY,0,1,1
SOGERI,0,1,1
SOGERY,0,1,1
SOGESY,0,1,1
SOGEYDA,0,1,1
SOGUZDI,0,1,1
SOHA,0,1,1
SOHAHITA,0,1,1
SOHEIDA,0,1,1
SOHEMAN,0,1,1
SOHEMY,0,1,1
SOHET,0,1,1
SOIDER,0,1,1
SOILA CONSUELO,0,1,1
SOILA ESPERANZA,0,1,1
SOILA MERITA,0,1,1
SOINA,0,1,1
SOJEIRA,0,1,1
SOJER,0,1,1
SOJEYLA,0,1,1
SOL ANGEL,0,1,1
SOLACION,0,1,1
SOLAIMS,0,1,1
SOLALI,0,1,1
SOLAMI,0,1,1
SOLANA,0,1,1
SOLANDA,0,1,1
SOLANDIA,0,1,1
SOLANG,0,1,1
SOLANKI,0,1,1
SOLANNE,0,1,1
SOLARIO,0,1,1
SOLASEL,0,1,1
SOLAY,0,1,1
SOLEANDA,0,1,1
SOLEANEA,0,1,1
SOLEDAD AVILA,0,1,1
SOLEDAD NOEMI,0,1,1
SOLEIDY,0,1,1
SOLEMI,0,1,1
SOLEMIT,0,1,1
SOLEMNIDAD,0,1,1
SOLENI,0,1,1
SOLENIZ,0,1,1
SOLENMA,0,1,1
SOLENNIDAD,0,1,1
SOLENNY,0,1,1
SOLENO,0,1,1
SOLERMAN,0,1,1
SOLEYBI,0,1,1
SOLEYCA,0,1,1
SOLEYVA,0,1,1
SOLIAM,0,1,1
SOLIANI,0,1,1
SOLIANY,0,1,1
SOLIBET,0,1,1
SOLICIANA,0,1,1
SOLID,0,1,1
SOLIMAN,0,1,1
SOLIMIA,0,1,1
SOLINDA,0,1,1
SOLINKA,0,1,1
SOLINNA,0,1,1
SOLINNIA,0,1,1
SOLITER,0,1,1
SOLLAENZ,0,1,1
SOLLEYLL,0,1,1
SOLORES,0,1,1
SOLORZANO,0,1,1
SOLUCIDA,0,1,1
SOLVEY,0,1,1
SOLY,0,1,1
SOLYNISKY,0,1,1
SOLYORIAN,0,1,1
SOMARE,0,1,1
SOMARIA,0,1,1
SOMARIO,0,1,1
SOMARY,0,1,1
SOMELY,0,1,1
SOMERS,0,1,1
SOMEYDA,0,1,1
SOMILDA,0,1,1
SOMNOEL,0,1,1
SON IA,0,1,1
SONA,0,1,1
SONALID,0,1,1
SONAMA,0,1,1
SONANGEL,0,1,1
SONARI,0,1,1
SONAYRA,0,1,1
SONDE,0,1,1
SONEIBI,0,1,1
SONELI,0,1,1
SONELIA,0,1,1
SONELY,0,1,1
SONERIA,0,1,1
SONET,0,1,1
SONIA ARGENTINA,0,1,1
SONIA ESMERALDA,0,1,1
SONIA ESPERANZA,0,1,1
SONIA ISABEL,0,1,1
SONIA LETICIA,0,1,1
SONIA LUCIA,0,1,1
SONIA MARGARITA,0,1,1
SONIA MIRIAN,0,1,1
SONIA ROSA,0,1,1
SONIDELIA,0,1,1
SONIE,0,1,1
SONIO,0,1,1
SONIR,0,1,1
SONMY,0,1,1
SONSOGEY,0,1,1
SONSUELO,0,1,1
SOPHIA SARAY,0,1,1
SOR DENYZ,0,1,1
SORAHIYA,0,1,1
SORAI,0,1,1
SORAIDA AMELIA,0,1,1
SORAIDY,0,1,1
SORAIRA,0,1,1
SORALDA,0,1,1
SORALETH,0,1,1
SORALIA,0,1,1
SORALINDE,0,1,1
SORALLA,0,1,1
SORALY,0,1,1
SORAYA EUGENIO,0,1,1
SORAYA VANESSA,0,1,1
SORAYEN,0,1,1
SORBELIA,0,1,1
SOREIA,0,1,1
SORELA,0,1,1
SORELENA,0,1,1
SORELLA,0,1,1
SORETH,0,1,1
SOREY,0,1,1
SORGANIA,0,1,1
SORGINA,0,1,1
SORIANSOL,0,1,1
SORIBANOSS,0,1,1
SORIELA,0,1,1
SORIMAR,0,1,1
SORINETH,0,1,1
SORISCEN,0,1,1
SORITZA,0,1,1
SORLINDA,0,1,1
SORLUZ,0,1,1
SOROTENIA,0,1,1
SORRELL,0,1,1
SORTIBRAN,0,1,1
SOSIMA,0,1,1
SOSINO,0,1,1
SOSLILIO,0,1,1
SOSMERI,0,1,1
SOSTEN,0,1,1
SOSTILIO,0,1,1
SOSTOMO,0,1,1
SOTDIER,0,1,1
SOTELA,0,1,1
SOTELO,0,1,1
SOTIR,0,1,1
SOTIS,0,1,1
SOURY,0,1,1
SOVEHIDA,0,1,1
SOVEIVE,0,1,1
SOVEIVI,0,1,1
SOVEL,0,1,1
SOVEYVI,0,1,1
SOVIEDA,0,1,1
SOXANA,0,1,1
SOYAPAL,0,1,1
SOYBELIN,0,1,1
SOYEN,0,1,1
SOZANTE,0,1,1
SPAILETH,0,1,1
SPEAR,0,1,1
SPEE,0,1,1
SPEED,0,1,1
SPENCIL,0,1,1
SPERRY,0,1,1
SPHERSKY,0,1,1
SPHILLIPS,0,1,1
SPRINKLE,0,1,1
SQUIDEA,0,1,1
SSCARLETH,0,1,1
STA ANA,0,1,1
STADIS,0,1,1
STAEL,0,1,1
STAFANIE,0,1,1
STAFANY,0,1,1
STALIA,0,1,1
STALIM,0,1,1
STALINA,0,1,1
STALINOVICH,0,1,1
STAMAR,0,1,1
STANDFIELD,0,1,1
STANDLEY,0,1,1
STANFFORD,0,1,1
STANHOPE,0,1,1
STANISLADO,0,1,1
STANISLAO,0,1,1
STANISLAUS,0,1,1
STANLEYS,0,1,1
STANYLEY,0,1,1
STARCHE,0,1,1
STARIA,0,1,1
STARK,0,1,1
STARKMAN,0,1,1
STARLES,0,1,1
STARLEY,0,1,1
STARLY,0,1,1
STARLYNG,0,1,1
STARMAN,0,1,1
STARSKY,0,1,1
STATI,0,1,1
STAUROS,0,1,1
STAVESON,0,1,1
STAYUL,0,1,1
STAYULL,0,1,1
STEBBE,0,1,1
STEBINS,0,1,1
STECK,0,1,1
STECY,0,1,1
STEDDY,0,1,1
STEE,0,1,1
STEED,0,1,1
STEEL,0,1,1
STEELMAN,0,1,1
STEENSEN,0,1,1
STEEP,0,1,1
STEERD,0,1,1
STEFANE,0,1,1
STEFANIA CARLA,0,1,1
STEFANINA,0,1,1
STEFANNY,0,1,1
STEFE,0,1,1
STEFFANIE,0,1,1
STELINDA,0,1,1
STENVEN,0,1,1
STEOVE,0,1,1
STEPHANNI,0,1,1
STEPHANNY,0,1,1
STEPHANO,0,1,1
STEPHEM,0,1,1
STEPHESON,0,1,1
STERLLING,0,1,1
STERVISON,0,1,1
STEV,0,1,1
STEVEE,0,1,1
STEVEENS,0,1,1
STEVER,0,1,1
STEVERLY,0,1,1
STEVESON,0,1,1
STEVI,0,1,1
STEVINSON,0,1,1
STHEL,0,1,1
STHEYNERS,0,1,1
STHIBER,0,1,1
STIBBE,0,1,1
STIBENT,0,1,1
STIBY,0,1,1
STICK,0,1,1
STIDD,0,1,1
STIDVE,0,1,1
STIELIKE,0,1,1
STIHB,0,1,1
STIK,0,1,1
STIL,0,1,1
STILL,0,1,1
STILLER,0,1,1
STIVALES,0,1,1
STIWENZON,0,1,1
STOJANOVIC,0,1,1
STOLINA,0,1,1
STONE,0,1,1
STOWELL,0,1,1
STOWER,0,1,1
STREBER,0,1,1
STREY,0,1,1
STUAR,0,1,1
STURDIVANT,0,1,1
STWAR,0,1,1
STWARD,0,1,1
STYP,0,1,1
STYWAR,0,1,1
SU SUKREY,0,1,1
SUADIT,0,1,1
SUAIL,0,1,1
SUAL,0,1,1
SUAR,0,1,1
SUATH,0,1,1
SUAY,0,1,1
SUAYA,0,1,1
SUAYAP,0,1,1
SUAYPA,0,1,1
SUAYPAA,0,1,1
SUBCELINDA,0,1,1
SUBEIBA,0,1,1
SUBEIDA,0,1,1
SUBET,0,1,1
SUBEY,0,1,1
SUBEYDA,0,1,1
SUBILAY,0,1,1
SUBILDA,0,1,1
SUBMERIXE,0,1,1
SUBSIRY,0,1,1
SUCEIRA,0,1,1
SUCELA,0,1,1
SUCENIA,0,1,1
SUCENY,0,1,1
SUCIBEL,0,1,1
SUCIDALIA,0,1,1
SUCIRE,0,1,1
SUDALMA,0,1,1
SUDAN,0,1,1
SUDAYDA,0,1,1
SUDDELYN,0,1,1
SUDELY,0,1,1
SUDETH,0,1,1
SUE BRENELL,0,1,1
SUE ELLEN,0,1,1
SUE HELEN,0,1,1
SUEANA,0,1,1
SUELAY,0,1,1
SUELET,0,1,1
SUENYA,0,1,1
SUEYEN,0,1,1
SUFLETH,0,1,1
SUGAID,0,1,1
SUGEIRE,0,1,1
SUGEIRI,0,1,1
SUGEITH,0,1,1
SUGELE,0,1,1
SUGELL,0,1,1
SUGELLY,0,1,1
SUGENIA,0,1,1
SUGETH,0,1,1
SUGEYDE,0,1,1
SUGEYLIN,0,1,1
SUGEYM,0,1,1
SUGEYMI,0,1,1
SUGEYRI,0,1,1
SUGGEY,0,1,1
SUGRY,0,1,1
SUGUEI,0,1,1
SUGUINAY,0,1,1
SUGULLY,0,1,1
SUGUY,0,1,1
SUHAI,0,1,1
SUHAID,0,1,1
SUHAILY,0,1,1
SUHAY,0,1,1
SUHEIN,0,1,1
SUHEND,0,1,1
SUIELTLANA,0,1,1
SUILAN,0,1,1
SUILIN,0,1,1
SUISA,0,1,1
SUJAIL,0,1,1
SUJAY,0,1,1
SUJEEY,0,1,1
SUJEIRY,0,1,1
SUJEN,0,1,1
SUJENNI,0,1,1
SUJEYLA,0,1,1
SUJEYVI,0,1,1
SUKINAY,0,1,1
SULAHI,0,1,1
SULALL,0,1,1
SULAMI,0,1,1
SULAMID,0,1,1
SULAMIHT,0,1,1
SULAMY,0,1,1
SULANE,0,1,1
SULANO,0,1,1
SULARI,0,1,1
SULECINDA,0,1,1
SULEICA,0,1,1
SULEIDY,0,1,1
SULEINA,0,1,1
SULEMY,0,1,1
SULENI,0,1,1
SULENY,0,1,1
SULETH,0,1,1
SULEX,0,1,1
SULEYCA,0,1,1
SULFICAR,0,1,1
SULHAY,0,1,1
SULIBERTA,0,1,1
SULID,0,1,1
SULIDELMIA,0,1,1
SULIE,0,1,1
SULIEDA,0,1,1
SULIETTE,0,1,1
SULIME,0,1,1
SULINY,0,1,1
SULIT,0,1,1
SULLIMAN,0,1,1
SULMA ESPERANZA,0,1,1
SULMERIXIS,0,1,1
SULMIRA,0,1,1
SULPICIA,0,1,1
SUMAIRA,0,1,1
SUMALIA,0,1,1
SUMAN,0,1,1
SUMAREN,0,1,1
SUMARRY,0,1,1
SUMAYRA,0,1,1
SUMELITA,0,1,1
SUMEY,0,1,1
SUMILDE,0,1,1
SUMY,0,1,1
SUN CHOW,0,1,1
SUNCERY,0,1,1
SUNCIA,0,1,1
SUNCYHARAY,0,1,1
SUNE,0,1,1
SUNELDA,0,1,1
SUNEM,0,1,1
SUNIDAD,0,1,1
SUNIERITZE,0,1,1
SUNIT,0,1,1
SUNLAY,0,1,1
SUNLOCK,0,1,1
SUNNITH,0,1,1
SURAI,0,1,1
SURAMITA,0,1,1
SURANA,0,1,1
SURANNY,0,1,1
SURAYE,0,1,1
SURBEIY,0,1,1
SURBELINA,0,1,1
SUREJA,0,1,1
SURIBETH,0,1,1
SURINIA,0,1,1
SURISADAY,0,1,1
SURISADDAY,0,1,1
SURITA,0,1,1
SURITH,0,1,1
SURJEFF,0,1,1
SUSANA BERNARDI,0,1,1
SUSANA CARIDAD,0,1,1
SUSANA DE JESUS,0,1,1
SUSANA PRADY,0,1,1
SUSANNA,0,1,1
SUSANY,0,1,1
SUSANYELES,0,1,1
SUSATH,0,1,1
SUSE,0,1,1
SUSELH,0,1,1
SUSELL,0,1,1
SUSENE,0,1,1
SUSEP,0,1,1
SUSETHE,0,1,1
SUSEX,0,1,1
SUSIREE,0,1,1
SUSKAWANA,0,1,1
SUSMERITA,0,1,1
SUSSANA,0,1,1
SUSSELY,0,1,1
SUSSETE,0,1,1
SUSSUE,0,1,1
SUSSUEH,0,1,1
SUSUANY,0,1,1
SUSY HERLINDA,0,1,1
SUSZET,0,1,1
SUTALIA,0,1,1
SUTILIA,0,1,1
SUTURNINA,0,1,1
SUUYAPA,0,1,1
SUVANY,0,1,1
SUVILIA,0,1,1
SUYABA,0,1,1
SUYAN,0,1,1
SUYAPA ALEJANDR,0,1,1
SUYAPA ANGELA,0,1,1
SUYAPA BEATRIZ,0,1,1
SUYAPA CONSUELO,0,1,1
SUYAPA DOMICILA,0,1,1
SUYAPA ISABEL,0,1,1
SUYAPA JESUS,0,1,1
SUYAPA LETICIA,0,1,1
SUYAPA LICET,0,1,1
SUYAPA MARILU,0,1,1
SUYAPA MARTINA,0,1,1
SUYAPA NAZARETH,0,1,1
SUYAPA PATRICIA,0,1,1
SUYAPA RITA,0,1,1
SUYAPAQ,0,1,1
SUYAPAS,0,1,1
SUYAY,0,1,1
SUYECK,0,1,1
SUYEM,0,1,1
SUYEMIA,0,1,1
SUYERI,0,1,1
SUYEY,0,1,1
SUYI,0,1,1
SUZANN,0,1,1
SUZELINDA,0,1,1
SUZET,0,1,1
SUZIBEL,0,1,1
SUZIE,0,1,1
SUZTHE,0,1,1
SVEY,0,1,1
SWAHYN,0,1,1
SWANILDA,0,1,1
SWARTON,0,1,1
SWE,0,1,1
SWEENIE,0,1,1
SWEETENIA,0,1,1
SWINEY,0,1,1
SWINWICK,0,1,1
SWORD,0,1,1
SYBELLE,0,1,1
SYLBINA,0,1,1
SYLVENA,0,1,1
SYLVER,0,1,1
SYNAI,0,1,1
SYNNE,0,1,1
SYNOE,0,1,1
SYONE,0,1,1
SYRIL,0,1,1
SYWESTER,0,1,1
SZARMACH,0,1,1
T DE JESUS,0,1,1
TABIANA,0,1,1
TABORA,0,1,1
TABRINO,0,1,1
TACIANI,0,1,1
TADY,0,1,1
TAFIT,0,1,1
TAFT,0,1,1
TAHOFIK,0,1,1
TAHUFIK,0,1,1
TAIFF,0,1,1
TAILOR,0,1,1
TAK,0,1,1
TAKESHI,0,1,1
TALAYA,0,1,1
TALBORTH,0,1,1
TALFOR,0,1,1
TALFORD,0,1,1
TALFOURD,0,1,1
TALITO,0,1,1
TALMIN,0,1,1
TALO,0,1,1
TALY,0,1,1
TAMACIA,0,1,1
TAMAHARA,0,1,1
TAMALA,0,1,1
TAMARI,0,1,1
TAMIRO,0,1,1
TANALYN,0,1,1
TANCREDI,0,1,1
TANE,0,1,1
TANEXA,0,1,1
TANG,0,1,1
TANIEL,0,1,1
TANINA,0,1,1
TANOR,0,1,1
TAORMINA,0,1,1
TARCILO,0,1,1
TARCISIA,0,1,1
TARCISO,0,1,1
TARDELY,0,1,1
TARET,0,1,1
TARID,0,1,1
TARIDE,0,1,1
TARINA,0,1,1
TARNAMIRO,0,1,1
TARSICIO,0,1,1
TATIANA PAOLA P,0,1,1
TATTIANA,0,1,1
TAUFFICK,0,1,1
TAUFY,0,1,1
TAURA,0,1,1
TAYANA,0,1,1
TAYCON,0,1,1
TAYNA,0,1,1
TEAFILA,0,1,1
TEBO,0,1,1
TECSIDO,0,1,1
TEDD,0,1,1
TEEISIS,0,1,1
TEFANI,0,1,1
TEHELMA ARACELI,0,1,1
TEHIDY,0,1,1
TEHINA,0,1,1
TELBA ROSA,0,1,1
TELE MACO,0,1,1
TELGIBETH,0,1,1
TELIO,0,1,1
TELLA,0,1,1
TELLITA,0,1,1
TELLITT,0,1,1
TELMA ARELY,0,1,1
TELMA AURISTELA,0,1,1
TELMA GEORGINA,0,1,1
TELMA LIDIA,0,1,1
TELMA MARINA,0,1,1
TELMA PETRONA,0,1,1
TELMA ROSA,0,1,1
TELMA SUYAPA,0,1,1
TELMA YAMILETH,0,1,1
TEMELDA,0,1,1
TEMISTOCLIS,0,1,1
TEMIXTOCLES,0,1,1
TEMOTEA,0,1,1
TEMPLE,0,1,1
TEMPLETON,0,1,1
TENELMA,0,1,1
TENILLE,0,1,1
TENNELLY,0,1,1
TEODIGO,0,1,1
TEODOLINDA MARG,0,1,1
TEODORA ALTAGRA,0,1,1
TEODORA MARTIR,0,1,1
TEODORICA,0,1,1
TEODORLINDA,0,1,1
TEODORO ENRIQUE,0,1,1
TEODOSCA,0,1,1
TEODOSIA LUCILA,0,1,1
TEOEDORO,0,1,1
TEOFANES,0,1,1
TEOFOLA,0,1,1
TEONILIA,0,1,1
TEORICIA,0,1,1
TEOSWALDO,0,1,1
TEOTISA,0,1,1
TEPESFOR,0,1,1
TEPORTAN,0,1,1
TEPTALI,0,1,1
TERENCY,0,1,1
TERES,0,1,1
TERESA AMELIA,0,1,1
TERESA AMPARO,0,1,1
TERESA DEL CARM,0,1,1
TERESA ISABEL,0,1,1
TERESA LILI,0,1,1
TERESA REYNA,0,1,1
TERESA ROSIBEL,0,1,1
TERESA SUYAPA,0,1,1
TERESA VERONICA,0,1,1
TERESE,0,1,1
TERESIA,0,1,1
TERESITA DE J,0,1,1
TERESSA,0,1,1
TEREVSKOVA,0,1,1
TEREZA ZELAYA,0,1,1
TERIBEL,0,1,1
TERIEFINA,0,1,1
TERISSA,0,1,1
TERIZ,0,1,1
TERLINE,0,1,1
TERRANCE,0,1,1
TERRESA,0,1,1
TERRISA,0,1,1
TERRONS,0,1,1
TERRUFINO,0,1,1
TERUEL,0,1,1
TESLASADY,0,1,1
TEUGENIO,0,1,1
TEUTILIA,0,1,1
TEYBETH,0,1,1
THADJISSMY,0,1,1
THAINA,0,1,1
THALMAY,0,1,1
THAMIL,0,1,1
THAOFIC,0,1,1
THDIC,0,1,1
THENDOR,0,1,1
THEODOMIRO,0,1,1
THEODOROS,0,1,1
THEOPHILUS,0,1,1
THERESINA,0,1,1
THERESITA,0,1,1
THERESSE,0,1,1
THEREZA,0,1,1
THERRIN,0,1,1
THESLER,0,1,1
THISBE,0,1,1
THOMSPSON,0,1,1
THOR,0,1,1
THORNE,0,1,1
THOROLDO,0,1,1
THOSUAT,0,1,1
THUY,0,1,1
TIBEL,0,1,1
TIBI,0,1,1
TIBURCIANO,0,1,1
TIEODORA,0,1,1
TIFA,0,1,1
TIHICHI,0,1,1
TILBE,0,1,1
TILBET,0,1,1
TILBETH,0,1,1
TILIANO,0,1,1
TILIS,0,1,1
TILITH,0,1,1
TILLMON,0,1,1
TILMAY,0,1,1
TILMO,0,1,1
TIMIO,0,1,1
TIMNA,0,1,1
TIMOTY,0,1,1
TINIDAD,0,1,1
TIRMO,0,1,1
TIRSHAN,0,1,1
TISBETH,0,1,1
TITO ALFONSO,0,1,1
TITO MANUEL,0,1,1
TITO NELL,0,1,1
TITO RENAN,0,1,1
TITY,0,1,1
TIVET,0,1,1
TIVINA,0,1,1
TIVURCIO,0,1,1
TIZOC,0,1,1
TLESLA,0,1,1
TOËIN,0,1,1
TOANI,0,1,1
TOBANI,0,1,1
TOBAR,0,1,1
TOBIAS ROSA,0,1,1
TOBILIO,0,1,1
TOBILLA,0,1,1
TOBIT,0,1,1
TODD,0,1,1
TOFFIC,0,1,1
TOGARMA,0,1,1
TOHOMAS,0,1,1
TOJEIRA,0,1,1
TOLCUATO,0,1,1
TOLEMAYDA,0,1,1
TOLEN,0,1,1
TOLENTIN,0,1,1
TOLIA,0,1,1
TOLIENTINO,0,1,1
TOLIS,0,1,1
TOM¦S,0,1,1
TOMACITO,0,1,1
TOMAS ALONSO,0,1,1
TOMAS FRANCISCO,0,1,1
TOMAS OVIDIO,0,1,1
TOMAS PASKAL,0,1,1
TOMASA ALICIA,0,1,1
TOMASA CIRILA,0,1,1
TOMASA ERLINDA,0,1,1
TOMASA PAULA,0,1,1
TOMASA SOFIA,0,1,1
TOMASAS,0,1,1
TOMED,0,1,1
TOMIC,0,1,1
TOMIRIS,0,1,1
TOMO,0,1,1
TONATHIU,0,1,1
TONCONAY,0,1,1
TONE,0,1,1
TONGUO,0,1,1
TONI¼O,0,1,1
TONILO,0,1,1
TONINEY,0,1,1
TONITO,0,1,1
TONO,0,1,1
TONY H,0,1,1
TO-O,0,1,1
TOPILZHIN,0,1,1
TOPITZXIL,0,1,1
TORCUATA,0,1,1
TORIBIANO,0,1,1
TOROTEO,0,1,1
TORRELL,0,1,1
TORREY,0,1,1
TOU,0,1,1
TOUILMIN,0,1,1
TOUREL,0,1,1
TOVEL,0,1,1
TOVETH,0,1,1
TOVIDES,0,1,1
TOVIT,0,1,1
TOWFIK,0,1,1
TOY,0,1,1
TOYLOR,0,1,1
TRACY ALEXANDRA,0,1,1
TRANQUILINA DEJ,0,1,1
TRANSACION,0,1,1
TRANSEU,0,1,1
TRANSITO YANET,0,1,1
TRANSLACION,0,1,1
TRAQUILINO,0,1,1
TRASEMA,0,1,1
TRAVIEL,0,1,1
TREBERTO,0,1,1
TRECYA,0,1,1
TREFINIA,0,1,1
TREICY,0,1,1
TREMINIO,0,1,1
TREMOF,0,1,1
TRESBINDO,0,1,1
TREVES,0,1,1
TREVIËO,0,1,1
TREWIN,0,1,1
TRIBERIO,0,1,1
TRIDAD,0,1,1
TRIFFANI,0,1,1
TRIFIDO,0,1,1
TRIGINIA,0,1,1
TRIGUIDIO,0,1,1
TRIJIDA,0,1,1
TRIJIDIO,0,1,1
TRILBEA,0,1,1
TRINIDAD AMPARO,0,1,1
TRINIDAD OFELIA,0,1,1
TRINIDAD REINA,0,1,1
TRINIDO,0,1,1
TRINILDA,0,1,1
TRINILIO,0,1,1
TRIQUINIO,0,1,1
TRISANTO,0,1,1
TRISILA,0,1,1
TRIUNFINA,0,1,1
TRNACITO,0,1,1
TROPHENIA,0,1,1
TRUADIS,0,1,1
TRUDES,0,1,1
TRUE,0,1,1
TRUS,0,1,1
TRYONE,0,1,1
TUANETH,0,1,1
TUBAL,0,1,1
TUBANI,0,1,1
TUBENIA,0,1,1
TUBINA,0,1,1
TUESLYN,0,1,1
TULA ALBERTINA,0,1,1
TULA MERCEDES,0,1,1
TULHARD,0,1,1
TULIA ERNESTINA,0,1,1
TULIIO,0,1,1
TULIO ALEJANDRO,0,1,1
TULIO ERNESTO,0,1,1
TULIO FIDENCIO,0,1,1
TULIO HECTOR,0,1,1
TULIO II,0,1,1
TULIO ISRAEL,0,1,1
TULIO JEOVANNY,0,1,1
TULIO JIM,0,1,1
TULIO MANUEL,0,1,1
TULMARA,0,1,1
TULUIO,0,1,1
TULY,0,1,1
TUNG,0,1,1
TUNIA,0,1,1
TUNILDA,0,1,1
TUNYI,0,1,1
TURBIDES,0,1,1
TURLEY,0,1,1
TURNER,0,1,1
TURVIDES,0,1,1
TUTANKAMON,0,1,1
TUVAL,0,1,1
TYANNE,0,1,1
TYLER,0,1,1
TYMOTHY,0,1,1
TYNE,0,1,1
TYRILL,0,1,1
TYSON,0,1,1
TZITIEL,0,1,1
TZUNG,0,1,1
U,0,1,1
U BELIA,0,1,1
U. MARIBEL,0,1,1
UABALDO,0,1,1
UALDINA,0,1,1
UALDO,0,1,1
UALTER,0,1,1
UBALDITRUDIS,0,1,1
UBALDO DE JESUS,0,1,1
UBALESCA,0,1,1
UBALTERIO,0,1,1
UBANES,0,1,1
UBANIO,0,1,1
UBDELIA,0,1,1
UBEDO,0,1,1
UBELY,0,1,1
UBENALDO,0,1,1
UBENCESLA,0,1,1
UBENCI,0,1,1
UBENDY,0,1,1
UBENILDA,0,1,1
UBENSIS,0,1,1
UBENY,0,1,1
UBERLI,0,1,1
UBERSINDA,0,1,1
UBES,0,1,1
UBETA,0,1,1
UBETH,0,1,1
UBETINA,0,1,1
UBIA,0,1,1
UBIDES,0,1,1
UBIDIO,0,1,1
UBIEDO,0,1,1
UBILDON,0,1,1
UBILEXI,0,1,1
UBILFRIDO,0,1,1
UBILGIO,0,1,1
UBILICIA,0,1,1
UBILTA,0,1,1
UBINALDO,0,1,1
UBINIA,0,1,1
UBITINA,0,1,1
UBITISIA,0,1,1
UBLICIS,0,1,1
UBTIMIO,0,1,1
UCALINA,0,1,1
UCAYALI,0,1,1
UCBELINA,0,1,1
UCIEL,0,1,1
UCLIVER,0,1,1
UCTIMIO,0,1,1
UDA,0,1,1
UDAD,0,1,1
UDBAN,0,1,1
UDBELINA,0,1,1
UDBERTO,0,1,1
UDDANESA,0,1,1
UDELI,0,1,1
UDETT,0,1,1
UDIA,0,1,1
UDIFIDO,0,1,1
UDILES,0,1,1
UDILFIO,0,1,1
UDILIA,0,1,1
UDINO,0,1,1
UDIRIA,0,1,1
UDIT,0,1,1
UDIVEC,0,1,1
UESTER,0,1,1
UFELIA,0,1,1
UFENER,0,1,1
UFRACIA,0,1,1
UFRAN,0,1,1
UFRASINA,0,1,1
UGALILE,0,1,1
UGAR,0,1,1
UGRACIA,0,1,1
UGUALDO,0,1,1
UGUET,0,1,1
UI,0,1,1
UILMES,0,1,1
UJENIA,0,1,1
UJENIO ANTONIO,0,1,1
UKRANIA,0,1,1
ULALEE,0,1,1
ULBANIA,0,1,1
ULBINA,0,1,1
ULBRICHT,0,1,1
ULCE,0,1,1
ULDEMAR,0,1,1
ULDEVI,0,1,1
ULDIVINA,0,1,1
ULDORICO,0,1,1
ULEMA,0,1,1
ULFIA,0,1,1
ULFIANO,0,1,1
ULFIDA,0,1,1
ULIANOV,0,1,1
ULIANOVICK,0,1,1
ULICED,0,1,1
ULIER,0,1,1
ULIEZER,0,1,1
ULISEB,0,1,1
ULISEER,0,1,1
ULISEN,0,1,1
ULISEO,0,1,1
ULISERE,0,1,1
ULISES DAVID,0,1,1
ULIXEN,0,1,1
ULIXY,0,1,1
ULLI,0,1,1
ULLOA,0,1,1
ULMAR,0,1,1
ULMARY,0,1,1
ULMYN,0,1,1
ULOGIO,0,1,1
ULPASIO,0,1,1
ULPICIA,0,1,1
ULPRANIA,0,1,1
ULTREYA,0,1,1
ULVINA,0,1,1
ULVIXS,0,1,1
ULYANOV,0,1,1
ULYSES,0,1,1
UMAN,0,1,1
UMARE,0,1,1
UMARGEN,0,1,1
UMARIA,0,1,1
UMARY,0,1,1
UMBALDO,0,1,1
UMEDIS,0,1,1
UMEL,0,1,1
UMELDA,0,1,1
UMERLINDA,0,1,1
UMERSINDA,0,1,1
UNBALDO,0,1,1
UNBERTICO,0,1,1
UNDOLFO,0,1,1
UNEIDA,0,1,1
UNERBINA,0,1,1
UNGILIA,0,1,1
UNGRIA,0,1,1
UNHBERTO,0,1,1
UNIBELL,0,1,1
UNIBERTO,0,1,1
UNICET,0,1,1
UNICETH,0,1,1
UNIL,0,1,1
UNILA,0,1,1
UNIO IRAN,0,1,1
UNIRIA,0,1,1
UNISE,0,1,1
UNISETH,0,1,1
UNISIS,0,1,1
UNITA,0,1,1
UNITH,0,1,1
UNSION,0,1,1
UNVELINDA,0,1,1
UNVERTINA,0,1,1
UOLDIN,0,1,1
UPANIA,0,1,1
UPANIO,0,1,1
UPRACIA,0,1,1
URAIMA,0,1,1
URALDA,0,1,1
URANA,0,1,1
URBACIO,0,1,1
URBALIS,0,1,1
URBANO DE JESUS,0,1,1
URBANY,0,1,1
URBELICIA,0,1,1
URBI,0,1,1
URBIDES,0,1,1
URBIDIA,0,1,1
URBIS,0,1,1
URBO,0,1,1
URCIA,0,1,1
URCINZA,0,1,1
URDALINA,0,1,1
URDEL,0,1,1
URDEN CENAYDA,0,1,1
URDEU,0,1,1
URDINA,0,1,1
URDIZ,0,1,1
UREÑA,0,1,1
UREAH,0,1,1
UREINA,0,1,1
URELIO,0,1,1
URELLA,0,1,1
URENA,0,1,1
URENCE,0,1,1
URENIAH,0,1,1
URENSE,0,1,1
URFALIA,0,1,1
URFINA,0,1,1
URGUETH,0,1,1
URIA H,0,1,1
URIANA,0,1,1
URIBE,0,1,1
URIBEL,0,1,1
URIC,0,1,1
URICELA,0,1,1
URIDES,0,1,1
URIDIS,0,1,1
URIETA,0,1,1
URINARDA,0,1,1
URIOS,0,1,1
URITH,0,1,1
URLVELINA,0,1,1
URMAN,0,1,1
URMARIO,0,1,1
URPANEA,0,1,1
URRACO,0,1,1
URSA,0,1,1
URSELEE,0,1,1
URSUCINA,0,1,1
URSULA CONSUELO,0,1,1
URSULA IVET,0,1,1
URTALIA,0,1,1
URTILIO,0,1,1
URUMILDA,0,1,1
URVEL,0,1,1
URVELINA,0,1,1
URVIDES,0,1,1
URVINIA,0,1,1
URZACK,0,1,1
URZULINA,0,1,1
USABEL,0,1,1
USALDO,0,1,1
USBALDINA,0,1,1
USBELA,0,1,1
USBEYDA,0,1,1
USCHI,0,1,1
USMAEL,0,1,1
USMANI,0,1,1
USMANY,0,1,1
USMARA,0,1,1
USMILDA,0,1,1
USMIN,0,1,1
USTAQUIO,0,1,1
USTILIO,0,1,1
USULINA,0,1,1
UTAY,0,1,1
UTLEY,0,1,1
UVALDI,0,1,1
UVALIO,0,1,1
UVALTERIO,0,1,1
UVANA,0,1,1
UVANIDE,0,1,1
UVANIS,0,1,1
UVAS,0,1,1
UVECE,0,1,1
UVENER,0,1,1
UVENIO,0,1,1
UVERLY,0,1,1
UVERNY,0,1,1
UVERTINA,0,1,1
UVERTO,0,1,1
UVIAR,0,1,1
UVIDACIN,0,1,1
UVIEDO,0,1,1
UVIER,0,1,1
UVILES,0,1,1
UVILFREDO,0,1,1
UVILI,0,1,1
UVILIA,0,1,1
UVILSA,0,1,1
UVILSE,0,1,1
UVILSEN,0,1,1
UVILSO,0,1,1
UVINALDO,0,1,1
UVIRSA,0,1,1
UVON,0,1,1
UVY,0,1,1
UWALDA,0,1,1
UWUALDINA,0,1,1
UZRIAH,0,1,1
UZUEL,0,1,1
UZUIEL,0,1,1
VACLIV,0,1,1
VADANYS,0,1,1
VADESA,0,1,1
VADEZA,0,1,1
VADI,0,1,1
VADIRIS,0,1,1
VAGBERTO,0,1,1
VAGELO,0,1,1
VAGUELY,0,1,1
VAID,0,1,1
VAJIER,0,1,1
VAL,0,1,1
VALAHI,0,1,1
VALASTER,0,1,1
VALAYNS,0,1,1
VALBIN,0,1,1
VALCEMINA,0,1,1
VALDARINE,0,1,1
VALDERINE,0,1,1
VALDES,0,1,1
VALDETRUDIZ,0,1,1
VALDINE,0,1,1
VALDIS,0,1,1
VALDOMERA,0,1,1
VALDY HERNAN,0,1,1
VALECIA,0,1,1
VALEHRIANO,0,1,1
VALEIR,0,1,1
VALEMTINA,0,1,1
VALENCIANO,0,1,1
VALENIA,0,1,1
VALENTA,0,1,1
VALENTAIN,0,1,1
VALENTE ANDRES,0,1,1
VALENTIM,0,1,1
VALENTIN R,0,1,1
VALENTIN VIDAL,0,1,1
VALENTINA MAURA,0,1,1
VALENY,0,1,1
VALEON,0,1,1
VALERIA SENAIDA,0,1,1
VALERIANO M,0,1,1
VALERLIANO,0,1,1
VALERY BORIS,0,1,1
VALESA,0,1,1
VALESCKA,0,1,1
VALESQUEZ,0,1,1
VALESSCA,0,1,1
VALGINE,0,1,1
VALISKA,0,1,1
VALIZ,0,1,1
VALLE,0,1,1
VALLECILLO,0,1,1
VALLEN,0,1,1
VALLESKA,0,1,1
VALLI,0,1,1
VALLIN,0,1,1
VALLONY,0,1,1
VALNITA,0,1,1
VALOHIS,0,1,1
VALOHIZ,0,1,1
VALOISA,0,1,1
VALOYS,0,1,1
VALSA,0,1,1
VALTAVINA,0,1,1
VALTAZAR,0,1,1
VALTERINA,0,1,1
VALTHEMAR,0,1,1
VALUBI,0,1,1
VALVIS,0,1,1
VAMAN,0,1,1
VAMILETH,0,1,1
VAN DEN,0,1,1
VAN DYKE,0,1,1
VAN GOBEL,0,1,1
VAN HANS,0,1,1
VANA,0,1,1
VANATH,0,1,1
VANBUREN,0,1,1
VANCICLE,0,1,1
VANDEKER,0,1,1
VANDELINE,0,1,1
VANDELINO,0,1,1
VANDILIA,0,1,1
VANDOL,0,1,1
VANECIA,0,1,1
VANECY,0,1,1
VANELSA,0,1,1
VANERGE,0,1,1
VANESSA CAROLIN,0,1,1
VANESSIA,0,1,1
VANESZA,0,1,1
VANETH,0,1,1
VANETTE,0,1,1
VANEZCA,0,1,1
VANEZZA,0,1,1
VANG,0,1,1
VANGELI,0,1,1
VANGELISTO,0,1,1
VANI CECILIA,0,1,1
VANIDARDO,0,1,1
VANIEL,0,1,1
VANIT,0,1,1
VANKIRK,0,1,1
VANNLEY,0,1,1
VANOLLY,0,1,1
VANRRICK,0,1,1
VANTROI,0,1,1
VANWOOD,0,1,1
VANYA,0,1,1
VANZZETY,0,1,1
VARDIS,0,1,1
VARENIA,0,1,1
VARENICIA SOFIA,0,1,1
VARENKA,0,1,1
VARI,0,1,1
VARIANA,0,1,1
VARICIA,0,1,1
VARINEA,0,1,1
VARINIO,0,1,1
VARINNIA,0,1,1
VARNON,0,1,1
VAROLINA,0,1,1
VARONA,0,1,1
VARONNIA,0,1,1
VARSALEE,0,1,1
VASANIA,0,1,1
VASETHA,0,1,1
VASHTI,0,1,1
VASILICIO,0,1,1
VASONIA,0,1,1
VASQUEL,0,1,1
VASSESA,0,1,1
VAUGHN,0,1,1
VAYAHIN,0,1,1
VAYANARA,0,1,1
VAYOY,0,1,1
VAZARETH,0,1,1
VCIITACION,0,1,1
VEBSAIDA,0,1,1
VECTALIA,0,1,1
VECTELMINA,0,1,1
VECTI,0,1,1
VECTSHAY,0,1,1
VECZAIDA,0,1,1
VEDALINA,0,1,1
VEDALINO,0,1,1
VEDAS,0,1,1
VEDDREDIA,0,1,1
VEDELI,0,1,1
VEDETTE,0,1,1
VEDIS MAESIS,0,1,1
VEDONIA,0,1,1
VEDULIA,0,1,1
VEEL,0,1,1
VEEZAIDA,0,1,1
VEFREDO,0,1,1
VEGLINO,0,1,1
VEHAM,0,1,1
VEINEY,0,1,1
VEJASMIN,0,1,1
VEL HUMBERTO,0,1,1
VELDA IRIS,0,1,1
VELEBARDO,0,1,1
VELEIN,0,1,1
VELENIA,0,1,1
VELERIA,0,1,1
VELERIANA,0,1,1
VELIA ALEIDA,0,1,1
VELIA LISZET,0,1,1
VELIAL,0,1,1
VELIDA,0,1,1
VELIS MORELO,0,1,1
VELISCA,0,1,1
VELIVERTO,0,1,1
VELL,0,1,1
VELLALETH,0,1,1
VELLEL,0,1,1
VELLENUE,0,1,1
VELLINA,0,1,1
VELMAN,0,1,1
VELONICA,0,1,1
VELSAMARI,0,1,1
VELSASAR,0,1,1
VELTINA,0,1,1
VELTRAD,0,1,1
VELVINO,0,1,1
VELYS,0,1,1
VENANCIOS,0,1,1
VENARDO,0,1,1
VENAREANDA,0,1,1
VENCEDORA,0,1,1
VENCINE,0,1,1
VENDREDI,0,1,1
VENECIO,0,1,1
VENEDICE,0,1,1
VENEDIGNA,0,1,1
VENERABIE,0,1,1
VENESER,0,1,1
VENET,0,1,1
VENETHIA,0,1,1
VENETIA,0,1,1
VENEY,0,1,1
VENIDIO,0,1,1
VENIFRED,0,1,1
VENILIA,0,1,1
VENINA,0,1,1
VENINNA,0,1,1
VENISCE,0,1,1
VENITIA,0,1,1
VENNESSA,0,1,1
VENNEZA,0,1,1
VENOLA,0,1,1
VENTURA ISABEL,0,1,1
VENTURA LUZ,0,1,1
VENTURITA,0,1,1
VENTURO,0,1,1
VENUNY,0,1,1
VENUR,0,1,1
VENUS ARGOL,0,1,1
VENUSINA,0,1,1
VERADONY,0,1,1
VERALDO,0,1,1
VERALICE,0,1,1
VERALISS,0,1,1
VERAMIN,0,1,1
VERANIA,0,1,1
VERANICA,0,1,1
VERaNICA,0,1,1
VERANICE,0,1,1
VERANIZA,0,1,1
VERAUNIS,0,1,1
VERAY,0,1,1
VERCELLIO,0,1,1
VERCELLITE,0,1,1
VERCILI,0,1,1
VERDADERA,0,1,1
VERDER,0,1,1
VERDETA,0,1,1
VERDETTA,0,1,1
VERDUM,0,1,1
VERE,0,1,1
VERELDA,0,1,1
VEREMNA,0,1,1
VEREMUNDO,0,1,1
VERENESE,0,1,1
VERENISIA,0,1,1
VERENIZ,0,1,1
VERENNISSE,0,1,1
VERGELIN,0,1,1
VERGIL,0,1,1
VERGILE,0,1,1
VERIANANCE,0,1,1
VERIDNA,0,1,1
VERILDO,0,1,1
VERINENCE,0,1,1
VERIRIANA,0,1,1
VERIS,0,1,1
VERLANINA,0,1,1
VERLENA,0,1,1
VERLIOS,0,1,1
VERLOMINIA,0,1,1
VERNALDINO,0,1,1
VERNARDETT,0,1,1
VERNEISE,0,1,1
VERNER,0,1,1
VERONICA ELIZAB,0,1,1
VERONICA SUYAPA,0,1,1
VERONICIA,0,1,1
VEROUSHKA,0,1,1
VERQUEIRY,0,1,1
VERQUELY,0,1,1
VERSAI,0,1,1
VERSAID,0,1,1
VERSALIA,0,1,1
VERSALIDIA,0,1,1
VERSALINA,0,1,1
VERSALLE,0,1,1
VERSAN,0,1,1
VERSARY,0,1,1
VERSEVERANDA,0,1,1
VERSEY,0,1,1
VERSI,0,1,1
VERTILIA ESPERA,0,1,1
VERTO,0,1,1
VERTONY,0,1,1
VERZABE,0,1,1
VESALIO,0,1,1
VESARABIA,0,1,1
VESAU,0,1,1
VESAYDA,0,1,1
VESDENIA,0,1,1
VESELIN,0,1,1
VESICES,0,1,1
VESIN,0,1,1
VESPERTINA,0,1,1
VESSIS,0,1,1
VESTER,0,1,1
VESTERVILL,0,1,1
VETANIA,0,1,1
VETEL,0,1,1
VETELBINA,0,1,1
VETELHIUS,0,1,1
VETELVINA,0,1,1
VETILIA,0,1,1
VETILU,0,1,1
VETIZ,0,1,1
VETUEL,0,1,1
VETUL,0,1,1
VETUVELA,0,1,1
VEVERLI,0,1,1
VEWORT,0,1,1
VEXAHIDA,0,1,1
VEYALIN,0,1,1
VEYINE,0,1,1
VHERNIX,0,1,1
VIA NNEY,0,1,1
VIACTOR GONZALO,0,1,1
VIAEL,0,1,1
VIAGNEY,0,1,1
VIAILES,0,1,1
VIAINNEY,0,1,1
VIALETH,0,1,1
VIAMARO,0,1,1
VIAMEY,0,1,1
VIAMIL,0,1,1
VIAN  NEY,0,1,1
VIAN NEY,0,1,1
VIANEC,0,1,1
VIANELIS,0,1,1
VIANER,0,1,1
VIANETT,0,1,1
VIANEYY,0,1,1
VIANNET,0,1,1
VIANNETH,0,1,1
VIAN-NEY,0,1,1
VIANNOY,0,1,1
VIASELY,0,1,1
VIAYNE,0,1,1
VIBAN,0,1,1
VIBEKE,0,1,1
VIBIANDI,0,1,1
VIBINA,0,1,1
VICDEL,0,1,1
VICDELIA,0,1,1
VICDIEL,0,1,1
VICELA,0,1,1
VICENC,0,1,1
VICENCE,0,1,1
VICENCINA,0,1,1
VICENSSO,0,1,1
VICENTA APALIA,0,1,1
VICENTA AZUCENA,0,1,1
VICENTA MARIBEL,0,1,1
VICENTE DEPAUL,0,1,1
VICENTE JESUS,0,1,1
VICENTE JOSE,0,1,1
VICENTE RAFAEL,0,1,1
VICENTE REYES,0,1,1
VICENTES,0,1,1
VICENTICO,0,1,1
VICENTYA,0,1,1
VICIFREDO,0,1,1
VICINIO,0,1,1
VICIR,0,1,1
VICKDARY,0,1,1
VICKY CATALINA,0,1,1
VICMAR,0,1,1
VICNODETH,0,1,1
VICONETH,0,1,1
VICTANNE,0,1,1
VICTARE,0,1,1
VICTEL,0,1,1
VICTERIO,0,1,1
VICTOR  MANUEL,0,1,1
VICTOR ALEXIS,0,1,1
VICTOR ANTONIA,0,1,1
VICTOR DE JESUS,0,1,1
VICTOR ELOY,0,1,1
VICTOR HENRIQUE,0,1,1
VICTOR HUGO,0,1,1
VICTOR LEVI,0,1,1
VICTOR MARTIR,0,1,1
VICTOR NEFTALI,0,1,1
VICTOR ROLANDO,0,1,1
VICTOR SANTOS,0,1,1
VICTOR VENTURA,0,1,1
VICTOREANA,0,1,1
VICTORENCE,0,1,1
VICTORI,0,1,1
VICTORIA  CONST,0,1,1
VICTORIA ELSY,0,1,1
VICTORIA ISABEL,0,1,1
VICTORIA RAMONA,0,1,1
VICTORILA,0,1,1
VICTORIN,0,1,1
VICY,0,1,1
VID,0,1,1
VIDAHI,0,1,1
VIDAHIL,0,1,1
VIDAKBEL,0,1,1
VIDAL TENORIO,0,1,1
VIDALEA,0,1,1
VIDALID,0,1,1
VIDALY,0,1,1
VIDAMIS,0,1,1
VIDARDO,0,1,1
VIDARI,0,1,1
VIDASOL,0,1,1
VIDAURA,0,1,1
VIDDELIO,0,1,1
VIDDONIO,0,1,1
VIDEC,0,1,1
VIDELINA,0,1,1
VIDELITA,0,1,1
VIDELMA,0,1,1
VIDELTA,0,1,1
VIDELUZ,0,1,1
VIDES MUNDO,0,1,1
VIDETT,0,1,1
VIDIER,0,1,1
VIDKAR,0,1,1
VIDUVINA,0,1,1
VIEL,0,1,1
VIELKA SUYAPA,0,1,1
VIER,0,1,1
VIERONICA,0,1,1
VIESVONOBA,0,1,1
VIETNAY,0,1,1
VIFIAN,0,1,1
VIGABRIEL,0,1,1
VIGAHIL,0,1,1
VIGANEY,0,1,1
VIGDIER,0,1,1
VIGDIZ,0,1,1
VIGILDO,0,1,1
VIGNELIO,0,1,1
VIGTORIA,0,1,1
VIGUEL,0,1,1
VIJIL,0,1,1
VIKEY,0,1,1
VIKTOR,0,1,1
VILAM,0,1,1
VILANEA,0,1,1
VILANIO,0,1,1
VILDA LILA,0,1,1
VILDALDINA,0,1,1
VILDEZ,0,1,1
VILDREDES,0,1,1
VILELY,0,1,1
VILENA,0,1,1
VILENDY,0,1,1
VILEX,0,1,1
VILFA,0,1,1
VILHELM,0,1,1
VILINDA,0,1,1
VILINEY,0,1,1
VILIO,0,1,1
VILITI,0,1,1
VILLA MARGOT,0,1,1
VILLA NUEVA,0,1,1
VILLACELY,0,1,1
VILLADEIT,0,1,1
VILLAFRANCA,0,1,1
VILLAIL,0,1,1
VILLALITH,0,1,1
VILLALVIR,0,1,1
VILLAMEL,0,1,1
VILLAMINA,0,1,1
VILLAMOR,0,1,1
VILLANCY,0,1,1
VILLANEIS,0,1,1
VILLANEK,0,1,1
VILLANETH,0,1,1
VILLANUE,0,1,1
VILLASELI,0,1,1
VILLATRIZ,0,1,1
VILLAVIL,0,1,1
VILLELVIR,0,1,1
VILLELY,0,1,1
VILLENY,0,1,1
VILLITH,0,1,1
VILLORESI,0,1,1
VILMA AUXILIADO,0,1,1
VILMA BETTY,0,1,1
VILMA DORI,0,1,1
VILMA ESTELA,0,1,1
VILMA GLADYS,0,1,1
VILMA JANETH,0,1,1
VILMA MARIA,0,1,1
VILMA SOCORRO,0,1,1
VILMA YANETH,0,1,1
VILMEDA,0,1,1
VILO,0,1,1
VILONY,0,1,1
VILPE,0,1,1
VILSOMINA,0,1,1
VILSONIA,0,1,1
VINANCIO,0,1,1
VINCULA,0,1,1
VINDALIA,0,1,1
VINDELIO,0,1,1
VINDONIA,0,1,1
VINELL,0,1,1
VINELLI,0,1,1
VINETTE,0,1,1
VINEY,0,1,1
VINIC,0,1,1
VININ,0,1,1
VINISSIO,0,1,1
VINITRY,0,1,1
VINNITSA,0,1,1
VINNUI,0,1,1
VINOSIS,0,1,1
VINROD,0,1,1
VINSON,0,1,1
VINUEZA,0,1,1
VINWORO,0,1,1
VIOLENDA,0,1,1
VIOLETH,0,1,1
VIONEL,0,1,1
VIREY,0,1,1
VIRGENCINA,0,1,1
VIRGENES,0,1,1
VIRGILENIA,0,1,1
VIRGILIIO,0,1,1
VIRGINAIR,0,1,1
VIRGINCA,0,1,1
VIRGINE,0,1,1
VIRGINIA DE JES,0,1,1
VIRGINIA EDUVIG,0,1,1
VIRGINIA JANETH,0,1,1
VIRGUINIA,0,1,1
VIRINIA,0,1,1
VIRINO,0,1,1
VIRIS,0,1,1
VIRLANDES,0,1,1
VIRMARI,0,1,1
VIRMARIA,0,1,1
VIRTUD,0,1,1
VIRY,0,1,1
VISABY,0,1,1
VISAI,0,1,1
VISAVI,0,1,1
VISAY,0,1,1
VISELDA,0,1,1
VISIA,0,1,1
VISIDANIA,0,1,1
VISILACION,0,1,1
VISMARCK,0,1,1
VISMARY,0,1,1
VISTELA,0,1,1
VITA ARMANDA,0,1,1
VITALY,0,1,1
VITECINDA,0,1,1
VITELIN,0,1,1
VITERIA,0,1,1
VITERMA,0,1,1
VITINIA,0,1,1
VITIO,0,1,1
VITNA,0,1,1
VITO IRATON,0,1,1
VITOR,0,1,1
VITTENIO,0,1,1
VITTON,0,1,1
VITTORIA,0,1,1
VIUDA,0,1,1
VIVAD,0,1,1
VIVALINA,0,1,1
VIVAR,0,1,1
VIVAS,0,1,1
VIVECKA,0,1,1
VIVIANDI,0,1,1
VIVIANY,0,1,1
VIVICIS,0,1,1
VIVID,0,1,1
VIVIENTE,0,1,1
VIVILIA,0,1,1
VIVINA LETICIA,0,1,1
VIVINDA,0,1,1
VIXAVEL,0,1,1
VIYANEL,0,1,1
VIYE,0,1,1
VIZZUETH,0,1,1
VLADEMIR,0,1,1
VLADESKA,0,1,1
VLADHIMIR,0,1,1
VLADIHMIRCHT,0,1,1
VLADISLAV,0,1,1
VLAS,0,1,1
VLAVIA,0,1,1
VLAZ,0,1,1
VLAZTIMIL,0,1,1
VOILEA,0,1,1
VOLOIS,0,1,1
VON,0,1,1
VONETTE,0,1,1
VORELY,0,1,1
VORIS,0,1,1
VORNON,0,1,1
VOSCO,0,1,1
VRICELIA,0,1,1
VUCKOSLAV MARIO,0,1,1
VUENERGES,0,1,1
W  GODOFREDO,0,1,1
W ILSON,0,1,1
WAALMER,0,1,1
WADALID,0,1,1
WADANERGE,0,1,1
WADHI,0,1,1
WADID,0,1,1
WADILIA CHEJADE,0,1,1
WAGNERINA,0,1,1
WAIK,0,1,1
WAIKOLDA,0,1,1
WAILOON,0,1,1
WAISEN,0,1,1
WAITER,0,1,1
WAIYIP,0,1,1
WAKELIN,0,1,1
WALADIMIR,0,1,1
WALAESKA,0,1,1
WALASKA,0,1,1
WALASKI,0,1,1
WALCLUYRIA,0,1,1
WALDATRUDYS,0,1,1
WALDEMARIO,0,1,1
WALDEMARK,0,1,1
WALDEMER,0,1,1
WALDEMIR,0,1,1
WALDENA,0,1,1
WALDESTRUDIZ,0,1,1
WALDEZKA,0,1,1
WALDHEY,0,1,1
WALDIMIRA,0,1,1
WALDINE,0,1,1
WALDINER,0,1,1
WALDIQUER,0,1,1
WALDIRIA,0,1,1
WALDO LOIS,0,1,1
WALDROM,0,1,1
WALDUIN,0,1,1
WALDYNA,0,1,1
WALED,0,1,1
WALEESKA,0,1,1
WALEKA,0,1,1
WALENDA,0,1,1
WALESCA DE DIOS,0,1,1
WALESIA,0,1,1
WALESKFA,0,1,1
WALESTA,0,1,1
WALETZKA,0,1,1
WALEXA,0,1,1
WALEXIS,0,1,1
WALHERY,0,1,1
WALINOSKA,0,1,1
WALINOZKA,0,1,1
WALKED,0,1,1
WALKESKA,0,1,1
WALKINA,0,1,1
WALKIRY,0,1,1
WALKIS,0,1,1
WALKYDIA,0,1,1
WALLAN,0,1,1
WALLES,0,1,1
WALLESCA,0,1,1
WALLESCKA,0,1,1
WALLESK,0,1,1
WALLINTON,0,1,1
WALLMAN,0,1,1
WALMORY,0,1,1
WALQUIRA,0,1,1
WALQUISIA,0,1,1
WALTER ALEXANDE,0,1,1
WALTER YOBANY,0,1,1
WALTERO,0,1,1
WALTONIS,0,1,1
WALTTERIO,0,1,1
WALYIN,0,1,1
WAN XING,0,1,1
WANBERG,0,1,1
WANCHASTER,0,1,1
WANDELINA,0,1,1
WANDERLEA,0,1,1
WANDIQUE,0,1,1
WANDISA,0,1,1
WANDOLF,0,1,1
WANEDA,0,1,1
WANESA,0,1,1
WANGHNER ADELMO,0,1,1
WANHER,0,1,1
WANI,0,1,1
WANLHEFF,0,1,1
WANWICK,0,1,1
WARD JR,0,1,1
WARESKA,0,1,1
WARGENY,0,1,1
WARGNER,0,1,1
WARKY,0,1,1
WARLIC,0,1,1
WARMENIA,0,1,1
WARQUIDIA,0,1,1
WARVICK,0,1,1
WASHIGTON,0,1,1
WASHINGNTON,0,1,1
WASNER,0,1,1
WASVALDO,0,1,1
WATERINA,0,1,1
WATERLENY,0,1,1
WATTY,0,1,1
WAUM,0,1,1
WAVELL,0,1,1
WAYANY,0,1,1
WAYAS,0,1,1
WAYLON,0,1,1
WAYLY,0,1,1
WAYNER,0,1,1
WAYNNETH,0,1,1
WEBELL,0,1,1
WEDAT,0,1,1
WEDICEM,0,1,1
WEINER,0,1,1
WEIZMANN,0,1,1
WELANY,0,1,1
WELBIS,0,1,1
WELETT,0,1,1
WELKIE,0,1,1
WELLBY JAMES,0,1,1
WELLHI,0,1,1
WELLIAM,0,1,1
WELLIE,0,1,1
WELLIY,0,1,1
WELNGLAN,0,1,1
WELSER,0,1,1
WELZABETH,0,1,1
WENCELADA,0,1,1
WENCER,0,1,1
WENCESLADIS,0,1,1
WENCIO,0,1,1
WENCIOLO,0,1,1
WENCISLAO,0,1,1
WENDALET,0,1,1
WENDALID,0,1,1
WENDALL,0,1,1
WENDELYNE,0,1,1
WENDERLAY,0,1,1
WENDOLE,0,1,1
WENDOLEENE,0,1,1
WENDULE,0,1,1
WENDY CARINA,0,1,1
WENDY SARAI,0,1,1
WENREAVES,0,1,1
WENS,0,1,1
WENSI,0,1,1
WENTE,0,1,1
WERNERALEXANDER,0,1,1
WERNHER,0,1,1
WES,0,1,1
WESCESLAO,0,1,1
WESMAN,0,1,1
WESMORE,0,1,1
WEST,0,1,1
WESTER,0,1,1
WESTERN,0,1,1
WESTHALL,0,1,1
WESTON,0,1,1
WETHERALL,0,1,1
WETSABE,0,1,1
WETTA,0,1,1
WEWSTHON,0,1,1
WHALDINA,0,1,1
WHENDOLYN,0,1,1
WHIFFORD,0,1,1
WHILLIAMS,0,1,1
WHITLOCK,0,1,1
WHITY,0,1,1
WHORVIN,0,1,1
WHTIMAN,0,1,1
WHYMON,0,1,1
WIALLIAMS,0,1,1
WIDADINA,0,1,1
WIDAL,0,1,1
WIDILBERTO,0,1,1
WIDONESA,0,1,1
WIHDELIN,0,1,1
WIHJON,0,1,1
WIIL,0,1,1
WIL BURN,0,1,1
WIL FREDIS,0,1,1
WILBA,0,1,1
WILBORD,0,1,1
WILBOUR,0,1,1
WILCIO,0,1,1
WILDENBERTO,0,1,1
WILDO,0,1,1
WILDROD,0,1,1
WILFIELD,0,1,1
WILFIO,0,1,1
WILFREDP,0,1,1
WILFRESO SANTOS,0,1,1
WILHEIMINA,0,1,1
WILHELMINA,0,1,1
WILHELON,0,1,1
WILHEMA,0,1,1
WILIBRAND,0,1,1
WILIMAN,0,1,1
WILIMINA,0,1,1
WILIVAN,0,1,1
WILIX,0,1,1
WILKEL,0,1,1
WILKI,0,1,1
WILKOSKY,0,1,1
WILL ALFREDO,0,1,1
WILLANEY,0,1,1
WILLBORT,0,1,1
WILLEBRANDS,0,1,1
WILLEMAINA,0,1,1
WILLIANSON,0,1,1
WILLIANZON,0,1,1
WILLIARD,0,1,1
WILLIHAM,0,1,1
WILLIMS,0,1,1
WILLISON,0,1,1
WILLMERS,0,1,1
WILLMUTH,0,1,1
WILLORD,0,1,1
WILLSONS,0,1,1
WILLST,0,1,1
WILLY BRANT,0,1,1
WILMAN VICTALI,0,1,1
WILMER BERNABE,0,1,1
WILMER JAVIER,0,1,1
WILMER JEOVANY,0,1,1
WILMER OMAR,0,1,1
WILMERSON,0,1,1
WILMIRTH,0,1,1
WILMONT,0,1,1
WILMOORE,0,1,1
WILOR,0,1,1
WILOTH,0,1,1
WILRICH,0,1,1
WILRICK,0,1,1
WILSERT,0,1,1
WILSIO,0,1,1
WILSIS,0,1,1
WILSOM,0,1,1
WIN,0,1,1
WINDFIELO,0,1,1
WINDOLL,0,1,1
WINGBERTO,0,1,1
WINGTER,0,1,1
WINICY,0,1,1
WINITH,0,1,1
WINKLER,0,1,1
WINLEY,0,1,1
WINNEEFRED,0,1,1
WINOLIA,0,1,1
WINONAH,0,1,1
WINORVA,0,1,1
WINSLOUU,0,1,1
WINSLOW,0,1,1
WINWARD,0,1,1
WIRILDA,0,1,1
WISA,0,1,1
WISELI,0,1,1
WISELY,0,1,1
WISTONS,0,1,1
WITHEL,0,1,1
WITHNEY,0,1,1
WITILA,0,1,1
WITSEL,0,1,1
WITSON,0,1,1
WITUI,0,1,1
WIULFREDO,0,1,1
WIULLIAMS,0,1,1
WIYETH,0,1,1
WIZHART,0,1,1
WLADINA,0,1,1
WLAIDSLAO,0,1,1
WLBERTO,0,1,1
WLESKA,0,1,1
WLHELMINA,0,1,1
WLICES,0,1,1
WLISES,0,1,1
WLKIC,0,1,1
WLONMYN,0,1,1
WLOVAGNA,0,1,1
WLUNDIMER,0,1,1
WLVER,0,1,1
WODROW,0,1,1
WOISE,0,1,1
WOLFGANG EMILIO,0,1,1
WOLMEY,0,1,1
WOLSTEAD,0,1,1
WOLSWORT,0,1,1
WONDY,0,1,1
WOODBRY,0,1,1
WOODHOCK,0,1,1
WOODSON,0,1,1
WOODVILLE,0,1,1
WOULWORST,0,1,1
WOWUELL,0,1,1
WREI,0,1,1
WREIS,0,1,1
WRIEL,0,1,1
WRIGHT,0,1,1
WRILFIDA,0,1,1
WRITASON,0,1,1
WRITER,0,1,1
WSVALDO,0,1,1
WUA,0,1,1
WUAIDINA,0,1,1
WUALDITRUDIZ,0,1,1
WUALER,0,1,1
WUALESCA,0,1,1
WUALESCKA,0,1,1
WUALIVAN,0,1,1
WUALLYS,0,1,1
WUANDALY,0,1,1
WUANILETH,0,1,1
WUARBUTON,0,1,1
WUAYRA HASSA,0,1,1
WUBENCE,0,1,1
WUEDY,0,1,1
WUELDER,0,1,1
WUELMER,0,1,1
WUENCESLAO OVID,0,1,1
WUESESLAO,0,1,1
WUESLE,0,1,1
WUETH,0,1,1
WUIDALYS,0,1,1
WUILANDO,0,1,1
WUILBOR,0,1,1
WUILDON,0,1,1
WUILFRIDA,0,1,1
WUILIAS,0,1,1
WUILIO,0,1,1
WUILLIN,0,1,1
WUILME,0,1,1
WUILOT,0,1,1
WUILTRIDES,0,1,1
WUINDELIA,0,1,1
WUINDER,0,1,1
WUINIFRED,0,1,1
WUINROY,0,1,1
WUIOVER,0,1,1
WUISIFREDO,0,1,1
WUISOL,0,1,1
WUIY,0,1,1
WULICES,0,1,1
WULMARA,0,1,1
WULMERT,0,1,1
WULNARAH,0,1,1
WUSTRIBERTA,0,1,1
WUVALDINA,0,1,1
WWALESCA,0,1,1
WYBERT,0,1,1
WYBURT,0,1,1
WYCLIF,0,1,1
WYGAN,0,1,1
WYNDIE,0,1,1
WYNFRY,0,1,1
WYNNIVER,0,1,1
WYNTER,0,1,1
WYUILBER,0,1,1
XABIAR,0,1,1
XAHIL,0,1,1
XAMAN E.K,0,1,1
XAMARA,0,1,1
XAMMAR,0,1,1
XANADUX,0,1,1
XANEZKY,0,1,1
XAVIEL,0,1,1
XAVIELS,0,1,1
XAVIER ZACARIAS,0,1,1
XEGOVINA,0,1,1
XELA,0,1,1
XELAN,0,1,1
XELENA,0,1,1
XELENIA,0,1,1
XERXES,0,1,1
XHIOMARA,0,1,1
XIADIRA,0,1,1
XIANY,0,1,1
XIAO CHAO,0,1,1
XIAO PING,0,1,1
XICHEL,0,1,1
XIE,0,1,1
XIGRIDI,0,1,1
XILOIDINA,0,1,1
XILSIA,0,1,1
XIMENA MORGANA,0,1,1
XIMORA,0,1,1
XIN JIMMY,0,1,1
XINORA,0,1,1
XIOAMARA,0,1,1
XIOBAN,0,1,1
XIOCHITA,0,1,1
XIOJAN,0,1,1
XIOLETH,0,1,1
XIOLILA,0,1,1
XIOMADA,0,1,1
XIOMARA WALEZKA,0,1,1
XIOMARA YANET,0,1,1
XIOMARA},0,1,1
XIOMENA,0,1,1
XIOMIL,0,1,1
XIONAR,0,1,1
XIONELY,0,1,1
XIONG,0,1,1
XISEL,0,1,1
XISMENA,0,1,1
XIUMAR,0,1,1
XOCHEL,0,1,1
XOCHIL ZELENE,0,1,1
XOCHILI,0,1,1
XOCHIQUELZAL,0,1,1
XOESELI,0,1,1
XOMALA,0,1,1
XU,0,1,1
XULEMA,0,1,1
XUNIN,0,1,1
XUR-EK,0,1,1
Y CAROLINA,0,1,1
Y MARIA,0,1,1
Y MOISES,0,1,1
YAÑE,0,1,1
YAANETH,0,1,1
YAASETH,0,1,1
YABAN,0,1,1
YABANIS,0,1,1
YABANIY,0,1,1
YABED,0,1,1
YABIDA,0,1,1
YABIDIS,0,1,1
YABILEX,0,1,1
YABINA,0,1,1
YABINEX,0,1,1
YABONEL,0,1,1
YABRIAN,0,1,1
YACAIRA,0,1,1
YACALENI,0,1,1
YACALENY,0,1,1
YACAMARA,0,1,1
YACANNA,0,1,1
YACASTA,0,1,1
YACED,0,1,1
YACELIA,0,1,1
YACEMI,0,1,1
YACEMIA,0,1,1
YACENA,0,1,1
YACENIZ,0,1,1
YACENYA,0,1,1
YACERI,0,1,1
YACETH,0,1,1
YACHEL,0,1,1
YACHIN,0,1,1
YACIEL,0,1,1
YACILE,0,1,1
YACINA,0,1,1
YACIRIS,0,1,1
YACKELIM,0,1,1
YACKELLIN,0,1,1
YACKELY,0,1,1
YACKLIE,0,1,1
YACMINA,0,1,1
YACOBY,0,1,1
YACODIN,0,1,1
YACONDA,0,1,1
YACOVID,0,1,1
YACQUELINEE,0,1,1
YACQUELINNE,0,1,1
YACUB JADALLAH,0,1,1
YADA MET,0,1,1
YADALIS,0,1,1
YADASMINA,0,1,1
YADBANIA,0,1,1
YADDIRA,0,1,1
YADED,0,1,1
YADELIN,0,1,1
YADELINEX,0,1,1
YADELNIRA,0,1,1
YADELYS,0,1,1
YADEMIRA,0,1,1
YADERA,0,1,1
YADERMAN,0,1,1
YADERMI,0,1,1
YADES,0,1,1
YADET,0,1,1
YADETH,0,1,1
YADETSSA,0,1,1
YADEZA,0,1,1
YADIBEL,0,1,1
YADICENIA,0,1,1
YADICK,0,1,1
YADICSA,0,1,1
YADID,0,1,1
YADIEL,0,1,1
YADIESKA,0,1,1
YADILA,0,1,1
YADILE,0,1,1
YADILET,0,1,1
YADILI,0,1,1
YADILL,0,1,1
YADILRA,0,1,1
YADIMIR,0,1,1
YADIRAH,0,1,1
YADIRATH,0,1,1
YADIRETH,0,1,1
YADIRY,0,1,1
YADMIL,0,1,1
YADYHRA,0,1,1
YADYNA,0,1,1
YAEEL,0,1,1
YAELDIRIS,0,1,1
YAELIN,0,1,1
YAELLE,0,1,1
YAENIA,0,1,1
YAFE,0,1,1
YAFET,0,1,1
YAFITH,0,1,1
YAFRAN,0,1,1
YAGANA,0,1,1
YAGARI,0,1,1
YAGEIRA,0,1,1
YAGEL,0,1,1
YAGENIA,0,1,1
YAGERCY,0,1,1
YAGNELI,0,1,1
YAGUB,0,1,1
YAGUELIN,0,1,1
YAHAERA,0,1,1
YAHAN,0,1,1
YAHANANDA,0,1,1
YAHANINA,0,1,1
YAHANNA,0,1,1
YAHASAR,0,1,1
YAHID,0,1,1
YAHIDI,0,1,1
YAHILSON,0,1,1
YAHMAY,0,1,1
YAHMILEX,0,1,1
YAHNIR,0,1,1
YAHORY,0,1,1
YAHSIT,0,1,1
YAHVE,0,1,1
YAHYCENIA,0,1,1
YAID,0,1,1
YAIDEE,0,1,1
YAIMELY,0,1,1
YAISINIO,0,1,1
YAJAIDRA,0,1,1
YAJANI,0,1,1
YAJARY,0,1,1
YAJAYDRA,0,1,1
YAJEHIRA,0,1,1
YAJENICA,0,1,1
YAJERIK,0,1,1
YAJOSNE,0,1,1
YAKALIYNE,0,1,1
YAKANNA,0,1,1
YAKCENY,0,1,1
YAKEL,0,1,1
YAKELENI,0,1,1
YAKELINN,0,1,1
YAKELIT,0,1,1
YAKELLIN,0,1,1
YAKELLY,0,1,1
YAKELYNY,0,1,1
YAKETI,0,1,1
YAKIBEL,0,1,1
YAKIER,0,1,1
YAKLI,0,1,1
YAKLING,0,1,1
YAKOU,0,1,1
YAKUELIN,0,1,1
YAKUTT,0,1,1
YALAMI,0,1,1
YALANIA,0,1,1
YALARQUIN,0,1,1
YALDIS,0,1,1
YALE,0,1,1
YALECXI,0,1,1
YALECY,0,1,1
YALEIQUI,0,1,1
YALEMY,0,1,1
YALEMYS,0,1,1
YALEN,0,1,1
YALENDY,0,1,1
YALENIT,0,1,1
YALENNE,0,1,1
YALENNY,0,1,1
YALERLIX,0,1,1
YALES,0,1,1
YALESI,0,1,1
YALESSY,0,1,1
YALESY,0,1,1
YALETI,0,1,1
YALETZA,0,1,1
YALEXSY,0,1,1
YALHY,0,1,1
YALIBEC,0,1,1
YALIBEHT,0,1,1
YALIBEL,0,1,1
YALIBEX,0,1,1
YALILET,0,1,1
YALILH,0,1,1
YALIME,0,1,1
YALIMETH,0,1,1
YALINET,0,1,1
YALINY,0,1,1
YALISSET,0,1,1
YALITET,0,1,1
YALITZA,0,1,1
YALIXZA,0,1,1
YALIZ,0,1,1
YALIZETH,0,1,1
YALKIRA,0,1,1
YALLILETH,0,1,1
YALLIN,0,1,1
YALMIRA,0,1,1
YALOA,0,1,1
YALOB,0,1,1
YALONY,0,1,1
YALUTH,0,1,1
YAMABEL,0,1,1
YAMADY,0,1,1
YAMALATH,0,1,1
YAMALE,0,1,1
YAMALL,0,1,1
YAMANDA,0,1,1
YAMANY,0,1,1
YAMARALI,0,1,1
YAMARELY,0,1,1
YAMARIO,0,1,1
YAMARLYN,0,1,1
YAMASAKI,0,1,1
YAMASAQUI,0,1,1
YAMATO,0,1,1
YAMEDIS,0,1,1
YAMELET,0,1,1
YAMELICK,0,1,1
YAMELINDA,0,1,1
YAMELITT,0,1,1
YAMELL,0,1,1
YAMELYN,0,1,1
YAMERIS,0,1,1
YAMEXIS,0,1,1
YAMHILE,0,1,1
YAMIB,0,1,1
YAMICEL,0,1,1
YAMICENIA,0,1,1
YAMICLET,0,1,1
YAMIDA,0,1,1
YAMIDEL,0,1,1
YAMIDES,0,1,1
YAMIDET,0,1,1
YAMIDITH,0,1,1
YAMIHT,0,1,1
YAMILAR,0,1,1
YAMILAT,0,1,1
YAMILCA,0,1,1
YAMILECH,0,1,1
YAMILECK,0,1,1
YAMILECSI,0,1,1
YAMILECTH,0,1,1
YAMILEETH,0,1,1
YAMILEHTI,0,1,1
YAMILELETH,0,1,1
YAMILELT,0,1,1
YAMILELTH,0,1,1
YAMILENY,0,1,1
YAMILER,0,1,1
YAMILERH,0,1,1
YAMILETCH,0,1,1
YAMILETET,0,1,1
YAMILETH MARIA,0,1,1
YAMILETP,0,1,1
YAMILETZ,0,1,1
YAMILEXCI,0,1,1
YAMILEXI,0,1,1
YAMILEYDA,0,1,1
YAMILEYH,0,1,1
YAMILHE,0,1,1
YAMILIETH,0,1,1
YAMILIH,0,1,1
YAMILILETH,0,1,1
YAMILIS,0,1,1
YAMILISTH,0,1,1
YAMILIT,0,1,1
YAMILITEH,0,1,1
YAMILIX,0,1,1
YAMILLEH,0,1,1
YAMILLTH,0,1,1
YAMILRTH,0,1,1
YAMILTO,0,1,1
YAMILU,0,1,1
YAMILX,0,1,1
YAMILYA,0,1,1
YAMILYN,0,1,1
YAMIMAH,0,1,1
YAMINEC,0,1,1
YAMINEK,0,1,1
YAMINEX,0,1,1
YAMININES,0,1,1
YAMINIS,0,1,1
YAMIRENA,0,1,1
YAMIRET,0,1,1
YAMIRI,0,1,1
YAMIRIA,0,1,1
YAMIRY,0,1,1
YAMISE,0,1,1
YAMISELA,0,1,1
YAMISELL,0,1,1
YAMISETH,0,1,1
YAMIT,0,1,1
YAMITEHT,0,1,1
YAMITHET,0,1,1
YAMITT,0,1,1
YAMMAL,0,1,1
YAMMILETE,0,1,1
YAMNYA ZHULLTZ,0,1,1
YAMYLET,0,1,1
YAMYLEX,0,1,1
YAN CARLO,0,1,1
YANABA,0,1,1
YANABETH,0,1,1
YANACELIA,0,1,1
YANADAR,0,1,1
YANADARA,0,1,1
YANADED,0,1,1
YANADESKA,0,1,1
YANADY,0,1,1
YANAHARA,0,1,1
YANAHI,0,1,1
YANAKI,0,1,1
YANAKY,0,1,1
YANALEC,0,1,1
YANALIZETH,0,1,1
YANAMILETE,0,1,1
YANAMILEX,0,1,1
YANAQUI,0,1,1
YANARADA,0,1,1
YANARE,0,1,1
YANARITH,0,1,1
YANATH,0,1,1
YANAYDIS,0,1,1
YANCAR,0,1,1
YANCE,0,1,1
YANDEL,0,1,1
YANDELY,0,1,1
YANDERY,0,1,1
YANDIRA,0,1,1
YANDRECK,0,1,1
YANDRY,0,1,1
YANEBA,0,1,1
YANEC AMELIDA,0,1,1
YANECCI,0,1,1
YANECH,0,1,1
YANECIA,0,1,1
YANECIE,0,1,1
YANECY,0,1,1
YANEDT,0,1,1
YANEDTH,0,1,1
YANEEN,0,1,1
YANEEX,0,1,1
YANEGS,0,1,1
YANEGT,0,1,1
YANEHET,0,1,1
YANEHS,0,1,1
YANEHTT,0,1,1
YANEI,0,1,1
YANEIS,0,1,1
YANEISI,0,1,1
YANEIZ,0,1,1
YANELBIA,0,1,1
YANELBIN,0,1,1
YANELD,0,1,1
YANELET,0,1,1
YANELH,0,1,1
YANELIZ,0,1,1
YANELKY,0,1,1
YANELSI,0,1,1
YANELYN,0,1,1
YANENA,0,1,1
YANENY,0,1,1
YANERYS,0,1,1
YANESKA,0,1,1
YANESTY,0,1,1
YANET  ISABEL,0,1,1
YANETCH,0,1,1
YANETD,0,1,1
YANETETT,0,1,1
YANETH DE JESUS,0,1,1
YANETHXY,0,1,1
YANETHZ,0,1,1
YANETLE,0,1,1
YANETSA,0,1,1
YANEXC,0,1,1
YANEXCIS,0,1,1
YANEXCY,0,1,1
YANEXIS,0,1,1
YANEXS,0,1,1
YANEXSI,0,1,1
YANEYDA,0,1,1
YANEYDI,0,1,1
YANEYRI,0,1,1
YANGERI,0,1,1
YANIBE,0,1,1
YANIBEC,0,1,1
YANIBID,0,1,1
YANIBIL,0,1,1
YANIBITH,0,1,1
YANIBIX,0,1,1
YANICELA,0,1,1
YANICELI,0,1,1
YANICK,0,1,1
YANIDE,0,1,1
YANIDETH,0,1,1
YANIDEZ,0,1,1
YANIDID,0,1,1
YANIDIRA,0,1,1
YANIELT,0,1,1
YANIERA,0,1,1
YANIERY,0,1,1
YANIFRA,0,1,1
YANIHETH,0,1,1
YANILEDTH,0,1,1
YANILEK,0,1,1
YANILES,0,1,1
YANILETT,0,1,1
YANILEXA,0,1,1
YANILIA,0,1,1
YANILIS,0,1,1
YANILIX,0,1,1
YANILSA,0,1,1
YANILUZ,0,1,1
YANIME,0,1,1
YANIMY,0,1,1
YANING,0,1,1
YANINO,0,1,1
YANIRA YAMILETH,0,1,1
YANIRETTE,0,1,1
YANIREY,0,1,1
YANIRIAH,0,1,1
YANIRIX,0,1,1
YANISBEL,0,1,1
YANISE,0,1,1
YANISELY,0,1,1
YANISI,0,1,1
YANISIA,0,1,1
YANISIS,0,1,1
YANISSELLY,0,1,1
YANITHZA,0,1,1
YANITRE,0,1,1
YANITZE,0,1,1
YANIVIL,0,1,1
YANIZA,0,1,1
YANJERI,0,1,1
YANKARLA,0,1,1
YANKY,0,1,1
YANNE,0,1,1
YANNELL,0,1,1
YANNELLA,0,1,1
YANNELLY,0,1,1
YANNESSA,0,1,1
YANNETHE,0,1,1
YANNIELETH,0,1,1
YANNILET,0,1,1
YANNOR,0,1,1
YANNORY,0,1,1
YANOBI,0,1,1
YANOCELI,0,1,1
YANOHRI,0,1,1
YANORES,0,1,1
YANORIA,0,1,1
YANORIE,0,1,1
YANORYTH,0,1,1
YANOSI,0,1,1
YANOVETH,0,1,1
YANOVIS,0,1,1
YANQUELIN,0,1,1
YANSELY,0,1,1
YANTE,0,1,1
YANTI,0,1,1
YANUAR,0,1,1
YANUARIS,0,1,1
YANUARIZ,0,1,1
YANUEN,0,1,1
YANURIA,0,1,1
YANURIZ,0,1,1
YANVARIO,0,1,1
YANYLETH,0,1,1
YANYNA,0,1,1
YANYNE,0,1,1
YANYNI,0,1,1
YAOBANY,0,1,1
YAOLY,0,1,1
YAONELIN,0,1,1
YAPHER,0,1,1
YAQUELEN,0,1,1
YAQUELENI,0,1,1
YAQUELHY,0,1,1
YAQUELINB,0,1,1
YAQUELINES,0,1,1
YAQUELINH,0,1,1
YAQUELINI,0,1,1
YAQUELINY,0,1,1
YAQUELIT,0,1,1
YAQUELITH,0,1,1
YAQUELIYIN,0,1,1
YAQUELIYN,0,1,1
YAQUELIZZ,0,1,1
YAQUELU,0,1,1
YAQUERITH,0,1,1
YAQUET,0,1,1
YAQUILANIS,0,1,1
YAQUILENE,0,1,1
YAQUILI,0,1,1
YAQUINETH,0,1,1
YAQUIRA,0,1,1
YAQUIYENE,0,1,1
YAQUIZ,0,1,1
YARABI,0,1,1
YARACY,0,1,1
YARADY,0,1,1
YARALTZED,0,1,1
YARALY,0,1,1
YARANEL,0,1,1
YARANI,0,1,1
YARATZED,0,1,1
YARAY,0,1,1
YARCELI,0,1,1
YARCENY,0,1,1
YARCONY,0,1,1
YARDEL,0,1,1
YAREILA,0,1,1
YARELA,0,1,1
YARELIN,0,1,1
YAREMY,0,1,1
YARENIA,0,1,1
YARETZA,0,1,1
YAREYLA,0,1,1
YARGERY,0,1,1
YARIB,0,1,1
YARIBET,0,1,1
YARICE,0,1,1
YARICEL,0,1,1
YARICIA,0,1,1
YARID,0,1,1
YARIDES,0,1,1
YARIDY,0,1,1
YARIELLY,0,1,1
YARIELY,0,1,1
YARIKSA,0,1,1
YARIKZA,0,1,1
YARILEN,0,1,1
YARILETH,0,1,1
YARIMAN,0,1,1
YARINE,0,1,1
YARINET,0,1,1
YARIO,0,1,1
YARISET,0,1,1
YARISETH,0,1,1
YARISHA,0,1,1
YARISY,0,1,1
YARITH,0,1,1
YARIXSA,0,1,1
YARIXZA,0,1,1
YARIZETH,0,1,1
YARIZZA,0,1,1
YARJANIS,0,1,1
YARKONI,0,1,1
YARKONY,0,1,1
YARLEIN,0,1,1
YARLENIA,0,1,1
YARLENYS,0,1,1
YARLINES,0,1,1
YARMIDA,0,1,1
YARMILED,0,1,1
YARMIT,0,1,1
YAROLI,0,1,1
YAROLINA,0,1,1
YAROSLA,0,1,1
YAROSLAVA,0,1,1
YAROSLOV,0,1,1
YAROUSLA,0,1,1
YAROVSLA,0,1,1
YAROX,0,1,1
YARRUMELA,0,1,1
YARSE,0,1,1
YARSENIA,0,1,1
YARSENY,0,1,1
YARSIS,0,1,1
YARU,0,1,1
YARUDSI,0,1,1
YARUXI,0,1,1
YARVARIO,0,1,1
YARY ALFONSO,0,1,1
YARZENY,0,1,1
YASADINA,0,1,1
YASAEL,0,1,1
YASALDE,0,1,1
YASANIA,0,1,1
YASAR,0,1,1
YASARIS,0,1,1
YASAYRA,0,1,1
YASCELINA,0,1,1
YASCENI,0,1,1
YASCENIS,0,1,1
YASED,0,1,1
YASEIRA,0,1,1
YASEL,0,1,1
YASELDA,0,1,1
YASELDIN,0,1,1
YASELI,0,1,1
YASELIM,0,1,1
YASELINE,0,1,1
YASELIS,0,1,1
YASELL,0,1,1
YASELMI,0,1,1
YASEN,0,1,1
YASENE,0,1,1
YASENIE,0,1,1
YASENUYA,0,1,1
YASERINNY,0,1,1
YASERIS,0,1,1
YASHAN,0,1,1
YASHENIA,0,1,1
YASHIN,0,1,1
YASHINIA,0,1,1
YASIBELL,0,1,1
YASIDE,0,1,1
YASIEL,0,1,1
YASIN,0,1,1
YASINA,0,1,1
YASINI,0,1,1
YASITH,0,1,1
YASIVE,0,1,1
YASLENI,0,1,1
YASLENY,0,1,1
YASLY,0,1,1
YASMELY,0,1,1
YASMETH,0,1,1
YASMIIN,0,1,1
YASMILETH,0,1,1
YASMILIN,0,1,1
YASMINI,0,1,1
YASMINY,0,1,1
YASMMIN,0,1,1
YASNELI,0,1,1
YASNERI,0,1,1
YASNIRA,0,1,1
YASODI,0,1,1
YASODINI,0,1,1
YASONARI,0,1,1
YASPA,0,1,1
YASQUIRA,0,1,1
YASSAKI,0,1,1
YASSALITH,0,1,1
YASSENETH,0,1,1
YASSENEYA,0,1,1
YASSENIN,0,1,1
YASSETH,0,1,1
YASSIE,0,1,1
YASSIK,0,1,1
YASSIL,0,1,1
YASSILL,0,1,1
YASSINI,0,1,1
YASSMINIA,0,1,1
YASSYRA,0,1,1
YASTMIN,0,1,1
YASUHARA,0,1,1
YASUI,0,1,1
YASUMARI,0,1,1
YASVIS,0,1,1
YASYLY,0,1,1
YATCEH,0,1,1
YATIES,0,1,1
YATIRA,0,1,1
YATNIEL,0,1,1
YAUBERTO,0,1,1
YAUDALA,0,1,1
YAUDDE,0,1,1
YAULIZ,0,1,1
YAURICELA,0,1,1
YAURY,0,1,1
YAUSENIA,0,1,1
YAVANA,0,1,1
YAVANCNE,0,1,1
YAVANINA,0,1,1
YAVANNI,0,1,1
YAVANNY,0,1,1
YAVE,0,1,1
YAVEISIS,0,1,1
YAVEL,0,1,1
YAVENY,0,1,1
YAVEX,0,1,1
YAVILETH,0,1,1
YAVILEX,0,1,1
YAVINETH,0,1,1
YAVIRIS,0,1,1
YAXCELI,0,1,1
YAXELY,0,1,1
YAXIN,0,1,1
YAXIRA,0,1,1
YAXMIN,0,1,1
YAXSENY,0,1,1
YAXSOHARA,0,1,1
YAYIR,0,1,1
YAZALEMNY,0,1,1
YAZARELA,0,1,1
YAZARI,0,1,1
YAZENI,0,1,1
YAZMARY,0,1,1
YAZMILL,0,1,1
YAZMINDA,0,1,1
YAZMINE,0,1,1
YAZMIRA,0,1,1
YAZNIRA,0,1,1
YAZOARA,0,1,1
YAZUNITH,0,1,1
YBAR,0,1,1
YBETH,0,1,1
YBETTE,0,1,1
YBOGNER,0,1,1
YBRAHIM,0,1,1
YBRENET,0,1,1
YBRENETH,0,1,1
YDA,0,1,1
YDAI,0,1,1
YDALGO,0,1,1
YDANIA,0,1,1
YDEL,0,1,1
YDELSIO,0,1,1
YDONISES,0,1,1
YDUVIGES,0,1,1
YEALONY,0,1,1
YEANA,0,1,1
YEANELYD,0,1,1
YEANIA,0,1,1
YEBGENIA,0,1,1
YEBYENY,0,1,1
YECELINA,0,1,1
YECENI,0,1,1
YECENIE,0,1,1
YECENIO,0,1,1
YECENIS,0,1,1
YECID,0,1,1
YECIEBELL,0,1,1
YECILA,0,1,1
YECINI,0,1,1
YECINIA,0,1,1
YECSEL,0,1,1
YEDENIA,0,1,1
YEDITH,0,1,1
YEDVANIA,0,1,1
YEE,0,1,1
YEEENIA,0,1,1
YEEFFRRY,0,1,1
YEESELL,0,1,1
YEFERY,0,1,1
YEFFREN,0,1,1
YEHOBANY,0,1,1
YEHOVANY,0,1,1
YEISEL,0,1,1
YEISENIA,0,1,1
YEJEIRA,0,1,1
YEKATERINA,0,1,1
YEKENI,0,1,1
YEKINA,0,1,1
YEKSY,0,1,1
YELAN,0,1,1
YELENNAR,0,1,1
YELERMINDA,0,1,1
YELESMA,0,1,1
YELIK,0,1,1
YELIL,0,1,1
YELINNA,0,1,1
YELIVETH,0,1,1
YELLSON,0,1,1
YELMIN,0,1,1
YELMIRA,0,1,1
YELSEN,0,1,1
YEMAYA,0,1,1
YEMILETH,0,1,1
YEMINIA,0,1,1
YEMIRERSON,0,1,1
YEMISON,0,1,1
YENAY,0,1,1
YENDIZ,0,1,1
YENEDITH,0,1,1
YENEFRE,0,1,1
YENEIRA,0,1,1
YENER,0,1,1
YENERI,0,1,1
YENERQUINO,0,1,1
YENESSI,0,1,1
YENETL,0,1,1
YENETT,0,1,1
YENEYDA,0,1,1
YENG SORALLA,0,1,1
YENGS,0,1,1
YENIBET,0,1,1
YENIERI,0,1,1
YENILET,0,1,1
YENILEY,0,1,1
YENILZA,0,1,1
YENIMA,0,1,1
YENIRIE,0,1,1
YENISET,0,1,1
YENISIL,0,1,1
YENITHZA,0,1,1
YENIXIA,0,1,1
YENIZA,0,1,1
YENIZE,0,1,1
YENIZEY,0,1,1
YENNELY,0,1,1
YENNIM,0,1,1
YENNIN,0,1,1
YENNISEY,0,1,1
YENORA,0,1,1
YENSER,0,1,1
YENSETH,0,1,1
YENSINIA,0,1,1
YENT,0,1,1
YENUEL,0,1,1
YENY ISABEL,0,1,1
YENYGS,0,1,1
YENYN,0,1,1
YEOLIBETH,0,1,1
YEONATAN,0,1,1
YEORGE,0,1,1
YEOSLENY,0,1,1
YEPHTE,0,1,1
YEPRI,0,1,1
YER,0,1,1
YERALD,0,1,1
YERALDESKA,0,1,1
YERALDIL,0,1,1
YERALDY,0,1,1
YERANDI,0,1,1
YERANDY,0,1,1
YERARDO,0,1,1
YERAT,0,1,1
YERCENIA,0,1,1
YERCI,0,1,1
YERCINIO,0,1,1
YERELA,0,1,1
YERELY,0,1,1
YEREMIT,0,1,1
YEREMY,0,1,1
YERENNY,0,1,1
YERESI,0,1,1
YERICEC,0,1,1
YERID,0,1,1
YERIELL,0,1,1
YERIKSA,0,1,1
YERIL,0,1,1
YERILDA,0,1,1
YERINA,0,1,1
YERINSON,0,1,1
YERJES,0,1,1
YERLENEY,0,1,1
YERLENI,0,1,1
YERLINI,0,1,1
YERMEDES,0,1,1
YERMILETT,0,1,1
YERMOLAY,0,1,1
YEROLANY,0,1,1
YEROLDA,0,1,1
YERSENY,0,1,1
YERSINIO,0,1,1
YERZINIA,0,1,1
YESARELA,0,1,1
YESBENIA,0,1,1
YESCELY,0,1,1
YESEËA,0,1,1
YESEBEL,0,1,1
YESEIDA,0,1,1
YESELDA,0,1,1
YESELLE,0,1,1
YESELLI,0,1,1
YESEMY,0,1,1
YESENE,0,1,1
YESENIA MARIBEL,0,1,1
YESENIDA,0,1,1
YESENIS,0,1,1
YESENITH,0,1,1
YESENIX,0,1,1
YESER,0,1,1
YESERI,0,1,1
YESESEL,0,1,1
YESET,0,1,1
YESID,0,1,1
YESILETH,0,1,1
YESILH,0,1,1
YESINI,0,1,1
YESINIA,0,1,1
YESMERAY,0,1,1
YESMIRAN,0,1,1
YESSE,0,1,1
YESSEER,0,1,1
YESSELINA,0,1,1
YESSELL,0,1,1
YESSENEA,0,1,1
YESSENIS,0,1,1
YESSETT,0,1,1
YESSIRE,0,1,1
YESSYLE,0,1,1
YESTHEL,0,1,1
YESUHA,0,1,1
YESYELL,0,1,1
YESYL,0,1,1
YET,0,1,1
YETESY,0,1,1
YETINA,0,1,1
YETSABEL,0,1,1
YETZABETH,0,1,1
YETZENIA,0,1,1
YEUBAN,0,1,1
YEVANY,0,1,1
YEVELITH,0,1,1
YEVGENY,0,1,1
YEXABEL,0,1,1
YEXANA,0,1,1
YEXANIA,0,1,1
YEXELA,0,1,1
YEXENE,0,1,1
YEXIBEL,0,1,1
YEXSABEL,0,1,1
YEXSELA,0,1,1
YEXSUANA PINA,0,1,1
YEXUBIA,0,1,1
YEYA,0,1,1
YEYE,0,1,1
YEYSEL,0,1,1
YEZABETH,0,1,1
YFRAIL,0,1,1
YGELA,0,1,1
YGLOBES,0,1,1
YGOR,0,1,1
YHAIR,0,1,1
YHAJANY,0,1,1
YHAMILETH,0,1,1
YHAMIR,0,1,1
YHANETTE,0,1,1
YHANIRY,0,1,1
YHANSY,0,1,1
YHISELA,0,1,1
YHISLDA,0,1,1
YHOBANY,0,1,1
YHOJAN,0,1,1
YHOJANA,0,1,1
YHOLIBETH,0,1,1
YHON,0,1,1
YHOSIRA,0,1,1
YHOSSANA,0,1,1
YHOVANI,0,1,1
YHOVANIS,0,1,1
YHULIZA,0,1,1
YHUVANI,0,1,1
YI CHOU,0,1,1
YI MATTHEW,0,1,1
YIBAR,0,1,1
YIBEL,0,1,1
YIBRAN,0,1,1
YIBRING,0,1,1
YICED,0,1,1
YICELY,0,1,1
YICETH,0,1,1
YIDALIA,0,1,1
YIDALTY,0,1,1
YIDAN,0,1,1
YIENIE,0,1,1
YIESU,0,1,1
YIFEMIA,0,1,1
YIJAD,0,1,1
YIJATH,0,1,1
YILANIS,0,1,1
YILEZY,0,1,1
YILIBETH,0,1,1
YILILETT,0,1,1
YIMADEL,0,1,1
YIMENE,0,1,1
YIMICAR,0,1,1
YIMILAY,0,1,1
YIMILLEN,0,1,1
YIMINI,0,1,1
YIMIRSON,0,1,1
YINAN,0,1,1
YINEETH,0,1,1
YINELL,0,1,1
YINNH,0,1,1
YINORY,0,1,1
YIOJANA,0,1,1
YIOLANDA,0,1,1
YIOVANNI,0,1,1
YIOVANNY,0,1,1
YIOXANA,0,1,1
YIRA REBECA,0,1,1
YIRAN,0,1,1
YIRE,0,1,1
YIRELA,0,1,1
YIRENDA,0,1,1
YIRENY,0,1,1
YIRLINIA,0,1,1
YIRSAN,0,1,1
YISEHEL,0,1,1
YISELI,0,1,1
YISHAN,0,1,1
YISHEL,0,1,1
YISLEN,0,1,1
YISMANI,0,1,1
YISSCELA,0,1,1
YISUEYVEY,0,1,1
YITA,0,1,1
YITHZATH,0,1,1
YITZACK,0,1,1
YIU,0,1,1
YIUSITH,0,1,1
YIVARO,0,1,1
YIVENIO,0,1,1
YIYHI,0,1,1
YIZEL,0,1,1
YIZZETH,0,1,1
YLANY,0,1,1
YLASELL,0,1,1
YLBANI,0,1,1
YLIB,0,1,1
YLICH,0,1,1
YLONKA,0,1,1
YMENIA,0,1,1
YMIR,0,1,1
YNDALECIA,0,1,1
YNELDINA,0,1,1
YNEYDA,0,1,1
YNOCENCIE,0,1,1
YOA,0,1,1
YOAB,0,1,1
YOAGN,0,1,1
YOAIL,0,1,1
YOAJANA,0,1,1
YOALEN,0,1,1
YOALMIN,0,1,1
YOANEIRO,0,1,1
YOANEY,0,1,1
YOANGEL,0,1,1
YOANIZ,0,1,1
YOANNINE,0,1,1
YOANNY,0,1,1
YOANYN,0,1,1
YOARIS,0,1,1
YOASLIN,0,1,1
YOASUARA,0,1,1
YOATAN,0,1,1
YOAVANNI,0,1,1
YOBA,0,1,1
YOBAD,0,1,1
YOBADIS,0,1,1
YOBADY,0,1,1
YOBAGNI,0,1,1
YOBAL,0,1,1
YOBAM,0,1,1
YOBAMNY,0,1,1
YOBANCA,0,1,1
YOBANDER,0,1,1
YOBANDI,0,1,1
YOBANDO,0,1,1
YOBANDY,0,1,1
YOBANERY,0,1,1
YOBANES,0,1,1
YOBANETH,0,1,1
YOBANIN,0,1,1
YOBANNIS,0,1,1
YOBANY ABIMAEL,0,1,1
YOBARLY,0,1,1
YOBED,0,1,1
YOBELANY,0,1,1
YOBELINA,0,1,1
YOBELITH,0,1,1
YOBET,0,1,1
YOBEYDA,0,1,1
YOBIJILDO,0,1,1
YOBILSO,0,1,1
YOBINE,0,1,1
YOBIRA,0,1,1
YOBONIS,0,1,1
YOCCEHS,0,1,1
YOCELINA,0,1,1
YOCELINDA,0,1,1
YOCENI,0,1,1
YOCENY,0,1,1
YOCET,0,1,1
YOCHABEL,0,1,1
YOCJANA,0,1,1
YOCONDO,0,1,1
YOCONY,0,1,1
YOCSELI,0,1,1
YOCZANA,0,1,1
YOCZARA,0,1,1
YODALIA,0,1,1
YODAN,0,1,1
YODANA,0,1,1
YODELSY,0,1,1
YODELY,0,1,1
YODENICA,0,1,1
YODESY,0,1,1
YODET,0,1,1
YODEZA,0,1,1
YODIMIR,0,1,1
YODINA,0,1,1
YODIRA,0,1,1
YODOLINDA,0,1,1
YODVIN,0,1,1
YODWIN,0,1,1
YOED,0,1,1
YOELIS,0,1,1
YOENE,0,1,1
YOENLY,0,1,1
YOETT,0,1,1
YOFRACI,0,1,1
YOFRACY,0,1,1
YOGAIRA,0,1,1
YOGANANDA,0,1,1
YOGANI,0,1,1
YOGANNA,0,1,1
YOGENE,0,1,1
YOGERI,0,1,1
YOGINA,0,1,1
YOGSAN,0,1,1
YOHAANA,0,1,1
YOHAHI,0,1,1
YOHAISA,0,1,1
YOHALINA,0,1,1
YOHALMA,0,1,1
YOHAMMA,0,1,1
YOHANA ZULEMA,0,1,1
YOHANE,0,1,1
YOHANES,0,1,1
YOHANIC,0,1,1
YOHANIS,0,1,1
YOHANMA,0,1,1
YOHANS,0,1,1
YOHANYS,0,1,1
YOHAO,0,1,1
YOHARY,0,1,1
YOHAUS,0,1,1
YOHAYRA,0,1,1
YOHDIRA,0,1,1
YOHELL,0,1,1
YOHELLY,0,1,1
YOHEMY,0,1,1
YOHENA,0,1,1
YOHENE,0,1,1
YOHIRES,0,1,1
YOHISY,0,1,1
YOHLAY,0,1,1
YOHONY,0,1,1
YOHORA,0,1,1
YOHSEMIN,0,1,1
YOHUBANY,0,1,1
YOHZANI,0,1,1
YOIBEDY,0,1,1
YOIMER,0,1,1
YOITHE,0,1,1
YOIZY,0,1,1
YOJAANA,0,1,1
YOJADEN,0,1,1
YOJADY,0,1,1
YOJAHANA,0,1,1
YOJAINA,0,1,1
YOJAM,0,1,1
YOJANAN,0,1,1
YOJANES,0,1,1
YOJANEY,0,1,1
YOJANN,0,1,1
YOJAO,0,1,1
YOJARIRO,0,1,1
YOJELIN,0,1,1
YOJEY,0,1,1
YOJILDA,0,1,1
YOJUEN,0,1,1
YOJY,0,1,1
YOKABEL,0,1,1
YOKASTTA,0,1,1
YOKELIN,0,1,1
YOKIRI,0,1,1
YOKOONO,0,1,1
YOKSAN,0,1,1
YOKSENI,0,1,1
YOLABI,0,1,1
YOLAC,0,1,1
YOLADIA,0,1,1
YOLADIR,0,1,1
YOLAMIY,0,1,1
YOLAMY,0,1,1
YOLANDA MARIA A,0,1,1
YOLANDA SUYAPA,0,1,1
YOLANDIL,0,1,1
YOLANDIR,0,1,1
YOLANEE,0,1,1
YOLANHY,0,1,1
YOLANI MAGALI,0,1,1
YOLANIO,0,1,1
YOLANITH,0,1,1
YOLANIY,0,1,1
YOLANN,0,1,1
YOLASY,0,1,1
YOLAYNI,0,1,1
YOLBETH,0,1,1
YOLCONI,0,1,1
YOLDINA,0,1,1
YOLEBEC,0,1,1
YOLEDI,0,1,1
YOLEIDA,0,1,1
YOLENNYM,0,1,1
YOLES,0,1,1
YOLESKA,0,1,1
YOLESMA,0,1,1
YOLHANA,0,1,1
YOLIBERTO,0,1,1
YOLIBETTE,0,1,1
YOLIBETY,0,1,1
YOLIBEX,0,1,1
YOLIBEZ,0,1,1
YOLIBIETH,0,1,1
YOLIBTH,0,1,1
YOLICE,0,1,1
YOLICET,0,1,1
YOLICIA,0,1,1
YOLIDEC,0,1,1
YOLIFETH,0,1,1
YOLIL,0,1,1
YOLIMA,0,1,1
YOLISET,0,1,1
YOLISETH,0,1,1
YOLIVAN,0,1,1
YOLIVEC,0,1,1
YOLIVER,0,1,1
YOLIVEY,0,1,1
YOLIVEZ,0,1,1
YOLIZA,0,1,1
YOLIZAN,0,1,1
YOLLIBET,0,1,1
YOLLIBETH,0,1,1
YOLNADA,0,1,1
YOLOBET,0,1,1
YOLOMI,0,1,1
YOLUI,0,1,1
YOLVANA,0,1,1
YOLVI,0,1,1
YOLYBEK,0,1,1
YOMANI,0,1,1
YOMANY,0,1,1
YOMARE,0,1,1
YOMAREZ,0,1,1
YOMARIN,0,1,1
YOMARLON,0,1,1
YOMARLY,0,1,1
YOMASIS,0,1,1
YOMAYM,0,1,1
YOMAYRA,0,1,1
YOMDES,0,1,1
YOMEC,0,1,1
YOMEL,0,1,1
YOMERA,0,1,1
YOMERI,0,1,1
YOMERY,0,1,1
YOMIBEY,0,1,1
YOMIL,0,1,1
YOMILDA,0,1,1
YOMILIA,0,1,1
YOMILSON,0,1,1
YONAAN,0,1,1
YONALIN,0,1,1
YONAM,0,1,1
YONAMABEL,0,1,1
YONAMY,0,1,1
YONANDI,0,1,1
YONANDIS,0,1,1
YONANIZ,0,1,1
YONANNY,0,1,1
YONARES,0,1,1
YONAREY,0,1,1
YONARIN,0,1,1
YONARIT,0,1,1
YONAS,0,1,1
YONCELIN,0,1,1
YONDEY,0,1,1
YONED,0,1,1
YONEDES,0,1,1
YONEDY,0,1,1
YONEJI,0,1,1
YONELCI,0,1,1
YONELIS,0,1,1
YONELSI,0,1,1
YONELSO,0,1,1
YONELYN,0,1,1
YONERGI,0,1,1
YONES OMAR,0,1,1
YONESSA,0,1,1
YONETT,0,1,1
YONEXI,0,1,1
YONEXY,0,1,1
YONEZA,0,1,1
YONGUELY,0,1,1
YONIBA,0,1,1
YONIBAN,0,1,1
YONIBET,0,1,1
YONICE,0,1,1
YONID,0,1,1
YONIDIA,0,1,1
YONIE,0,1,1
YONIEL,0,1,1
YONIELA,0,1,1
YONIERIS,0,1,1
YONILDA,0,1,1
YONIM,0,1,1
YONINO,0,1,1
YONIRIX,0,1,1
YONIS YOBANY,0,1,1
YONIXA,0,1,1
YONIZA,0,1,1
YONLANY,0,1,1
YONLENY,0,1,1
YONLETH,0,1,1
YONLI,0,1,1
YONLIM,0,1,1
YONNARY,0,1,1
YONQUELIN,0,1,1
YONSER,0,1,1
YONUANI,0,1,1
YONUBIA,0,1,1
YONVANNI,0,1,1
YONY RONEY,0,1,1
YOOVANY,0,1,1
YOQUELY,0,1,1
YOQUIR,0,1,1
YORALY,0,1,1
YORANY,0,1,1
YORBELI,0,1,1
YORBELINA,0,1,1
YORDANIA,0,1,1
YORDELL,0,1,1
YORDILETH,0,1,1
YORDLENY,0,1,1
YORENA,0,1,1
YORENDI,0,1,1
YORENTE,0,1,1
YORENY,0,1,1
YOREYLA,0,1,1
YORFIL,0,1,1
YORGELINA,0,1,1
YORGENY,0,1,1
YORI CAROLINA,0,1,1
YORIDEL,0,1,1
YORILETH,0,1,1
YORINEX,0,1,1
YORJE,0,1,1
YORJI,0,1,1
YORKIR,0,1,1
YORLAN,0,1,1
YORLANIS,0,1,1
YORLANIY,0,1,1
YORLELY,0,1,1
YORLENA,0,1,1
YORLENDI,0,1,1
YORLENES,0,1,1
YORLENEY,0,1,1
YORLENIY,0,1,1
YORLENYES,0,1,1
YORLET,0,1,1
YORLETH,0,1,1
YORLIM,0,1,1
YORLINE,0,1,1
YORLINIS,0,1,1
YORLINTH,0,1,1
YORLLETH,0,1,1
YORMANDY,0,1,1
YORMARIS,0,1,1
YORNELY,0,1,1
YORVELY,0,1,1
YORVIS,0,1,1
YORYETA,0,1,1
YOSABETH,0,1,1
YOSAFET,0,1,1
YOSAILA,0,1,1
YOSALY,0,1,1
YOSARA,0,1,1
YOSARI,0,1,1
YOSARIS,0,1,1
YOSBELINA,0,1,1
YOSCELIN,0,1,1
YOSEBETH,0,1,1
YOSEEMY,0,1,1
YOSEETH,0,1,1
YOSEF,0,1,1
YOSEIBA,0,1,1
YOSELA,0,1,1
YOSELANI,0,1,1
YOSELBIS,0,1,1
YOSELES,0,1,1
YOSELINGTH,0,1,1
YOSELINH,0,1,1
YOSELITH,0,1,1
YOSELLY,0,1,1
YOSEMARIE,0,1,1
YOSEMARY,0,1,1
YOSENA,0,1,1
YOSENI,0,1,1
YOSENITY,0,1,1
YOSEPH,0,1,1
YOSEPTH,0,1,1
YOSESKA,0,1,1
YOSESY,0,1,1
YOSETHE,0,1,1
YOSEYDA,0,1,1
YOSEZ,0,1,1
YOSHELIN,0,1,1
YOSHINORI,0,1,1
YOSIAQUI,0,1,1
YOSIBELL,0,1,1
YOSILENIA,0,1,1
YOSILIN,0,1,1
YOSIMIR,0,1,1
YOSIR,0,1,1
YOSLANI,0,1,1
YOSLANY,0,1,1
YOSLEIN,0,1,1
YOSLESNY,0,1,1
YOSLINA,0,1,1
YOSMANI,0,1,1
YOSMERI,0,1,1
YOSMERY,0,1,1
YOSNORY,0,1,1
YOSOMIRA,0,1,1
YOSSARI,0,1,1
YOSSARY,0,1,1
YOSSE,0,1,1
YOSSELA,0,1,1
YOSSELEEM,0,1,1
YOSSELITH,0,1,1
YOSSELLY,0,1,1
YOSSELYM,0,1,1
YOSSENIA,0,1,1
YOSSENY,0,1,1
YOSSETT,0,1,1
YOSSIM,0,1,1
YOSSINI,0,1,1
YOSSUE,0,1,1
YOSSYR,0,1,1
YOSVEL,0,1,1
YOTAN,0,1,1
YOTET,0,1,1
YOTSANY,0,1,1
YOUGENI,0,1,1
YOULIVETH,0,1,1
YOUMALY,0,1,1
YOUNGBLOOD,0,1,1
YOURDANY,0,1,1
YOURQUEDIK,0,1,1
YOUSEEL,0,1,1
YOUVINNY,0,1,1
YOVAHNI,0,1,1
YOVAI,0,1,1
YOVAL,0,1,1
YOVALES,0,1,1
YOVANDY,0,1,1
YOVANELY,0,1,1
YOVANIC,0,1,1
YOVANIE,0,1,1
YOVANIES,0,1,1
YOVANINE,0,1,1
YOVANINI,0,1,1
YOVANIO,0,1,1
YOVANMY,0,1,1
YOVANNI ALEXAND,0,1,1
YOVANNIS,0,1,1
YOVANNIY,0,1,1
YOVANOSKY,0,1,1
YOVANS,0,1,1
YOVANY DE JESUS,0,1,1
YOVAVI,0,1,1
YOVEL,0,1,1
YOVELANIA,0,1,1
YOVELIN,0,1,1
YOVELITH,0,1,1
YOVENY,0,1,1
YOVETHY,0,1,1
YOVEY,0,1,1
YOVILE,0,1,1
YOVINE,0,1,1
YOVINESSA,0,1,1
YOVINEX,0,1,1
YOVINY,0,1,1
YOVIRA,0,1,1
YOVON,0,1,1
YOVONNI,0,1,1
YOVONY,0,1,1
YOVVANNI,0,1,1
YOVVANNY,0,1,1
YOWANE,0,1,1
YOWGUIR,0,1,1
YOXEL,0,1,1
YOXSANA,0,1,1
YOY,0,1,1
YOYANY,0,1,1
YOYLIN,0,1,1
YOYR,0,1,1
YOZAJAN,0,1,1
YOZANA,0,1,1
YOZANY,0,1,1
YOZARI,0,1,1
YOZENY,0,1,1
YOZET,0,1,1
YOZZETH,0,1,1
YRACEMA,0,1,1
YRBELINA,0,1,1
YRINEA,0,1,1
YRISSEL,0,1,1
YRIZ,0,1,1
YSABETH,0,1,1
YSADEK,0,1,1
YSAEL,0,1,1
YSAUL,0,1,1
YSAURA,0,1,1
YSET,0,1,1
YSLEN,0,1,1
YSMENIA,0,1,1
YSRAELY,0,1,1
YSVELA,0,1,1
YU YIN,0,1,1
YUAEL,0,1,1
YUAMI,0,1,1
YUAN LIN,0,1,1
YUANAN,0,1,1
YUANES,0,1,1
YUBALY,0,1,1
YUBANE,0,1,1
YUBANES,0,1,1
YUBANNI,0,1,1
YUBANYS,0,1,1
YUBAR,0,1,1
YUBARI,0,1,1
YUBELI,0,1,1
YUBELITZA,0,1,1
YUBENIO,0,1,1
YUBERLIS,0,1,1
YUBERLYS,0,1,1
YUBERY,0,1,1
YUBETH,0,1,1
YUBICSA,0,1,1
YUBID,0,1,1
YUBIDE,0,1,1
YUBILETH,0,1,1
YUBINEO,0,1,1
YUBINER,0,1,1
YUBINETH,0,1,1
YUBIRI,0,1,1
YUBIRYS,0,1,1
YUBISAY,0,1,1
YUBITH,0,1,1
YUBLA,0,1,1
YUBON,0,1,1
YUCDINA,0,1,1
YUCELA,0,1,1
YUCELINA,0,1,1
YUCELY,0,1,1
YUCENIA,0,1,1
YUCENY,0,1,1
YUCETH,0,1,1
YUDALDO,0,1,1
YUDAN,0,1,1
YUDARDIN,0,1,1
YUDDINIA,0,1,1
YUDEF,0,1,1
YUDELY,0,1,1
YUDENIA,0,1,1
YUDESA,0,1,1
YUDET,0,1,1
YUDEZ,0,1,1
YUDIC,0,1,1
YUDICES,0,1,1
YUDICT,0,1,1
YUDIHT,0,1,1
YUDILETH,0,1,1
YUDILMA,0,1,1
YUDIMAN,0,1,1
YUDIMIA,0,1,1
YUDIMILA,0,1,1
YUDIMY,0,1,1
YUDING,0,1,1
YUDIR,0,1,1
YUDIS YOLANDA,0,1,1
YUDISE,0,1,1
YUDITSY,0,1,1
YUDIVEX,0,1,1
YUDIXA,0,1,1
YUDIZETH,0,1,1
YUDRISKA,0,1,1
YUDYT,0,1,1
YUE,0,1,1
YUELL,0,1,1
YUELSOMINA,0,1,1
YUEN,0,1,1
YUENDY,0,1,1
YUFANY,0,1,1
YUGANI,0,1,1
YUGELY,0,1,1
YUGENY,0,1,1
YUGLATAN,0,1,1
YUHEING,0,1,1
YUHEN,0,1,1
YUHIN,0,1,1
YUICEL,0,1,1
YUICELA,0,1,1
YULADIS,0,1,1
YULAMIN,0,1,1
YULANE,0,1,1
YULANY,0,1,1
YULARDINO,0,1,1
YULDANY,0,1,1
YULENA,0,1,1
YULENIA,0,1,1
YULENYS,0,1,1
YULETT,0,1,1
YULIANE,0,1,1
YULIBERTH,0,1,1
YULIBIX,0,1,1
YULIBY,0,1,1
YULIC,0,1,1
YULICETH,0,1,1
YULIEP,0,1,1
YULIER,0,1,1
YULIETHE,0,1,1
YULIETT,0,1,1
YULIKSA,0,1,1
YULINA,0,1,1
YULINEY,0,1,1
YULINY,0,1,1
YULIOSA,0,1,1
YULISEL,0,1,1
YULISES,0,1,1
YULISSES,0,1,1
YULITT,0,1,1
YULITTE,0,1,1
YULITZA,0,1,1
YULIVET,0,1,1
YULIVETY,0,1,1
YULIXMA,0,1,1
YULIZER,0,1,1
YULIZETH,0,1,1
YULLIET,0,1,1
YULLIETH,0,1,1
YULYBETH,0,1,1
YULYT,0,1,1
YUMARE,0,1,1
YUMARI,0,1,1
YUMARIN,0,1,1
YUMEDIS,0,1,1
YUMIDAL,0,1,1
YUMILIETH,0,1,1
YUMILINA,0,1,1
YUMIN,0,1,1
YUMINADA,0,1,1
YUMINOSA,0,1,1
YUMISET,0,1,1
YUMISETH,0,1,1
YUMIYEN,0,1,1
YUN SHAN,0,1,1
YUNABEL,0,1,1
YUNAIRE,0,1,1
YUNALDO,0,1,1
YUNANY,0,1,1
YUNARY,0,1,1
YUNEDIN,0,1,1
YUNEH,0,1,1
YUNELDA,0,1,1
YUNESCA,0,1,1
YUNESY,0,1,1
YUNEY,0,1,1
YUNG,0,1,1
YUNHE,0,1,1
YUNIBEHT,0,1,1
YUNIBET,0,1,1
YUNIBITH,0,1,1
YUNICIA,0,1,1
YUNIDER,0,1,1
YUNIETT,0,1,1
YUNILIETH,0,1,1
YUNILIETT,0,1,1
YUNIN,0,1,1
YUNIRA,0,1,1
YUNIT,0,1,1
YUNIVET,0,1,1
YUNIVETH,0,1,1
YUNIVIR,0,1,1
YUNIZA,0,1,1
YUNTER,0,1,1
YUNYBETH,0,1,1
YUPANA,0,1,1
YUPANKLYN,0,1,1
YUPANQUI,0,1,1
YURANDINA,0,1,1
YURANDY,0,1,1
YURAYMI,0,1,1
YURBELIS,0,1,1
YURDINA,0,1,1
YUREYDA,0,1,1
YURIANA,0,1,1
YURIC,0,1,1
YURIEL,0,1,1
YURIEN,0,1,1
YURIHT,0,1,1
YURILE,0,1,1
YURIO,0,1,1
YURISAN,0,1,1
YURISMA,0,1,1
YURIT,0,1,1
YURITCIA,0,1,1
YURITH,0,1,1
YURIZA,0,1,1
YURLENIS,0,1,1
YURMANIA,0,1,1
YURMANIS,0,1,1
YURUZELKY,0,1,1
YURYT,0,1,1
YUSCELY,0,1,1
YUSEBY,0,1,1
YUSEFF,0,1,1
YUSELA,0,1,1
YUSELI,0,1,1
YUSELIN,0,1,1
YUSEP,0,1,1
YUSIMI,0,1,1
YUSLENY,0,1,1
YUSMAN,0,1,1
YUSMARI,0,1,1
YUSMILA,0,1,1
YUSSAN,0,1,1
YUSSEFF,0,1,1
YUSSELF,0,1,1
YUSSELFY,0,1,1
YUSSET,0,1,1
YUSSUTH,0,1,1
YUSTYN,0,1,1
YUSU,0,1,1
YUSUF,0,1,1
YUSUMIN,0,1,1
YUTHIT,0,1,1
YUTZIL,0,1,1
YUVANE,0,1,1
YUVANIE,0,1,1
YUVANINA,0,1,1
YUVANO,0,1,1
YUVAUNY,0,1,1
YUVAY,0,1,1
YUVENY,0,1,1
YUVENY PAMELA,0,1,1
YUVERMINA,0,1,1
YUVIANIS,0,1,1
YUVIDIA,0,1,1
YUVIER,0,1,1
YUVIMNY,0,1,1
YUVING,0,1,1
YUVINYS,0,1,1
YUVISLAVIA,0,1,1
YUVITICIA,0,1,1
YUVITZA,0,1,1
YUVIXA,0,1,1
YUWELKA,0,1,1
YUZETH,0,1,1
YVANS,0,1,1
YVELIS,0,1,1
YVEZ,0,1,1
YVOM,0,1,1
YVOME,0,1,1
YVONE,0,1,1
YVONNA,0,1,1
YVONNIE,0,1,1
YVORY,0,1,1
YXZEL,0,1,1
YYCEL,0,1,1
YZABEL,0,1,1
YZELA,0,1,1
YZELI,0,1,1
YZIEL,0,1,1
YZZIEL,0,1,1
ZAADYA,0,1,1
ZABADIEL,0,1,1
ZABALA,0,1,1
ZABATIEL,0,1,1
ZABINA,0,1,1
ZACAHIRA,0,1,1
ZACAPA,0,1,1
ZACARIAS ISABEL,0,1,1
ZACHARIAS,0,1,1
ZADAI,0,1,1
ZADDAI,0,1,1
ZADICH,0,1,1
ZADID,0,1,1
ZADIG,0,1,1
ZADIMIR,0,1,1
ZADIX,0,1,1
ZADKY,0,1,1
ZADONY,0,1,1
ZADRIK,0,1,1
ZAEEL,0,1,1
ZAEL,0,1,1
ZAELIA,0,1,1
ZAETH,0,1,1
ZAGLUL,0,1,1
ZAGLUL CAMILO,0,1,1
ZAHADI,0,1,1
ZAHAR,0,1,1
ZAHARINA,0,1,1
ZAHARYKE,0,1,1
ZAHEL,0,1,1
ZAHEM,0,1,1
ZAHIN,0,1,1
ZAHIR,0,1,1
ZAI,0,1,1
ZAIDEE,0,1,1
ZAIT,0,1,1
ZAJAILA,0,1,1
ZAJILSA,0,1,1
ZALA ALEJANDRA,0,1,1
ZALASAR,0,1,1
ZALATIER,0,1,1
ZALAZAR,0,1,1
ZALDIVAR,0,1,1
ZAMANTA,0,1,1
ZAMARHIA,0,1,1
ZAMARINA,0,1,1
ZAMARYA,0,1,1
ZAMAY,0,1,1
ZAMELIDA,0,1,1
ZAMILETH,0,1,1
ZAMIRI,0,1,1
ZAMIRY,0,1,1
ZAMYR,0,1,1
ZANAIDA,0,1,1
ZANERIS,0,1,1
ZANET,0,1,1
ZANETT,0,1,1
ZANICH,0,1,1
ZANIN,0,1,1
ZANNELI,0,1,1
ZANONI,0,1,1
ZANOVIA,0,1,1
ZAPATA,0,1,1
ZARABIA,0,1,1
ZARAGOSA,0,1,1
ZARAHY,0,1,1
ZARAINA,0,1,1
ZARAIT,0,1,1
ZARAITH,0,1,1
ZARALY,0,1,1
ZARELLA,0,1,1
ZARETH,0,1,1
ZARID,0,1,1
ZARIMA,0,1,1
ZARITZA,0,1,1
ZARVELIO,0,1,1
ZASSIBEL,0,1,1
ZAU,0,1,1
ZAULICER,0,1,1
ZAUN,0,1,1
ZAVI,0,1,1
ZAVIT,0,1,1
ZAYARA,0,1,1
ZAYARINA,0,1,1
ZAYED,0,1,1
ZAYETH,0,1,1
ZDE,0,1,1
ZDEE,0,1,1
ZE PO,0,1,1
ZEBINA,0,1,1
ZECEL,0,1,1
ZECUNDINA,0,1,1
ZEDALIA,0,1,1
ZEDERNAN,0,1,1
ZEDETH,0,1,1
ZEDHITZERHA,0,1,1
ZEDUNIA,0,1,1
ZEEB,0,1,1
ZEITEL,0,1,1
ZEKIE,0,1,1
ZELADIA,0,1,1
ZELADY,0,1,1
ZELAJU,0,1,1
ZELANA,0,1,1
ZELESTINO,0,1,1
ZELIBETH,0,1,1
ZELLER,0,1,1
ZELMAR,0,1,1
ZELMIN,0,1,1
ZEMANUEL,0,1,1
ZEMEDEWITZH,0,1,1
ZEMENEWIT,0,1,1
ZEMILDA,0,1,1
ZENABEL,0,1,1
ZENADA,0,1,1
ZENAIDO,0,1,1
ZENAIRA,0,1,1
ZENARA,0,1,1
ZENAY,0,1,1
ZENDER,0,1,1
ZENELIA,0,1,1
ZENEYDI,0,1,1
ZENIE,0,1,1
ZENOBIO,0,1,1
ZENOVIO,0,1,1
ZENWIL,0,1,1
ZEOMAR,0,1,1
ZEPHANIAH,0,1,1
ZERAIDA,0,1,1
ZERBANDA,0,1,1
ZERELDA,0,1,1
ZEREN,0,1,1
ZERIBEL,0,1,1
ZERIN,0,1,1
ZERINA,0,1,1
ZERON,0,1,1
ZERONA,0,1,1
ZESAR,0,1,1
ZEVDANA,0,1,1
ZEVILLA,0,1,1
ZEYDAN,0,1,1
ZEYTHEL,0,1,1
ZHONG HUA,0,1,1
ZI PING,0,1,1
ZIADIRA,0,1,1
ZIDORA,0,1,1
ZIERY,0,1,1
ZIGRITH,0,1,1
ZILENA,0,1,1
ZILOE,0,1,1
ZILOHET,0,1,1
ZILVESTER,0,1,1
ZILYA,0,1,1
ZINARA,0,1,1
ZINMIR,0,1,1
ZINOETH,0,1,1
ZIPORA,0,1,1
ZISCEL,0,1,1
ZISINIA,0,1,1
ZIVIS,0,1,1
ZIZZETH,0,1,1
ZOACD,0,1,1
ZOAHD,0,1,1
ZOAT,0,1,1
ZOBERANA,0,1,1
ZOCHILL,0,1,1
ZOCHITLET,0,1,1
ZODEI,0,1,1
ZOEM,0,1,1
ZOEME,0,1,1
ZOHAD,0,1,1
ZOHAREH,0,1,1
ZOHEL,0,1,1
ZOHETH,0,1,1
ZOILA ANGELICA,0,1,1
ZOILA AURORA,0,1,1
ZOILA EMERITA,0,1,1
ZOILA ERCELI,0,1,1
ZOILA ISABEL,0,1,1
ZOILA JOSEFINA,0,1,1
ZOIMARI,0,1,1
ZOJAILA,0,1,1
ZOLANA,0,1,1
ZOLANDA,0,1,1
ZOLANGE,0,1,1
ZOLANIA,0,1,1
ZOLANLLI,0,1,1
ZOLIANA,0,1,1
ZOLIBEL,0,1,1
ZOLIDES,0,1,1
ZOLIMAN,0,1,1
ZOLIN,0,1,1
ZOMALIA,0,1,1
ZONALY,0,1,1
ZONEY,0,1,1
ZONIA ANGELINA,0,1,1
ZONIA ELIZABETH,0,1,1
ZONIA ESMERALDA,0,1,1
ZONIA SALOME,0,1,1
ZONIA SARAY,0,1,1
ZONIA SENAIDA,0,1,1
ZONITH,0,1,1
ZOOBEYDA,0,1,1
ZOOCE,0,1,1
ZOOSHIRE,0,1,1
ZORAIYDA,0,1,1
ZORALY,0,1,1
ZORAYMA,0,1,1
ZORETH,0,1,1
ZOREYA,0,1,1
ZORGE,0,1,1
ZORIN,0,1,1
ZORISAREL,0,1,1
ZORRAILA,0,1,1
ZORZELINA,0,1,1
ZOTERA,0,1,1
ZOVEISA,0,1,1
ZOYAPA,0,1,1
ZUAIN,0,1,1
ZUAMID,0,1,1
ZUAR,0,1,1
ZUBAYDA,0,1,1
ZUBLE,0,1,1
ZUBLETH,0,1,1
ZUCELINA,0,1,1
ZUCELL,0,1,1
ZUCELY,0,1,1
ZUCETH,0,1,1
ZUCETTE,0,1,1
ZUCIRE,0,1,1
ZUDEIDA,0,1,1
ZUELEMA,0,1,1
ZUEZ,0,1,1
ZUGEN,0,1,1
ZUGUEY,0,1,1
ZUHAIL,0,1,1
ZUHEY,0,1,1
ZUHSEL,0,1,1
ZUJELY,0,1,1
ZUJEY,0,1,1
ZULAICA,0,1,1
ZULAMA,0,1,1
ZULAMITA,0,1,1
ZULANI,0,1,1
ZULAYDA,0,1,1
ZULAYKA,0,1,1
ZULEIK,0,1,1
ZULEIMAN,0,1,1
ZULEMA CALALINA,0,1,1
ZULEMA GEORGINA,0,1,1
ZULEMITA,0,1,1
ZULEMY,0,1,1
ZULEN,0,1,1
ZULENA,0,1,1
ZULENI,0,1,1
ZULET,0,1,1
ZULEYMI,0,1,1
ZULEYRA,0,1,1
ZULIA MARTINA,0,1,1
ZULIBETH,0,1,1
ZULIDA,0,1,1
ZULIMA,0,1,1
ZULIMI,0,1,1
ZULISSA,0,1,1
ZULLAPA,0,1,1
ZULMIRA,0,1,1
ZULMIREN,0,1,1
ZULU,0,1,1
ZUMALIA,0,1,1
ZUMALLA,0,1,1
ZUMARIN,0,1,1
ZUMIL,0,1,1
ZUNAMITA,0,1,1
ZUNARE,0,1,1
ZUNIDIA,0,1,1
ZUNILDO,0,1,1
ZUNINA,0,1,1
ZUREN,0,1,1
ZURETH,0,1,1
ZUREY,0,1,1
ZURIKA,0,1,1
ZURITH,0,1,1
ZURYSADAY,0,1,1
ZUSENIA,0,1,1
ZUSET,0,1,1
ZUTIBEL,0,1,1
ZUZETH,0,1,1
ZUZIBEL,0,1,1
ZYLDA,0,1,1
ZYMERY,0,1,1
JOSE RAUL,1,0,1
MARIA ENCARNACION,1,0,1
NATIVIDAD,1,0,1
VICTORIA,1,0,1
AALMA,1,0,1
AARILIN,1,0,1
AARLES,1,0,1
AARLY,1,0,1
ABACIE,1,0,1
ABACIO,1,0,1
ABADEL,1,0,1
ABADICIO,1,0,1
ABADIO,1,0,1
ABANESIS,1,0,1
ABANGELISTA,1,0,1
ABANIL,1,0,1
ABARISTA,1,0,1
ABARTINA,1,0,1
ABATOLIO,1,0,1
ABATT,1,0,1
ABAXO,1,0,1
ABBEY,1,0,1
ABBIE EVILA,1,0,1
ABDA,1,0,1
ABDALIA,1,0,1
ABDELICIA,1,0,1
ABDIN,1,0,1
ABDION,1,0,1
ABDISMEL,1,0,1
ABDNER,1,0,1
ABDOMILIO,1,0,1
ABDRES,1,0,1
ABDUVER,1,0,1
ABECED,1,0,1
ABEDIAS,1,0,1
ABEDONA,1,0,1
ABEDONIO,1,0,1
ABEGUEL,1,0,1
ABEH,1,0,1
ABEIDA,1,0,1
ABELA,1,0,1
ABELAINA,1,0,1
ABELCIO,1,0,1
ABELCIS,1,0,1
ABELIDA,1,0,1
ABELIDIO,1,0,1
ABELISANDO,1,0,1
ABELIZA,1,0,1
ABELLA,1,0,1
ABELMA,1,0,1
ABELQUI,1,0,1
ABELSON,1,0,1
ABELTI,1,0,1
ABENALDO,1,0,1
ABENCE,1,0,1
ABENEC,1,0,1
ABENIGNA,1,0,1
ABENTINO,1,0,1
ABERARDO,1,0,1
ABEREY,1,0,1
ABERICIO,1,0,1
ABERNIO,1,0,1
ABERSES,1,0,1
ABERTA,1,0,1
ABERTANO,1,0,1
ABESIA,1,0,1
ABESILIA,1,0,1
ABESIS,1,0,1
ABESTINA,1,0,1
ABETINA,1,0,1
ABETNICO,1,0,1
ABETO,1,0,1
ABEXAHI,1,0,1
ABHAHAM,1,0,1
ABIAIL,1,0,1
ABIB,1,0,1
ABICELYS,1,0,1
ABICENA,1,0,1
ABICINIA,1,0,1
ABICTICIA,1,0,1
ABIDAEL,1,0,1
ABIDAHIL,1,0,1
ABIDAHY,1,0,1
ABIDAI,1,0,1
ABIDENIA,1,0,1
ABIDIA,1,0,1
ABIDY,1,0,1
ABIE,1,0,1
ABILARDO,1,0,1
ABILMAIN,1,0,1
ABILMELCE,1,0,1
ABILO,1,0,1
ABIMALEX,1,0,1
ABIMETH,1,0,1
ABIMILECH,1,0,1
ABIMILECK,1,0,1
ABINADAK,1,0,1
ABINOAN,1,0,1
ABISAHI,1,0,1
ABISAJ,1,0,1
ABISHAG,1,0,1
ABISINIA,1,0,1
ABISTINA,1,0,1
ABITON,1,0,1
ABIUB,1,0,1
ABIUN,1,0,1
ABIUTH,1,0,1
ABIYALID,1,0,1
ABMER,1,0,1
ABNAR,1,0,1
ABNEL,1,0,1
ABNNER,1,0,1
ABONER,1,0,1
ABONILDA,1,0,1
ABOSTREBERTO,1,0,1
ABPNER,1,0,1
ABRAAM,1,0,1
ABRAHAAN,1,0,1
ABRAHAM ELEAZAR,1,0,1
ABRAHIM,1,0,1
ABRAHN,1,0,1
ABREA,1,0,1
ABRENELL,1,0,1
ABRIA,1,0,1
ABRILIO,1,0,1
ABRINET,1,0,1
ABRIO,1,0,1
ABSALAM,1,0,1
ABSDIAS,1,0,1
ABSONIA,1,0,1
ABUNDI,1,0,1
ABYSAI,1,0,1
ACADEMIO,1,0,1
ACADIA,1,0,1
ACADIO,1,0,1
ACAMPO,1,0,1
ACAMSITO,1,0,1
ACASTORINA,1,0,1
ACATA,1,0,1
ACCI,1,0,1
ACDELI,1,0,1
ACDENCIO,1,0,1
ACDIS,1,0,1
ACDOMILIA,1,0,1
ACDULIA,1,0,1
ACEILY,1,0,1
ACELAYDA,1,0,1
ACELI,1,0,1
ACELIA,1,0,1
ACELINDA,1,0,1
ACENALDA,1,0,1
ACENCIONA,1,0,1
ACEPCION,1,0,1
ACETO,1,0,1
ACHABAL,1,0,1
ACHI,1,0,1
ACHILEAS,1,0,1
ACHIN,1,0,1
ACIBIRDES,1,0,1
ACINA,1,0,1
ACISE,1,0,1
ACISELO,1,0,1
ACISTER,1,0,1
ACKBAR,1,0,1
ACLAN,1,0,1
ACLANDO,1,0,1
ACNA,1,0,1
ACNECIA,1,0,1
ACNEL,1,0,1
ACNICIA,1,0,1
ACOQUE,1,0,1
ACORTADO,1,0,1
ACRECIO,1,0,1
ACRILIA,1,0,1
ACSENOVIA,1,0,1
ACSOLINA,1,0,1
ACTIRES,1,0,1
ACTIVILLE,1,0,1
ACTORA,1,0,1
ACTURINA,1,0,1
ACUËA,1,0,1
ACUILA,1,0,1
ACXIL,1,0,1
ACXINIA,1,0,1
ACZAEL,1,0,1
AD,1,0,1
ADA RUTH,1,0,1
ADABELI,1,0,1
ADABELIS,1,0,1
ADABEYCI,1,0,1
ADABIA,1,0,1
ADABITO,1,0,1
ADACELI,1,0,1
ADACELINA,1,0,1
ADACILIA,1,0,1
ADADA,1,0,1
ADADDE,1,0,1
ADADEL,1,0,1
ADADIN,1,0,1
ADADVERTA,1,0,1
ADAFRANKLIN,1,0,1
ADAGILCIA,1,0,1
ADAGILSA,1,0,1
ADAGIXA,1,0,1
ADAGSONIA,1,0,1
ADAHI,1,0,1
ADAHILDA,1,0,1
ADAHT,1,0,1
ADAIM,1,0,1
ADAIS,1,0,1
ADAJITZA,1,0,1
ADALBED,1,0,1
ADALBERTHA,1,0,1
ADALBI,1,0,1
ADALEILA,1,0,1
ADALEISI,1,0,1
ADALENIS,1,0,1
ADALES,1,0,1
ADALEXA,1,0,1
ADALEYDI,1,0,1
ADALEYSIS,1,0,1
ADALFA,1,0,1
ADALGINA,1,0,1
ADALGUICIA,1,0,1
ADALICSY,1,0,1
ADALICZA,1,0,1
ADALILMA,1,0,1
ADALINDEZ,1,0,1
ADALINE,1,0,1
ADALISES,1,0,1
ADALISIA,1,0,1
ADALISXA,1,0,1
ADALITA,1,0,1
ADALIXO,1,0,1
ADALJILSA,1,0,1
ADALJIPSA,1,0,1
ADALLY,1,0,1
ADALMINDA,1,0,1
ADALMUNDO,1,0,1
ADALMYS,1,0,1
ADALSA,1,0,1
ADALU,1,0,1
ADALUPE,1,0,1
ADALUS,1,0,1
ADALVERTA,1,0,1
ADALVIN,1,0,1
ADAME,1,0,1
ADAMELI,1,0,1
ADAMELIA,1,0,1
ADAMILIA,1,0,1
ADAMINTON,1,0,1
ADAMISEB,1,0,1
ADAN DE JESUS,1,0,1
ADAN JUSTO,1,0,1
ADANDARIO,1,0,1
ADANELI,1,0,1
ADANEYDA,1,0,1
ADANLI,1,0,1
ADANOILY,1,0,1
ADARACELIA,1,0,1
ADARCELY,1,0,1
ADARGELIA,1,0,1
ADARGELIS,1,0,1
ADASLINDO,1,0,1
ADASRI,1,0,1
ADASTELIA,1,0,1
ADATILDE,1,0,1
ADAUNATO,1,0,1
ADAVELLA,1,0,1
ADAVELY,1,0,1
ADAVINDA,1,0,1
ADAVINIA,1,0,1
ADAYDA,1,0,1
ADAZILA,1,0,1
ADBEDT,1,0,1
ADBEL,1,0,1
ADBELICA,1,0,1
ADBELICIA,1,0,1
ADBELIN,1,0,1
ADBERVYS,1,0,1
ADBIENTO,1,0,1
ADBY,1,0,1
ADCADIO,1,0,1
ADDEN,1,0,1
ADDIVIDAX,1,0,1
ADDIZ,1,0,1
ADDON,1,0,1
ADDONIO,1,0,1
ADDONIS,1,0,1
ADDOROLY,1,0,1
ADDRIE,1,0,1
ADDULFO,1,0,1
ADDYANSEL,1,0,1
ADDYSS,1,0,1
ADEALINO,1,0,1
ADEBEL,1,0,1
ADECIA,1,0,1
ADED,1,0,1
ADEE,1,0,1
ADEIAN,1,0,1
ADEICES,1,0,1
ADEILIA,1,0,1
ADEINA,1,0,1
ADEISIS,1,0,1
ADELA MARITZA,1,0,1
ADELAHIDA,1,0,1
ADELAIDA DE JES,1,0,1
ADELALIA,1,0,1
ADELAY,1,0,1
ADELAYA,1,0,1
ADELBIA,1,0,1
ADELCID,1,0,1
ADELCIO,1,0,1
ADELCIS,1,0,1
ADELDIN,1,0,1
ADELENE,1,0,1
ADELENIA,1,0,1
ADELEO,1,0,1
ADELFITA,1,0,1
ADELGIS,1,0,1
ADELIAM,1,0,1
ADELICITA,1,0,1
ADELIDES,1,0,1
ADELINDO,1,0,1
ADELJICIA,1,0,1
ADELMINA,1,0,1
ADELNITA,1,0,1
ADELSIA,1,0,1
ADELSID,1,0,1
ADELSIO,1,0,1
ADELVA,1,0,1
ADELZA,1,0,1
ADELZON,1,0,1
ADELZOR,1,0,1
ADEMILETH,1,0,1
ADENAUR,1,0,1
ADENIL,1,0,1
ADENSI,1,0,1
ADEO,1,0,1
ADERA,1,0,1
ADERLI,1,0,1
ADERMEN,1,0,1
ADERMIRA,1,0,1
ADERMITO,1,0,1
ADERSIS,1,0,1
ADESTA,1,0,1
ADESTINA,1,0,1
ADEX,1,0,1
ADEXO,1,0,1
ADEXSA,1,0,1
ADEYSIS,1,0,1
ADEZ,1,0,1
ADGARD,1,0,1
ADGUETA,1,0,1
ADHILY,1,0,1
ADIALID,1,0,1
ADIAS,1,0,1
ADIBE,1,0,1
ADIBEL,1,0,1
ADICK,1,0,1
ADILEN,1,0,1
ADILENIX,1,0,1
ADILEZ,1,0,1
ADILFONSO,1,0,1
ADILIABET,1,0,1
ADILILA,1,0,1
ADILION,1,0,1
ADILISA,1,0,1
ADILKENIS,1,0,1
ADILUZ,1,0,1
ADILVIO,1,0,1
ADIMIA,1,0,1
ADIMPIDA,1,0,1
ADINAS,1,0,1
ADINAYDA,1,0,1
ADIPCIA,1,0,1
ADIRIA,1,0,1
ADIRIAN,1,0,1
ADIRNA,1,0,1
ADISEL,1,0,1
ADISIDES,1,0,1
ADISS,1,0,1
ADISSIS,1,0,1
ADISTON,1,0,1
ADITHA,1,0,1
ADITIA,1,0,1
ADITRUDES,1,0,1
ADIVE,1,0,1
ADIVIS,1,0,1
ADIXI,1,0,1
ADLAI,1,0,1
ADLEY,1,0,1
ADLIS,1,0,1
ADMAN,1,0,1
ADMEIDA,1,0,1
ADMILDO,1,0,1
ADMINTA,1,0,1
ADMIRIA,1,0,1
ADNA,1,0,1
ADNAMI,1,0,1
ADNAN,1,0,1
ADNREA,1,0,1
ADOCINDA,1,0,1
ADODIA,1,0,1
ADOLFIA,1,0,1
ADOLFIMA,1,0,1
ADOLFO JULIO,1,0,1
ADOLFOGUSTAVO,1,0,1
ADOLFOLFO,1,0,1
ADOLIDA,1,0,1
ADOLIFNA,1,0,1
ADOLTINO,1,0,1
ADOMIAS,1,0,1
ADOMILICE,1,0,1
ADOMIN,1,0,1
ADONACIO,1,0,1
ADONAIAS,1,0,1
ADONAIE,1,0,1
ADONAIL,1,0,1
ADONALY,1,0,1
ADONATILO,1,0,1
ADONAYL,1,0,1
ADONELIN,1,0,1
ADONELIS,1,0,1
ADONELSI,1,0,1
ADONICEDEC,1,0,1
ADONICIDEX,1,0,1
ADONIDAN,1,0,1
ADONIDAS,1,0,1
ADONILDA,1,0,1
ADONILDO,1,0,1
ADONILIO,1,0,1
ADONIM,1,0,1
ADONINO,1,0,1
ADONIRAM,1,0,1
ADONISIDEC,1,0,1
ADONIVERSE,1,0,1
ADONIX,1,0,1
ADONIYAS,1,0,1
ADORABLE,1,0,1
ADORAN,1,0,1
ADORIAS,1,0,1
ADORINA,1,0,1
ADOSILVA,1,0,1
ADOSTA,1,0,1
ADOTH,1,0,1
ADOVIA,1,0,1
ADRAN,1,0,1
ADRANA,1,0,1
ADREANITA,1,0,1
ADREANO,1,0,1
ADRELINA,1,0,1
ADRENALINA,1,0,1
ADRIADNA,1,0,1
ADRIANA  ISABEL,1,0,1
ADRIANAEUNICE,1,0,1
ADRIANEL,1,0,1
ADRIANITA,1,0,1
ADRIELIZA,1,0,1
ADRIET,1,0,1
ADRILINA,1,0,1
ADRISELDA,1,0,1
ADRISTRIO,1,0,1
ADRIZ,1,0,1
ADRONI,1,0,1
ADRY,1,0,1
ADSBEL,1,0,1
ADUA,1,0,1
ADUAL,1,0,1
ADUAR,1,0,1
ADUARDA,1,0,1
ADUARTH,1,0,1
ADUAT,1,0,1
ADUBAN,1,0,1
ADUBER,1,0,1
ADUER,1,0,1
ADULAY,1,0,1
ADULBERTO,1,0,1
ADULDIO,1,0,1
ADULFIDO,1,0,1
ADULIS,1,0,1
ADULPHUS,1,0,1
ADUNESCA,1,0,1
ADUNIA,1,0,1
ADUNIS,1,0,1
ADUVINA,1,0,1
ADVAR,1,0,1
ADVEL,1,0,1
ADVELINA,1,0,1
ADVERCIO,1,0,1
ADVIN,1,0,1
ADWINALEXANDER,1,0,1
ADYERI,1,0,1
ADYSIS,1,0,1
AEDA,1,0,1
AEDDI,1,0,1
AEDICTA,1,0,1
AEDIS,1,0,1
AELER,1,0,1
AELFAR,1,0,1
AELIA,1,0,1
AELIS,1,0,1
AELX,1,0,1
AEMELINA,1,0,1
AERELIA,1,0,1
AEREO PAJITO,1,0,1
AEREOPASITA,1,0,1
AERIBERTO,1,0,1
AERIS,1,0,1
AERLINE,1,0,1
AERONICIO,1,0,1
AEROPACITA,1,0,1
AESTREBERTO,1,0,1
AEUREA,1,0,1
AEVERGELIO,1,0,1
AFABIEL,1,0,1
AFDIER,1,0,1
AFELIDA,1,0,1
AFERINO,1,0,1
AFFID,1,0,1
AFFITH,1,0,1
AFFY,1,0,1
AFIB,1,0,1
AFILENE,1,0,1
AFIN,1,0,1
AFIT,1,0,1
AFNER,1,0,1
AFONCIA,1,0,1
AFORTUNATO,1,0,1
AFREDESVINDA,1,0,1
AFREDIL,1,0,1
AFREDY,1,0,1
AFRODICTO,1,0,1
AFRODISIA,1,0,1
AFRODITI,1,0,1
AFRONDISIA,1,0,1
AGA,1,0,1
AGABO,1,0,1
AGALINA,1,0,1
AGAPE,1,0,1
AGASTINA,1,0,1
AGASTON,1,0,1
AGATA,1,0,1
AGATANGELO,1,0,1
AGDA,1,0,1
AGDALIA,1,0,1
AGDELI,1,0,1
AGDI,1,0,1
AGDILIO,1,0,1
AGDOBERTO,1,0,1
AGDON,1,0,1
AGECIPO,1,0,1
AGEL,1,0,1
AGELA,1,0,1
AGGUSTO,1,0,1
AGILSO,1,0,1
AGIPINA,1,0,1
AGITINIA,1,0,1
AGLA,1,0,1
AGLACELI,1,0,1
AGLAEEN,1,0,1
AGLENIS,1,0,1
AGLORIIA,1,0,1
AGLORIO,1,0,1
AGLUSINA,1,0,1
AGMNES,1,0,1
AGNECIO,1,0,1
AGNELD,1,0,1
AGNELIO,1,0,1
AGNERY,1,0,1
AGNETTA,1,0,1
AGNIL,1,0,1
AGNIS,1,0,1
AGNNER,1,0,1
AGNY,1,0,1
AGOSTINA,1,0,1
AGRACELIS,1,0,1
AGRACIA,1,0,1
AGRECIA,1,0,1
AGRECONIA,1,0,1
AGREVIA,1,0,1
AGRICONIA,1,0,1
AGRITINA,1,0,1
AGUA,1,0,1
AGUADO,1,0,1
AGUDEY,1,0,1
AGUERO,1,0,1
AGUI,1,0,1
AGUILA,1,0,1
AGUILAREDDY,1,0,1
AGUILAS,1,0,1
AGUILBERTA,1,0,1
AGUILERA,1,0,1
AGUILSOM,1,0,1
AGUILUZ,1,0,1
AGUIMALDO,1,0,1
AGUINA,1,0,1
AGUIRREFELIX,1,0,1
AGUIT,1,0,1
AGUITA,1,0,1
AGUNDINA,1,0,1
AGUORA,1,0,1
AGURCIA,1,0,1
AGUSTILIAM,1,0,1
AH,1,0,1
AHAD,1,0,1
AHALAN,1,0,1
AHEDIT,1,0,1
AHEDITA,1,0,1
AHERICA,1,0,1
AHESCARLETT,1,0,1
AHEXMELIN,1,0,1
AHIBY,1,0,1
AHIMALEC,1,0,1
AHIME,1,0,1
AHINA,1,0,1
AHINOAN,1,0,1
AHIRA,1,0,1
AHIRON,1,0,1
AHITSSA,1,0,1
AHITZA,1,0,1
AHIXA,1,0,1
AHJILUD,1,0,1
AHKIN,1,0,1
AHLI,1,0,1
AHLMA,1,0,1
AHLYN,1,0,1
AHMAD,1,0,1
AHOLIBAH,1,0,1
AHOLIBANA,1,0,1
AHUI,1,0,1
AHUNNER,1,0,1
AHURELIANA,1,0,1
AIAS,1,0,1
AIBIN,1,0,1
AICHANG,1,0,1
AIDA DEL CARMEN,1,0,1
AIDA ERNESTINA,1,0,1
AIDA JULIA,1,0,1
AIDA LOURDES,1,0,1
AIDA ROXANA,1,0,1
AIDA SATURNINA,1,0,1
AIDA TRANSITO,1,0,1
AIDACORA,1,0,1
AIDEH,1,0,1
AIDELAIDA,1,0,1
AIDELI,1,0,1
AIDILBERTO,1,0,1
AIDITA,1,0,1
AIELETH,1,0,1
AIFEN,1,0,1
AIGNES,1,0,1
AILAINA,1,0,1
AILAN,1,0,1
AILEEM,1,0,1
AILEEN JEOVANNA,1,0,1
AILER,1,0,1
AILIBANA,1,0,1
AILIM,1,0,1
AILIMAN,1,0,1
AILINIA,1,0,1
AILINNEE,1,0,1
AILITA,1,0,1
AILONG,1,0,1
AILOR,1,0,1
AILSSE,1,0,1
AILYIN,1,0,1
AIMMEE,1,0,1
AIMUNDO,1,0,1
AINALDO,1,0,1
AINO,1,0,1
AINOAN,1,0,1
AINSTEN,1,0,1
AINSWORTH,1,0,1
AIPIANO,1,0,1
AIPING,1,0,1
AIPLANO,1,0,1
AIRAM,1,0,1
AIRAN,1,0,1
AIRENDA,1,0,1
AIRENDO,1,0,1
AIRESCA,1,0,1
AIRINDA,1,0,1
AIRIS,1,0,1
AIRISELIA,1,0,1
AIRLEN,1,0,1
AIRLER,1,0,1
AIROLDO,1,0,1
AIRY,1,0,1
AIRZA,1,0,1
AISA,1,0,1
AISILENA,1,0,1
AISINO,1,0,1
AISLAO,1,0,1
AISNALDO,1,0,1
AISTEN,1,0,1
AITH,1,0,1
AITINA,1,0,1
AITTZA,1,0,1
AITXA,1,0,1
AJASLIN,1,0,1
AJEJANDRINA,1,0,1
AJELET,1,0,1
AJIDULFO,1,0,1
AJORGE,1,0,1
AKA,1,0,1
AKBAL,1,0,1
AKBAR,1,0,1
AKERON,1,0,1
AKIM,1,0,1
AKLIY,1,0,1
AKSSLAND,1,0,1
AKWA,1,0,1
AKXA,1,0,1
ALAB,1,0,1
ALACELY,1,0,1
ALACIANO,1,0,1
ALACSA,1,0,1
ALADELIS,1,0,1
ALADICIA,1,0,1
ALADIO,1,0,1
ALADORA,1,0,1
ALADYN,1,0,1
ALADYNO,1,0,1
ALAHANS,1,0,1
ALAHE,1,0,1
ALAIDA,1,0,1
ALAIN JEAN,1,0,1
ALAMIA,1,0,1
ALAMIAS,1,0,1
ALAMIN,1,0,1
ALAMS,1,0,1
ALANDELINA,1,0,1
ALANDRONA,1,0,1
ALANTINA,1,0,1
ALAPINA,1,0,1
ALAQUIAS,1,0,1
ALARCON,1,0,1
ALARDO,1,0,1
ALAREDO,1,0,1
ALARIC,1,0,1
ALASTERO,1,0,1
ALASTIËA,1,0,1
ALASTINO,1,0,1
ALAUDIA,1,0,1
ALAVI,1,0,1
ALAXS,1,0,1
ALAZARETH,1,0,1
ALBA DE JESUS,1,0,1
ALBA ENGRACIA,1,0,1
ALBA MARIA,1,0,1
ALBA ORTENCIA,1,0,1
ALBAA,1,0,1
ALBAALBA,1,0,1
ALBAD,1,0,1
ALBAIRES,1,0,1
ALBALENA,1,0,1
ALBALETY,1,0,1
ALBANERI,1,0,1
ALBARINA,1,0,1
ALBARIO,1,0,1
ALBASEA,1,0,1
ALBEA,1,0,1
ALBEBERTA,1,0,1
ALBELISA,1,0,1
ALBENITA,1,0,1
ALBERIN,1,0,1
ALBERLINDA,1,0,1
ALBERS,1,0,1
ALBERSON,1,0,1
ALBERTO AUGUSTO,1,0,1
ALBERTOMISAHEL,1,0,1
ALBIEL,1,0,1
ALBIEN,1,0,1
ALBILIA,1,0,1
ALBINTO,1,0,1
ALBIR,1,0,1
ALBIRIA,1,0,1
ALBIRSO,1,0,1
ALBON,1,0,1
ALBONIA,1,0,1
ALBORTH,1,0,1
ALBOTH,1,0,1
ALBRCHT,1,0,1
ALBUR,1,0,1
ALBY,1,0,1
ALCAËO,1,0,1
ALCAHAN,1,0,1
ALCALIA,1,0,1
ALCAMARIA,1,0,1
ALCARE,1,0,1
ALCARIA,1,0,1
ALCARINA,1,0,1
ALCE,1,0,1
ALCELMA,1,0,1
ALCEN,1,0,1
ALCERRITO,1,0,1
ALCESAR,1,0,1
ALCI,1,0,1
ALCIBIA,1,0,1
ALCIONY,1,0,1
ALCIRA DE LA,1,0,1
ALCOLFO,1,0,1
ALCONIA,1,0,1
ALCYNIA,1,0,1
ALD,1,0,1
ALDA MARIA,1,0,1
ALDABETINA,1,0,1
ALDACY,1,0,1
ALDAIA,1,0,1
ALDASY,1,0,1
ALDAURA,1,0,1
ALDDIS,1,0,1
ALDEBID,1,0,1
ALDEFONSO,1,0,1
ALDELFONSO,1,0,1
ALDELMAR,1,0,1
ALDEMARA,1,0,1
ALDEMYS,1,0,1
ALDENE,1,0,1
ALDENES,1,0,1
ALDENS,1,0,1
ALDES,1,0,1
ALDEY,1,0,1
ALDEZ,1,0,1
ALDHER,1,0,1
ALDIA,1,0,1
ALDIBERTO,1,0,1
ALDINGER,1,0,1
ALDISS,1,0,1
ALDITA,1,0,1
ALDITH,1,0,1
ALDOBAN,1,0,1
ALDONSA,1,0,1
ALDONSO,1,0,1
ALDOR,1,0,1
ALDORA,1,0,1
ALDRA,1,0,1
ALDREEN,1,0,1
ALDRIS,1,0,1
ALDRUVAS,1,0,1
ALDRYN,1,0,1
ALDULFO,1,0,1
ALDUVIM,1,0,1
ALDUVINIA,1,0,1
ALEANA,1,0,1
ALEBIX,1,0,1
ALECDA,1,0,1
ALECIANO,1,0,1
ALECIX,1,0,1
ALECK,1,0,1
ALECSANDRO,1,0,1
ALECT,1,0,1
ALECTIS,1,0,1
ALECXER,1,0,1
ALED,1,0,1
ALEDENIA,1,0,1
ALEDESMA,1,0,1
ALEDSI,1,0,1
ALEDYS,1,0,1
ALEEK,1,0,1
ALEF,1,0,1
ALEGANDRINO,1,0,1
ALEHI,1,0,1
ALEIBA,1,0,1
ALEIBIS,1,0,1
ALEID,1,0,1
ALEIDES,1,0,1
ALEIDIS,1,0,1
ALEIME,1,0,1
ALEISA,1,0,1
ALEIX,1,0,1
ALEIZ,1,0,1
ALEJADNRINA,1,0,1
ALEJADRINO,1,0,1
ALEJANDO,1,0,1
ALEJANDRAMARIEL,1,0,1
ALEJANDRIANA,1,0,1
ALEJANDRO III,1,0,1
ALEJANORA,1,0,1
ALEJNDRO,1,0,1
ALEK,1,0,1
ALEKANDRA,1,0,1
ALEKZEIK,1,0,1
ALELITO,1,0,1
ALEMA,1,0,1
ALEMBERT,1,0,1
ALEMBERTO,1,0,1
ALEMNUAR,1,0,1
ALENIR,1,0,1
ALENKA,1,0,1
ALENSITA,1,0,1
ALENSON,1,0,1
ALENYER,1,0,1
ALERGIN,1,0,1
ALERI,1,0,1
ALERICIA,1,0,1
ALERMY,1,0,1
ALERNA,1,0,1
ALERNING,1,0,1
ALERQUIN,1,0,1
ALESA,1,0,1
ALESABETH,1,0,1
ALESBIA,1,0,1
ALESLY,1,0,1
ALESSIN,1,0,1
ALESSIO FCO,1,0,1
ALESTAN,1,0,1
ALETSI,1,0,1
ALETTY,1,0,1
ALETYA,1,0,1
ALEUCAR,1,0,1
ALEXANDY,1,0,1
ALEXDA,1,0,1
ALEXEGUI,1,0,1
ALEXEL,1,0,1
ALEXIDE,1,0,1
ALEXINIO,1,0,1
ALEXIOLIRIANI,1,0,1
ALEXIS YOVANNY,1,0,1
ALEXISYOBANY,1,0,1
ALEXMI,1,0,1
ALEXNI,1,0,1
ALEXOLIBARA,1,0,1
ALEXONYIN,1,0,1
ALEXOS,1,0,1
ALEXTENIA,1,0,1
ALEXZANDRES,1,0,1
ALEYA,1,0,1
ALEYBIS,1,0,1
ALEYDA DEL SOCO,1,0,1
ALEYDA NINOSKA,1,0,1
ALEYDIE,1,0,1
ALEYDO,1,0,1
ALEYESILE,1,0,1
ALEYIDA,1,0,1
ALEYME,1,0,1
ALEYSA,1,0,1
ALEYSIY,1,0,1
ALF,1,0,1
ALFARA,1,0,1
ALFEDA,1,0,1
ALFENIO,1,0,1
ALFIO,1,0,1
ALFOLIO,1,0,1
ALFONDINA,1,0,1
ALFONORA,1,0,1
ALFONSA   DE,1,0,1
ALFONSO DE,1,0,1
ALFONSO J,1,0,1
ALFONSYNA,1,0,1
ALFRACIO,1,0,1
ALFREDESVINDA,1,0,1
ALFREDICA,1,0,1
ALFREDITO,1,0,1
ALFREDO ALCIDES,1,0,1
ALFREO,1,0,1
ALFRES,1,0,1
ALFRESCINDO,1,0,1
ALGAN,1,0,1
ALGEN,1,0,1
ALGIMIRO,1,0,1
ALGIS,1,0,1
ALGURN,1,0,1
ALHAN,1,0,1
ALHEIDA,1,0,1
ALIANZA,1,0,1
ALIAXER,1,0,1
ALIBEN,1,0,1
ALICARIO,1,0,1
ALICEA,1,0,1
ALICEDIO,1,0,1
ALICENDRA,1,0,1
ALICEO,1,0,1
ALICESAR,1,0,1
ALICIA  ISABEL,1,0,1
ALICIANA,1,0,1
ALICIDES,1,0,1
ALICIIA,1,0,1
ALICTES,1,0,1
ALIDAD,1,0,1
ALIDED,1,0,1
ALIDEN,1,0,1
ALIDIS,1,0,1
ALIDO,1,0,1
ALIE,1,0,1
ALIENY,1,0,1
ALIEX,1,0,1
ALIEXER,1,0,1
ALIGIA,1,0,1
ALILA,1,0,1
ALIMAN,1,0,1
ALIMBEN,1,0,1
ALIMS,1,0,1
ALINA  DE LA,1,0,1
ALINA VANESSA,1,0,1
ALINACIO,1,0,1
ALINEA,1,0,1
ALINES,1,0,1
ALINNE,1,0,1
ALINOE,1,0,1
ALINS,1,0,1
ALINTAN,1,0,1
ALINUR,1,0,1
ALINZON,1,0,1
ALIONSO,1,0,1
ALIOS,1,0,1
ALIP,1,0,1
ALIPCIA,1,0,1
ALIRA,1,0,1
ALIRETH,1,0,1
ALIRIANDRO,1,0,1
ALIRIC,1,0,1
ALIRIS,1,0,1
ALISA,1,0,1
ALISABEHT,1,0,1
ALISABEL,1,0,1
ALISAIDA,1,0,1
ALISANDI,1,0,1
ALISANDRA,1,0,1
ALISEBIO,1,0,1
ALISEO,1,0,1
ALISIGARRIEL,1,0,1
ALISIO,1,0,1
ALISS,1,0,1
ALISTA,1,0,1
ALISTAN,1,0,1
ALISTINA,1,0,1
ALISTON,1,0,1
ALISTRA,1,0,1
ALITA,1,0,1
ALITCIA,1,0,1
ALITIA,1,0,1
ALITIANO,1,0,1
ALITON,1,0,1
ALIVER,1,0,1
ALIVIN,1,0,1
ALIXAN,1,0,1
ALIXCE,1,0,1
ALIXCET,1,0,1
ALIXSIA,1,0,1
ALIXY,1,0,1
ALIXZ,1,0,1
ALJANDRINA,1,0,1
ALJENADRO,1,0,1
ALKILMER,1,0,1
ALLA,1,0,1
ALLANTT,1,0,1
ALLAS,1,0,1
ALLEAN,1,0,1
ALLEXY,1,0,1
ALLEYNE,1,0,1
ALLICENIA,1,0,1
ALLINE,1,0,1
ALLISTER,1,0,1
ALLYS,1,0,1
ALMA  RUTH,1,0,1
ALMA IRIS,1,0,1
ALMA ROSMERIS,1,0,1
ALMA VIRGINIA,1,0,1
ALMA WILMA,1,0,1
ALMADILCIA,1,0,1
ALMAGRACIA,1,0,1
ALMAIRIS,1,0,1
ALMALICIA,1,0,1
ALMALY,1,0,1
ALMAMERICA,1,0,1
ALMANSA,1,0,1
ALMARINA,1,0,1
ALMARLETY,1,0,1
ALMARRUBI,1,0,1
ALMELLIDA,1,0,1
ALMEN,1,0,1
ALMERITO,1,0,1
ALMERTA,1,0,1
ALMES,1,0,1
ALMIDIA,1,0,1
ALMILTON,1,0,1
ALMIRCA,1,0,1
ALMIRELDA,1,0,1
ALMIRIA,1,0,1
ALMIRO,1,0,1
ALMIS,1,0,1
ALMITRA,1,0,1
ALMO,1,0,1
ALMODENIA,1,0,1
ALMUDENA,1,0,1
ALMUER,1,0,1
ALMY,1,0,1
ALNA IR,1,0,1
ALNATO,1,0,1
ALNIVAR,1,0,1
ALNOL,1,0,1
ALNORA,1,0,1
ALNUER,1,0,1
ALNULFO,1,0,1
ALNY,1,0,1
ALODIO,1,0,1
ALOIZA,1,0,1
ALOMAR,1,0,1
ALOME,1,0,1
ALONA,1,0,1
ALOURDES,1,0,1
ALPA,1,0,1
ALQUIDEMES,1,0,1
ALRA,1,0,1
ALREDIS,1,0,1
ALRIDEN,1,0,1
ALSANDRA,1,0,1
ALSARCER,1,0,1
ALSARSER,1,0,1
ALSELMA,1,0,1
ALSEN,1,0,1
ALSENORA,1,0,1
ALSIDIO,1,0,1
ALSIGNIA,1,0,1
ALSILDA,1,0,1
ALSIO,1,0,1
ALSIRIA,1,0,1
ALSTEAD,1,0,1
ALSTED,1,0,1
ALSTIN,1,0,1
ALSURI,1,0,1
ALTA   GRACIA,1,0,1
ALTACRACIA,1,0,1
ALTAGER,1,0,1
ALTAGRAICA,1,0,1
ALTAIR,1,0,1
ALTALIA,1,0,1
ALTAMAR,1,0,1
ALTAMARINA,1,0,1
ALTAMEASE,1,0,1
ALTANA,1,0,1
ALTANACIO,1,0,1
ALTANGRACIA,1,0,1
ALTARE,1,0,1
ALTARNAN,1,0,1
ALTHAN,1,0,1
ALTHIA,1,0,1
ALTIFANIO,1,0,1
ALTO,1,0,1
ALTOFRACIA,1,0,1
ALTOR,1,0,1
ALUBAR,1,0,1
ALUBIA,1,0,1
ALUCIA,1,0,1
ALUMINADA,1,0,1
ALUMINARDA,1,0,1
ALURRAH,1,0,1
ALUSA,1,0,1
ALVADIANA,1,0,1
ALVADO,1,0,1
ALVANA,1,0,1
ALVAREZBELKIS,1,0,1
ALVARO DE JESUS,1,0,1
ALVARODONAY,1,0,1
ALVARUVI,1,0,1
ALVEA,1,0,1
ALVED,1,0,1
ALVELINA,1,0,1
ALVELIO,1,0,1
ALVIEN,1,0,1
ALVIENTO,1,0,1
ALVORA,1,0,1
ALWUIN,1,0,1
ALWYN,1,0,1
ALXANDRA,1,0,1
ALXI,1,0,1
ALXISIS,1,0,1
ALYABIN,1,0,1
ALYCE,1,0,1
ALYEDA,1,0,1
ALYERIX,1,0,1
ALYES,1,0,1
ALYLES,1,0,1
ALYNDAMARI,1,0,1
ALYNE,1,0,1
ALYOANI,1,0,1
ALYONI,1,0,1
ALYX,1,0,1
AMABIL,1,0,1
AMACEAN,1,0,1
AMACIO,1,0,1
AMADA AIDA,1,0,1
AMADABELIA,1,0,1
AMADIAN,1,0,1
AMADINA,1,0,1
AMADINO,1,0,1
AMADIT,1,0,1
AMADO DE LOS,1,0,1
AMADRO,1,0,1
AMAEFI,1,0,1
AMAFALIA,1,0,1
AMAHIRA,1,0,1
AMAHRIS,1,0,1
AMAIDRA,1,0,1
AMAILY,1,0,1
AMAIRE,1,0,1
AMALCK,1,0,1
AMALES,1,0,1
AMALEXIS,1,0,1
AMALFFI,1,0,1
AMALIADEL,1,0,1
AMALU,1,0,1
AMALUC,1,0,1
AMANCY,1,0,1
AMANDA DE JESUS,1,0,1
AMANDYS,1,0,1
AMANECIO,1,0,1
AMANES,1,0,1
AMANIMUN,1,0,1
AMANNDA,1,0,1
AMANTE,1,0,1
AMAPOLINA,1,0,1
AMARDIN,1,0,1
AMARDO,1,0,1
AMARELYS,1,0,1
AMARIAN,1,0,1
AMARILIX,1,0,1
AMARILL,1,0,1
AMARILLYS,1,0,1
AMARITA,1,0,1
AMARITSA,1,0,1
AMARSEL,1,0,1
AMARSITO,1,0,1
AMAS,1,0,1
AMATEA,1,0,1
AMAUCIO,1,0,1
AMAURA,1,0,1
AMAVILIE,1,0,1
AMAYAZACARIAS,1,0,1
AMAZONA,1,0,1
AMBEL,1,0,1
AMBELINA,1,0,1
AMBIOLA,1,0,1
AMBLI,1,0,1
AMBRACIA,1,0,1
AMBRIOLITA,1,0,1
AMBRIOSIO,1,0,1
AMCELMO,1,0,1
AMDELINO,1,0,1
AMDEO,1,0,1
AMDERSON,1,0,1
AMDREZ,1,0,1
AMDY,1,0,1
AME,1,0,1
AMELETA,1,0,1
AMELGAR,1,0,1
AMELIA CRISTINA,1,0,1
AMELIBETH,1,0,1
AMELICIA,1,0,1
AMELISE,1,0,1
AMELITINA,1,0,1
AMELIXA,1,0,1
AMELYDA,1,0,1
AMENAR,1,0,1
AMENCIO,1,0,1
AMENECIA,1,0,1
AMENS,1,0,1
AMERANCE,1,0,1
AMERCINDA,1,0,1
AMERICA  JUDITH,1,0,1
AMERICIA,1,0,1
AMERIKA,1,0,1
AMERLIS,1,0,1
AMERLIX,1,0,1
AMERVA,1,0,1
AMESAH,1,0,1
AMIBEL,1,0,1
AMICAEL,1,0,1
AMICAR,1,0,1
AMIDES,1,0,1
AMIELIA,1,0,1
AMIHED,1,0,1
AMILACAR,1,0,1
AMILCIE,1,0,1
AMILEYDA,1,0,1
AMILIANO,1,0,1
AMILITA,1,0,1
AMILTAN,1,0,1
AMILTIA,1,0,1
AMILY,1,0,1
AMIMILEC,1,0,1
AMINABAT,1,0,1
AMINABEL,1,0,1
AMINADAG,1,0,1
AMINADAL,1,0,1
AMINADALE,1,0,1
AMINADAN,1,0,1
AMINADAT,1,0,1
AMINGNA,1,0,1
AMINIDA,1,0,1
AMINORA,1,0,1
AMINTOL,1,0,1
AMINTON,1,0,1
AMIRNIA,1,0,1
AMISAHAL,1,0,1
AMISTERO,1,0,1
AMITIA,1,0,1
AMIXER,1,0,1
AMLIN,1,0,1
AMMA,1,0,1
AMMER,1,0,1
AMMERLI,1,0,1
AMMI,1,0,1
AMMIN,1,0,1
AMMIS,1,0,1
AMNE,1,0,1
AMNES,1,0,1
AMNIEL,1,0,1
AMNIY,1,0,1
AMNY,1,0,1
AMO,1,0,1
AMOBEL,1,0,1
AMOLINA,1,0,1
AMONA,1,0,1
AMONCIO,1,0,1
AMORITA,1,0,1
AMORO,1,0,1
AMOROSA,1,0,1
AMO'S,1,0,1
AMPARITA,1,0,1
AMPARO SOCORRO,1,0,1
AMPARON,1,0,1
AMPERIO,1,0,1
AMPINA,1,0,1
AMRAM,1,0,1
AMRCOS,1,0,1
AMRTHA,1,0,1
AMRTHAA,1,0,1
AMSE,1,0,1
AMSELMO,1,0,1
AMSGRARIO,1,0,1
AMSTEL,1,0,1
AMSTIN,1,0,1
AMSTRON,1,0,1
AMSTRONOMICO,1,0,1
AMUEL,1,0,1
AMUNER,1,0,1
AMVAR,1,0,1
AMYI,1,0,1
AMYLEE,1,0,1
AMYLYNN,1,0,1
AN  MERIS,1,0,1
ANA     BELINDA,1,0,1
ANA    BELLA,1,0,1
ANA    MARIA,1,0,1
ANA   ALBERTINA,1,0,1
ANA   LIA,1,0,1
ANA   LUISA,1,0,1
ANA   MARIA,1,0,1
ANA  CAROLINA,1,0,1
ANA  MARIA  DE,1,0,1
ANA AURORA,1,0,1
ANA DEL MILAGRO,1,0,1
ANA FELICIA,1,0,1
ANA GEORGINA,1,0,1
ANA GRISELDA,1,0,1
ANA LUCIA,1,0,1
ANA MERCEDES,1,0,1
ANA WENDEE,1,0,1
ANABECIS,1,0,1
ANABELGIN,1,0,1
ANABELH,1,0,1
ANABELITA,1,0,1
ANABELITH,1,0,1
ANABELMA,1,0,1
ANABELQUI,1,0,1
ANABELQUIS,1,0,1
ANABELSI,1,0,1
ANABELYN,1,0,1
ANABES,1,0,1
ANABETIS,1,0,1
ANABEXY,1,0,1
ANABI,1,0,1
ANABILA,1,0,1
ANABILIA,1,0,1
ANABINIA,1,0,1
ANABOLIA,1,0,1
ANABRENDA,1,0,1
ANACE,1,0,1
ANACELA,1,0,1
ANACELLY,1,0,1
ANACELMA,1,0,1
ANACELYR,1,0,1
ANACIA,1,0,1
ANACIDIA,1,0,1
ANACILIA,1,0,1
ANACIPA,1,0,1
ANACLARA,1,0,1
ANADEIS,1,0,1
ANADELFIDA,1,0,1
ANADELIDA,1,0,1
ANADELMI,1,0,1
ANADENIA,1,0,1
ANADICTA,1,0,1
ANADIDA,1,0,1
ANADILVA,1,0,1
ANADILZA,1,0,1
ANADINORA,1,0,1
ANADYLIA,1,0,1
ANAELSIDA,1,0,1
ANAERICA,1,0,1
ANAFILIA,1,0,1
ANAGELICA,1,0,1
ANAHI ALEJANDRA,1,0,1
ANAHIDA,1,0,1
ANAHILIA,1,0,1
ANAHTS,1,0,1
ANAIDEZ,1,0,1
ANAIDIS,1,0,1
ANAITE,1,0,1
ANAJILDA,1,0,1
ANAJULIA,1,0,1
ANAKEL,1,0,1
ANALADIS,1,0,1
ANALAY,1,0,1
ANALBERTA,1,0,1
ANALBINTA,1,0,1
ANALCETO,1,0,1
ANALEDIS,1,0,1
ANALESIA,1,0,1
ANALEXY,1,0,1
ANALEYSI,1,0,1
ANALICHA,1,0,1
ANALICIO,1,0,1
ANALIDES,1,0,1
ANALIDIO,1,0,1
ANALIETH,1,0,1
ANALILIS,1,0,1
ANALISIA,1,0,1
ANALISIO,1,0,1
ANALITA,1,0,1
ANALITO,1,0,1
ANALLENCI,1,0,1
ANALLESKY,1,0,1
ANALLIA,1,0,1
ANALTACION,1,0,1
ANALTEZA,1,0,1
ANALUBIN,1,0,1
ANALUVINA,1,0,1
ANALYDA,1,0,1
ANALYNA,1,0,1
ANAMAEL,1,0,1
ANAMANIA,1,0,1
ANAMARI,1,0,1
ANAME,1,0,1
ANAMEL,1,0,1
ANAMELY,1,0,1
ANAMILIA,1,0,1
ANANCY,1,0,1
ANANDINA,1,0,1
ANANEY,1,0,1
ANANHIAS,1,0,1
ANANILO,1,0,1
ANANKA,1,0,1
ANANUT,1,0,1
ANANYIBETH,1,0,1
ANAPORE,1,0,1
ANAQUILINA,1,0,1
ANARA,1,0,1
ANARABELI,1,0,1
ANARABELIS,1,0,1
ANARACELY,1,0,1
ANARBY,1,0,1
ANARCELY,1,0,1
ANARDINA,1,0,1
ANARDUN,1,0,1
ANARIEL,1,0,1
ANARILIA,1,0,1
ANARITA,1,0,1
ANARROSA,1,0,1
ANARSELIA,1,0,1
ANAS,1,0,1
ANASEDI,1,0,1
ANASIR,1,0,1
ANASIS,1,0,1
ANASON,1,0,1
ANATACIA,1,0,1
ANATALICA,1,0,1
ANATEL,1,0,1
ANATELA,1,0,1
ANATELMINA,1,0,1
ANATHALIA,1,0,1
ANATILIA,1,0,1
ANATIN,1,0,1
ANATIVIDAD,1,0,1
ANATOLIDA,1,0,1
ANAULVI,1,0,1
ANAUR,1,0,1
ANAVADEZA,1,0,1
ANAVAR,1,0,1
ANAVEDI,1,0,1
ANAVELIS,1,0,1
ANAVESI,1,0,1
ANAXAGORAS,1,0,1
ANAXEL,1,0,1
ANAXI,1,0,1
ANAYARI,1,0,1
ANAYAS,1,0,1
ANAYENCI,1,0,1
ANAYLA,1,0,1
ANAYO,1,0,1
ANAYONSI,1,0,1
ANAYS,1,0,1
ANAZARIA,1,0,1
ANAZIRE,1,0,1
ANBAR,1,0,1
ANBELICA,1,0,1
ANBROSIO,1,0,1
ANCELIA,1,0,1
ANCENE,1,0,1
ANCEPCION,1,0,1
ANCERMET,1,0,1
ANCHELLO,1,0,1
ANCI,1,0,1
ANCLIN,1,0,1
ANCLINA,1,0,1
ANCLINTIN,1,0,1
ANDA,1,0,1
ANDACIA,1,0,1
ANDALICIA,1,0,1
ANDAN,1,0,1
ANDCHI,1,0,1
ANDDY,1,0,1
ANDEBA,1,0,1
ANDELA,1,0,1
ANDELSMAN,1,0,1
ANDEMIDA,1,0,1
ANDERCE,1,0,1
ANDERLI,1,0,1
ANDERSO,1,0,1
ANDERZA,1,0,1
ANDHY,1,0,1
ANDILAINA,1,0,1
ANDILIA,1,0,1
ANDIOLITA,1,0,1
ANDLY,1,0,1
ANDO,1,0,1
ANDOCIN,1,0,1
ANDOLINA,1,0,1
ANDOLIO,1,0,1
ANDONIAS,1,0,1
ANDOSIO,1,0,1
ANDOTA,1,0,1
ANDRADIZ,1,0,1
ANDRAE,1,0,1
ANDREA  NATALIA,1,0,1
ANDREA DE JESUS,1,0,1
ANDREA DE LA,1,0,1
ANDREANELA,1,0,1
ANDRECIA,1,0,1
ANDRECITO,1,0,1
ANDREITA,1,0,1
ANDRELA,1,0,1
ANDRENE,1,0,1
ANDRES DE JESUS,1,0,1
ANDRESA,1,0,1
ANDRESITA,1,0,1
ANDRESITO,1,0,1
ANDRICK,1,0,1
ANDRIU,1,0,1
ANDRIWS,1,0,1
ANDROCLES,1,0,1
ANDROLLA,1,0,1
ANDRONILO,1,0,1
ANDRONIQUE,1,0,1
ANDRONY,1,0,1
ANDROSS,1,0,1
ANDROW,1,0,1
ANDRU,1,0,1
ANDRUS,1,0,1
ANDRYNA,1,0,1
ANDUBERTO,1,0,1
ANDYRA,1,0,1
ANE,1,0,1
ANECARE,1,0,1
ANECEL,1,0,1
ANECI,1,0,1
ANEDINA,1,0,1
ANEHT,1,0,1
ANEI,1,0,1
ANEIDOY,1,0,1
ANEIDY,1,0,1
ANELCIN,1,0,1
ANELDINA,1,0,1
ANELER,1,0,1
ANELICIO,1,0,1
ANELIN,1,0,1
ANELISA,1,0,1
ANELITA,1,0,1
ANELIVIO,1,0,1
ANELMI,1,0,1
ANELORES,1,0,1
ANELVI,1,0,1
ANELZON,1,0,1
ANEMECIO,1,0,1
ANEMIAS,1,0,1
ANEO,1,0,1
ANERCILIA,1,0,1
ANERLIN,1,0,1
ANERY,1,0,1
ANESIA,1,0,1
ANESTENIA,1,0,1
ANEUN,1,0,1
ANEXIO,1,0,1
ANEXONAN,1,0,1
ANEXSYS,1,0,1
ANEYBA,1,0,1
ANEYKA,1,0,1
ANEYSEL,1,0,1
ANFOR,1,0,1
ANGALEE,1,0,1
ANGEE,1,0,1
ANGELA CONSUELO,1,0,1
ANGELA DE,1,0,1
ANGELA IVONNE,1,0,1
ANGELA JOSEFA,1,0,1
ANGELA REYNA,1,0,1
ANGELAA,1,0,1
ANGELADE,1,0,1
ANGELAKARINA,1,0,1
ANGELBER,1,0,1
ANGELGIVVER,1,0,1
ANGELIANO,1,0,1
ANGELICO,1,0,1
ANGELIGUITO,1,0,1
ANGELIKA,1,0,1
ANGELILNA,1,0,1
ANGELIMA,1,0,1
ANGELLA,1,0,1
ANGELLICA,1,0,1
ANGELOSAID,1,0,1
ANGENETT,1,0,1
ANGESTINA,1,0,1
ANGHELLO,1,0,1
ANGHER,1,0,1
ANGIEE,1,0,1
ANGIL,1,0,1
ANGILBER,1,0,1
ANGILICA,1,0,1
ANGISE,1,0,1
ANGLE,1,0,1
ANGNEDA,1,0,1
ANGNER,1,0,1
ANGNI,1,0,1
ANGNY,1,0,1
ANGUAR,1,0,1
ANGYEL,1,0,1
ANIAL,1,0,1
ANIALERO,1,0,1
ANIANA,1,0,1
ANIAS,1,0,1
ANIBAL DE JESUS,1,0,1
ANIBELIA,1,0,1
ANIBELY,1,0,1
ANIBER,1,0,1
ANIC,1,0,1
ANICELDO,1,0,1
ANICELIA,1,0,1
ANICERO,1,0,1
ANICK,1,0,1
ANID,1,0,1
ANIDA,1,0,1
ANIDORIN,1,0,1
ANIER,1,0,1
ANIERICA,1,0,1
ANIES,1,0,1
ANIEVES,1,0,1
ANILMER,1,0,1
ANILSSAR,1,0,1
ANILVER,1,0,1
ANILYA,1,0,1
ANIMILIA,1,0,1
ANIMINEYDA,1,0,1
ANIMIO,1,0,1
ANINSI,1,0,1
ANINTA,1,0,1
ANIQUILES,1,0,1
ANIQUISEL,1,0,1
ANIRIA,1,0,1
ANISETA,1,0,1
ANISSA,1,0,1
ANITAS,1,0,1
ANITH,1,0,1
ANIUSKA,1,0,1
ANIUTKA,1,0,1
ANIVIA,1,0,1
ANIVOR,1,0,1
ANIZA,1,0,1
ANJA,1,0,1
ANJELË,1,0,1
ANKAL,1,0,1
ANLES,1,0,1
ANLLEL,1,0,1
ANMERLY,1,0,1
ANMERY,1,0,1
ANMON,1,0,1
ANNA  MERCEDES,1,0,1
ANNA  YING,1,0,1
ANNA KATHERINE,1,0,1
ANNAA,1,0,1
ANNALEE,1,0,1
ANNAR,1,0,1
ANNDIS,1,0,1
ANNDRES,1,0,1
ANNEBELL,1,0,1
ANNEDA,1,0,1
ANNELIA,1,0,1
ANNELICE,1,0,1
ANNELITZ  ELSIE,1,0,1
ANNELLIECCE,1,0,1
ANNELLY,1,0,1
ANNERI,1,0,1
ANNERS,1,0,1
ANNES,1,0,1
ANNGI,1,0,1
ANNGIE,1,0,1
ANNIEE,1,0,1
ANNIELUE,1,0,1
ANNIES,1,0,1
ANNIK,1,0,1
ANNILEE,1,0,1
ANNIN,1,0,1
ANNLEE,1,0,1
ANNOR,1,0,1
ANNTONETTE,1,0,1
ANNYANETH,1,0,1
ANOCIFORA,1,0,1
ANOLIA,1,0,1
ANOLIN,1,0,1
ANOLINA,1,0,1
ANORA,1,0,1
ANORLI,1,0,1
ANORNALDO,1,0,1
ANOTAN,1,0,1
ANOVENIS,1,0,1
ANQUEL,1,0,1
ANRAFEL,1,0,1
ANRRAFEL,1,0,1
ANRRIQUE,1,0,1
ANSAR,1,0,1
ANSELINA,1,0,1
ANSELMOA,1,0,1
ANSENI,1,0,1
ANSGEL,1,0,1
ANSIL,1,0,1
ANSIRIZ,1,0,1
ANSK,1,0,1
ANSOLINA,1,0,1
ANSON,1,0,1
ANSONI,1,0,1
ANSONIA,1,0,1
ANSOR,1,0,1
ANSTACIA,1,0,1
ANSTAN,1,0,1
ANSWAR,1,0,1
ANSY,1,0,1
ANTARQUI,1,0,1
ANTARY,1,0,1
ANTEMIRITA,1,0,1
ANTENE,1,0,1
ANTENET,1,0,1
ANTEOCO,1,0,1
ANTEPORTONA,1,0,1
ANTERIA,1,0,1
ANTHEA,1,0,1
ANTHIA,1,0,1
ANTHONNY,1,0,1
ANTI,1,0,1
ANTIACO,1,0,1
ANTIBIA,1,0,1
ANTILLAS,1,0,1
ANTINICIA,1,0,1
ANTIOQUIAS,1,0,1
ANTIPAZ,1,0,1
ANTOLANIO,1,0,1
ANTOLIANA,1,0,1
ANTOLIANO,1,0,1
ANTOLICA,1,0,1
ANTOMIA,1,0,1
ANTOMIRA,1,0,1
ANTONIA  DE  LA,1,0,1
ANTONIAL,1,0,1
ANTONILLA,1,0,1
ANTONIMO,1,0,1
ANTONINIANO,1,0,1
ANTONIO DE,1,0,1
ANTONIO DE PAZ,1,0,1
ANTONIO LORENZO,1,0,1
ANTONIOON,1,0,1
ANTONLINA,1,0,1
ANTONLO,1,0,1
ANTONMIO,1,0,1
ANTONNETTE,1,0,1
ANTO-O,1,0,1
ANTORISE,1,0,1
ANUAD,1,0,1
ANUARE,1,0,1
ANUARS,1,0,1
ANUBEI,1,0,1
ANUBIA,1,0,1
ANUNDA,1,0,1
ANUVIA,1,0,1
ANUWAR,1,0,1
ANVARIO,1,0,1
ANVERSO,1,0,1
ANYANETH,1,0,1
ANYE,1,0,1
ANYEE,1,0,1
ANYELLO,1,0,1
ANYER,1,0,1
ANYERO,1,0,1
ANYSABEL,1,0,1
ANZANO,1,0,1
ANZIE,1,0,1
ANZONI,1,0,1
ANZZONNI,1,0,1
AOBERTO,1,0,1
AOEDILIO,1,0,1
AOLAN,1,0,1
AOLIBA,1,0,1
AOLIPIO,1,0,1
AONALDO,1,0,1
AONER,1,0,1
AORALIA,1,0,1
APAITA,1,0,1
APALUS,1,0,1
APAPITO,1,0,1
APARICIANA,1,0,1
APARISINA,1,0,1
APDONIA,1,0,1
APEN,1,0,1
APHRELL,1,0,1
APIFANIA,1,0,1
APINIAS,1,0,1
APINTAN,1,0,1
APIS,1,0,1
APITIA,1,0,1
APNIEL,1,0,1
APOLANIA,1,0,1
APOLENTA,1,0,1
APOLICARPO,1,0,1
APOLICIANO,1,0,1
APOLIGEN,1,0,1
APOLINAIRA,1,0,1
APOLINAN,1,0,1
APOLINARE,1,0,1
APOLINARES,1,0,1
APOLITO,1,0,1
APOLLONI,1,0,1
APPIE,1,0,1
APSA,1,0,1
APSULAT,1,0,1
AQUA,1,0,1
AQUIDIO,1,0,1
AQUILAZ,1,0,1
AQUILIA,1,0,1
AQUILIAR,1,0,1
AQUILIRIA,1,0,1
AQUILIS,1,0,1
AQUILOE,1,0,1
AQUIM,1,0,1
AQUIMOS,1,0,1
AQUINES,1,0,1
AQUIRES,1,0,1
AQUISTEL,1,0,1
AQUITANIO,1,0,1
ARABILCIA,1,0,1
ARABILSA,1,0,1
ARACADIA,1,0,1
ARACCELI,1,0,1
ARACELA,1,0,1
ARACELDI,1,0,1
ARACELI   AYDEE,1,0,1
ARACELINDA,1,0,1
ARACELYN,1,0,1
ARACETES,1,0,1
ARACIEL,1,0,1
ARACLEY,1,0,1
ARAD,1,0,1
ARADITA,1,0,1
ARADY,1,0,1
ARAGELA,1,0,1
ARAIDA,1,0,1
ARAMEDI,1,0,1
ARAMICELDA,1,0,1
ARAMICILA,1,0,1
ARAMINTO,1,0,1
ARAMITA,1,0,1
ARANCELIA,1,0,1
ARANCIBIA,1,0,1
ARANCILIA,1,0,1
ARANIO,1,0,1
ARASDI,1,0,1
ARASELE,1,0,1
ARASENIS,1,0,1
ARASIELI,1,0,1
ARASTILIA,1,0,1
ARASY,1,0,1
ARAVELIA,1,0,1
ARAVINTA,1,0,1
ARAXS,1,0,1
ARBEIS,1,0,1
ARBENSON,1,0,1
ARBENZ,1,0,1
ARBERTILA,1,0,1
ARBES,1,0,1
ARBEXY,1,0,1
ARBI,1,0,1
ARBILIA,1,0,1
ARBYN,1,0,1
ARCALY,1,0,1
ARCANGELIA,1,0,1
ARCAOLINA,1,0,1
ARCARDIA,1,0,1
ARCE,1,0,1
ARCEDIO,1,0,1
ARCELIDE,1,0,1
ARCEN,1,0,1
ARCENI,1,0,1
ARCENIA DEL,1,0,1
ARCENO,1,0,1
ARCENYS,1,0,1
ARCHEL,1,0,1
ARCHELAUS,1,0,1
ARCHER,1,0,1
ARCHIBAL,1,0,1
ARCIAN,1,0,1
ARCILDA,1,0,1
ARCILES,1,0,1
ARCILITA,1,0,1
ARCIMITO,1,0,1
ARCIRIO,1,0,1
ARCIRITA,1,0,1
ARCITA,1,0,1
ARCLES,1,0,1
ARCOGNIO,1,0,1
ARCOPAGITA,1,0,1
ARDAL,1,0,1
ARDEAN,1,0,1
ARDEE,1,0,1
ARDELIO,1,0,1
ARDEMIO,1,0,1
ARDIALENY,1,0,1
ARDIE,1,0,1
ARDILES,1,0,1
ARDINE,1,0,1
ARDITCH,1,0,1
ARDOMILIA,1,0,1
ARDUBERTO,1,0,1
ARDUBINIA,1,0,1
ARDYS,1,0,1
AREBELLA,1,0,1
AREBIL,1,0,1
AREBIS,1,0,1
ARECTIS,1,0,1
ARECY,1,0,1
ARED,1,0,1
AREDY,1,0,1
AREGCI,1,0,1
AREI,1,0,1
AREIS,1,0,1
AREISE,1,0,1
ARELINO,1,0,1
ARELIZABETH,1,0,1
ARELLIS,1,0,1
AREMA,1,0,1
ARENCIA,1,0,1
ARERIS,1,0,1
ARESIA,1,0,1
ARESIS,1,0,1
ARESTENIA,1,0,1
ARESTIDA,1,0,1
ARETTA,1,0,1
ARFARD,1,0,1
ARFAZAD,1,0,1
ARFET,1,0,1
ARFILIA,1,0,1
ARGE,1,0,1
ARGEËAL,1,0,1
ARGEDO,1,0,1
ARGELID,1,0,1
ARGEMIRO,1,0,1
ARGENCIO,1,0,1
ARGERTINA,1,0,1
ARGEUS,1,0,1
ARGIERI,1,0,1
ARGIMERO,1,0,1
ARGIRA,1,0,1
ARGUEL,1,0,1
ARGUETACARLOS,1,0,1
ARGUIDO,1,0,1
ARGUIN,1,0,1
ARGUIRIS,1,0,1
ARHIN,1,0,1
ARIAZA,1,0,1
ARIBERTO,1,0,1
ARICA,1,0,1
ARICCEL,1,0,1
ARICCION,1,0,1
ARICK,1,0,1
ARICLIA,1,0,1
ARIDES,1,0,1
ARIEL BOSCATH,1,0,1
ARIELLA,1,0,1
ARIENY,1,0,1
ARIET,1,0,1
ARIKLIA,1,0,1
ARILES,1,0,1
ARILETA,1,0,1
ARILEXIS,1,0,1
ARINES,1,0,1
ARINSON,1,0,1
ARINTON,1,0,1
ARINZON,1,0,1
ARIOBARDO,1,0,1
ARIPH,1,0,1
ARIPSALIA,1,0,1
ARISABEL,1,0,1
ARISALIA,1,0,1
ARISBELA,1,0,1
ARISCA,1,0,1
ARISCIA,1,0,1
ARISMELDA,1,0,1
ARISMO,1,0,1
ARISNALDA,1,0,1
ARISNELDA,1,0,1
ARISOLINDA,1,0,1
ARISTEA,1,0,1
ARISTID,1,0,1
ARISTIDO,1,0,1
ARISTIDYS,1,0,1
ARISTIO,1,0,1
ARISTOBAL,1,0,1
ARISTOTELIS,1,0,1
ARISTRES,1,0,1
ARITAN,1,0,1
ARITCIA,1,0,1
ARITZELDA,1,0,1
ARITZIA,1,0,1
ARIVEL,1,0,1
ARIXEL,1,0,1
ARIXILIA,1,0,1
ARIZABEL,1,0,1
ARIZCELIS,1,0,1
ARIZONA,1,0,1
ARJANNIE,1,0,1
ARJANYE,1,0,1
ARJENIS,1,0,1
ARJERICA,1,0,1
ARKELIS,1,0,1
ARKY,1,0,1
ARLAAM,1,0,1
ARLAM,1,0,1
ARLANDES,1,0,1
ARLANI,1,0,1
ARLE-A,1,0,1
ARLEAN,1,0,1
ARLEC,1,0,1
ARLED,1,0,1
ARLEE,1,0,1
ARLEK,1,0,1
ARLENDA,1,0,1
ARLENDER,1,0,1
ARLENDY,1,0,1
ARLENTH,1,0,1
ARLESIA,1,0,1
ARLETS,1,0,1
ARLHINGTON,1,0,1
ARLIES,1,0,1
ARLIETE,1,0,1
ARLIETTE,1,0,1
ARLIGNTO,1,0,1
ARLIGTO,1,0,1
ARLIL,1,0,1
ARLINES,1,0,1
ARLINGTHON,1,0,1
ARLINHTON,1,0,1
ARLINNTON,1,0,1
ARLINSTHON,1,0,1
ARLINTAN,1,0,1
ARLIRIA,1,0,1
ARLIRSON,1,0,1
ARLISS,1,0,1
ARLISTON,1,0,1
ARLIZETH,1,0,1
ARLLING,1,0,1
ARLN,1,0,1
ARLOM,1,0,1
ARLYIN,1,0,1
ARLYNG,1,0,1
ARLYNGTON,1,0,1
ARLYX,1,0,1
ARMADIO,1,0,1
ARMALINA,1,0,1
ARMAS,1,0,1
ARMDINDE,1,0,1
ARMEGOL,1,0,1
ARMELDA,1,0,1
ARMELIS,1,0,1
ARMELITO,1,0,1
ARMENGA,1,0,1
ARMENGAL,1,0,1
ARMENNOL,1,0,1
ARMER,1,0,1
ARMID,1,0,1
ARMIDEX,1,0,1
ARMILA,1,0,1
ARMILENDA,1,0,1
ARMILIA,1,0,1
ARMINIA,1,0,1
ARMINIUS,1,0,1
ARMINY,1,0,1
ARMITAËA,1,0,1
ARMITO,1,0,1
ARMON,1,0,1
ARMUDIO,1,0,1
ARMYDA,1,0,1
ARNAHUM,1,0,1
ARNALDITO,1,0,1
ARNALY,1,0,1
ARNANI,1,0,1
ARNAR,1,0,1
ARNE,1,0,1
ARNEN,1,0,1
ARNES,1,0,1
ARNEY,1,0,1
ARNI,1,0,1
ARNILTON,1,0,1
ARNIS,1,0,1
ARNISENDA,1,0,1
ARNIZELDA,1,0,1
ARNNAY,1,0,1
ARNODL,1,0,1
ARNOEL,1,0,1
ARNOLDA,1,0,1
ARNOLDH,1,0,1
ARNOLDITO,1,0,1
ARNOLH,1,0,1
ARNOLO,1,0,1
ARNORDO,1,0,1
ARNORLD,1,0,1
ARNOUX,1,0,1
ARNOVIO,1,0,1
ARNOXT,1,0,1
ARNULDO,1,0,1
ARODIA,1,0,1
AROLDI,1,0,1
AROLDINA,1,0,1
AROLETA,1,0,1
AROMICILA,1,0,1
ARONOX,1,0,1
AROON,1,0,1
ARPHAXAD,1,0,1
ARPIN,1,0,1
ARQUELIO,1,0,1
ARQUENIO,1,0,1
ARQUERI,1,0,1
ARQUERO,1,0,1
ARQUI,1,0,1
ARQUIMEDEX,1,0,1
ARQUIMINES,1,0,1
ARREYRY,1,0,1
ARRIOPAGITA,1,0,1
ARRLEN,1,0,1
ARRNAUL,1,0,1
ARROLIN,1,0,1
ARROPAITA,1,0,1
ARRY,1,0,1
ARSENCIO,1,0,1
ARSENIC,1,0,1
ARSINDA,1,0,1
ARSINOE,1,0,1
ARSIX,1,0,1
ARSON,1,0,1
ARTALI,1,0,1
ARTANGNAN,1,0,1
ARTELI,1,0,1
ARTELISA,1,0,1
ARTEMINIO,1,0,1
ARTENIS,1,0,1
ARTENISA,1,0,1
ARTEO,1,0,1
ARTIMICIA,1,0,1
ARTMON,1,0,1
ARTOMILIA,1,0,1
ARTURIANO,1,0,1
ARUDIEL,1,0,1
ARUQ,1,0,1
ARVELI,1,0,1
ARVELINA,1,0,1
ARVILIA,1,0,1
ARVIS,1,0,1
ARVY,1,0,1
ARVYN,1,0,1
ARWEL,1,0,1
ARYANETH,1,0,1
ARYCELA,1,0,1
ARYELIA,1,0,1
ARYENIE,1,0,1
ARZACES,1,0,1
ARZALY,1,0,1
ARZASES,1,0,1
ARZEL,1,0,1
ARZELY,1,0,1
ARZENIA,1,0,1
ARZENIO,1,0,1
ARZOBIEL,1,0,1
ARZUBIDES,1,0,1
ARZUMI,1,0,1
ARZY,1,0,1
ASA,1,0,1
ASAD HANNA,1,0,1
ASALINA,1,0,1
ASALINIA,1,0,1
ASARMABETH,1,0,1
ASAY,1,0,1
ASBED,1,0,1
ASBEEL,1,0,1
ASBELIA,1,0,1
ASBERTO,1,0,1
ASBY,1,0,1
ASCAR,1,0,1
ASCHLY,1,0,1
ASCISCLO,1,0,1
ASCISE,1,0,1
ASCUNCION,1,0,1
ASDENIA,1,0,1
ASDREED,1,0,1
ASDRIBAL,1,0,1
ASDRUWAS,1,0,1
ASDUVAL,1,0,1
ASEBONIO,1,0,1
ASECENCION,1,0,1
ASELDA,1,0,1
ASELIS,1,0,1
ASENCIA,1,0,1
ASENEIDA,1,0,1
ASENIA,1,0,1
ASER,1,0,1
ASESIONA,1,0,1
ASGUEL,1,0,1
ASHABY,1,0,1
ASHRBERT,1,0,1
ASHTON,1,0,1
ASHWALD,1,0,1
ASHWARD,1,0,1
ASIAS,1,0,1
ASIBILA,1,0,1
ASIDIA,1,0,1
ASILCAR,1,0,1
ASILIO,1,0,1
ASINA,1,0,1
ASIRA,1,0,1
ASIRAIDA,1,0,1
ASISELA,1,0,1
ASISELO,1,0,1
ASISTA,1,0,1
ASISTAN,1,0,1
ASIZ,1,0,1
ASKENYS,1,0,1
ASLAND,1,0,1
ASLE,1,0,1
ASLHEY,1,0,1
ASLI,1,0,1
ASLITA,1,0,1
ASLON,1,0,1
ASLU,1,0,1
ASLYN,1,0,1
ASMEC,1,0,1
ASMELI,1,0,1
ASMENIA,1,0,1
ASMER,1,0,1
ASMEROL,1,0,1
ASMET,1,0,1
ASMINA,1,0,1
ASMIRAL,1,0,1
ASMOSIN,1,0,1
ASNARIN,1,0,1
ASNELIA,1,0,1
ASNER,1,0,1
ASOELIA,1,0,1
ASOMARA,1,0,1
ASPACIA,1,0,1
ASPASIA,1,0,1
ASPIRO,1,0,1
ASQUENLEY,1,0,1
ASSISY,1,0,1
ASSUNTA,1,0,1
ASTARTE,1,0,1
ASTEIR,1,0,1
ASTEL,1,0,1
ASTELL,1,0,1
ASTERA,1,0,1
ASTHRID,1,0,1
ASTIBIOLA,1,0,1
ASTOLFI,1,0,1
ASTORY,1,0,1
ASTREA,1,0,1
ASTRELY,1,0,1
ASTRIA,1,0,1
ASTRIANA,1,0,1
ASTRIB,1,0,1
ASTRIC,1,0,1
ASTRIDES,1,0,1
ASTRIND,1,0,1
ASTRIS,1,0,1
ASTRIT,1,0,1
ASTRIY,1,0,1
ASTRO,1,0,1
ASTROBERTO,1,0,1
ASTRUBERTO,1,0,1
ASUCELA,1,0,1
ASUCEN,1,0,1
ASUCERLINDA,1,0,1
ASUEL,1,0,1
ASULINDA,1,0,1
ASUPCION,1,0,1
ASVIN,1,0,1
ASWALD,1,0,1
ASWEL,1,0,1
ATALICIA,1,0,1
ATALINA,1,0,1
ATALVINO,1,0,1
ATAMBOLO,1,0,1
ATANACEO,1,0,1
ATANAJIO,1,0,1
ATANEL,1,0,1
ATARNAL,1,0,1
ATELMO,1,0,1
ATENOR,1,0,1
ATHALIE,1,0,1
ATHANAI,1,0,1
ATHANE,1,0,1
ATHELMA,1,0,1
ATHIA,1,0,1
ATHO,1,0,1
ATHOS,1,0,1
ATICIA,1,0,1
ATILA-O,1,0,1
ATILARIO,1,0,1
ATILINO,1,0,1
ATILUX,1,0,1
ATIN,1,0,1
ATKINS,1,0,1
ATLACALL,1,0,1
ATLAN,1,0,1
ATLENA,1,0,1
ATLINA,1,0,1
ATMIR,1,0,1
ATONAEL,1,0,1
ATOS,1,0,1
ATRICIO,1,0,1
ATTER,1,0,1
ATTINE,1,0,1
ATTLIE,1,0,1
ATYLIN,1,0,1
AUBALDO,1,0,1
AUBDEL,1,0,1
AUBDELINA,1,0,1
AUBDULIO,1,0,1
AUBER,1,0,1
AUBERT,1,0,1
AUBIN,1,0,1
AUBRELIANA,1,0,1
AUBRIA,1,0,1
AUBRISTELA,1,0,1
AUCDELINA,1,0,1
AUCDELINO,1,0,1
AUCEDES,1,0,1
AUCENCIA,1,0,1
AUDACIO,1,0,1
AUDALID,1,0,1
AUDALINO,1,0,1
AUDANILO,1,0,1
AUDANO,1,0,1
AUDAS,1,0,1
AUDDIA,1,0,1
AUDE CHANTAL,1,0,1
AUDELFA,1,0,1
AUDELII,1,0,1
AUDELIN,1,0,1
AUDEMIA,1,0,1
AUDENA,1,0,1
AUDENIO,1,0,1
AUDER,1,0,1
AUDIBEL,1,0,1
AUDIBERTO,1,0,1
AUDIC,1,0,1
AUDILBERTO,1,0,1
AUDILFIDO,1,0,1
AUDION,1,0,1
AUDIR,1,0,1
AUDITA,1,0,1
AUDIZ,1,0,1
AUDO,1,0,1
AUDONILA,1,0,1
AUDOR,1,0,1
AUDOSIO,1,0,1
AUDRA,1,0,1
AUDRAY,1,0,1
AUDREN,1,0,1
AUDREZ,1,0,1
AUDRIAN,1,0,1
AUDRYTH,1,0,1
AUDUBERTO,1,0,1
AUGDREE,1,0,1
AUGENCIA,1,0,1
AUGENCIO,1,0,1
AUGLOFIA,1,0,1
AUGON,1,0,1
AUGRELIO,1,0,1
AUGRUELIA,1,0,1
AUGUSTIA,1,0,1
AUGUSTINO,1,0,1
AUGUSTO NORMAN,1,0,1
AUHNER,1,0,1
AULA,1,0,1
AULALINA,1,0,1
AULBERT,1,0,1
AULBREY,1,0,1
AULDEEN,1,0,1
AULETINO,1,0,1
AULIBERTA,1,0,1
AULO,1,0,1
AUMER,1,0,1
AUNDER,1,0,1
AUNDINO,1,0,1
AUNEL,1,0,1
AUNELISSE,1,0,1
AUNIA,1,0,1
AUNICET,1,0,1
AUPNER,1,0,1
AURA  ELENA,1,0,1
AURA LILA,1,0,1
AURACELI,1,0,1
AURACELINA,1,0,1
AURALICIA,1,0,1
AURANO,1,0,1
AURASTELA,1,0,1
AURASTELIA,1,0,1
AURASTELLA,1,0,1
AURBELINA,1,0,1
AUREANA,1,0,1
AUREDILIA,1,0,1
AURELENA,1,0,1
AURELILIA,1,0,1
AURENCE,1,0,1
AURESTELIA,1,0,1
AURESTHELA,1,0,1
AURIC,1,0,1
AURINCIA,1,0,1
AURISTILIA,1,0,1
AUROFINO,1,0,1
AURORILA,1,0,1
AURORITA,1,0,1
AUSBERTINA,1,0,1
AUSELINA,1,0,1
AUSENIO,1,0,1
AUSENO,1,0,1
AUSPICIO,1,0,1
AUSTA,1,0,1
AUSTACIANO,1,0,1
AUSTACIL,1,0,1
AUSTACIO,1,0,1
AUSTAN,1,0,1
AUSTEMIO,1,0,1
AUSTERIA,1,0,1
AUSTIM,1,0,1
AUSTREBER,1,0,1
AUSTRELIA,1,0,1
AUSTREVEN,1,0,1
AUSTRO,1,0,1
AUSVALDO,1,0,1
AUSVERTO,1,0,1
AUSVETY,1,0,1
AUTAN,1,0,1
AUTASIA,1,0,1
AUTEMIO,1,0,1
AUTHAR,1,0,1
AUTHER,1,0,1
AUTIA,1,0,1
AUTOLINA,1,0,1
AUTURIANO,1,0,1
AUVISTELA,1,0,1
AUXA,1,0,1
AUXEDEZ,1,0,1
AUXENIA,1,0,1
AUZALON,1,0,1
AUZER,1,0,1
AVADAM,1,0,1
AVADILDO,1,0,1
AVALICHO,1,0,1
AVAMILEC,1,0,1
AVAT,1,0,1
AVE,1,0,1
AVELICA,1,0,1
AVELID,1,0,1
AVELING,1,0,1
AVELISARIO,1,0,1
AVEMALEX,1,0,1
AVENARIO,1,0,1
AVENECIO,1,0,1
AVENEGO,1,0,1
AVENEL,1,0,1
AVENIA,1,0,1
AVENIDA,1,0,1
AVENTINA,1,0,1
AVER,1,0,1
AVERLY,1,0,1
AVERTALO,1,0,1
AVERTANO,1,0,1
AVEYOLIS,1,0,1
AVIA,1,0,1
AVIAN,1,0,1
AVIAY,1,0,1
AVICENCIO,1,0,1
AVIDAD,1,0,1
AVIDANIA,1,0,1
AVIDH,1,0,1
AVIGAILA,1,0,1
AVIGAY,1,0,1
AVILDO,1,0,1
AVILESLI,1,0,1
AVILIARDO,1,0,1
AVIM,1,0,1
AVIMAHEL,1,0,1
AVIMALEC,1,0,1
AVIMALET,1,0,1
AVINADAD,1,0,1
AVINADI,1,0,1
AVINOA,1,0,1
AVINY,1,0,1
AVITO,1,0,1
AVLYN,1,0,1
AVMER,1,0,1
AVNER,1,0,1
AVNES,1,0,1
AVONELL,1,0,1
AVONNE,1,0,1
AVOT,1,0,1
AVRIL,1,0,1
AVVITAL,1,0,1
AWANTINIONO,1,0,1
AWITA,1,0,1
AXAL,1,0,1
AXANA,1,0,1
AXANDAL,1,0,1
AXARISIA,1,0,1
AXCIET,1,0,1
AXCIL,1,0,1
AXDOCIA,1,0,1
AXELL,1,0,1
AXELLE,1,0,1
AXENCION,1,0,1
AXIDEZ,1,0,1
AXILIA,1,0,1
AXIS,1,0,1
AXISA,1,0,1
AXLENI,1,0,1
AXLESY,1,0,1
AXLHY,1,0,1
AXMED,1,0,1
AXOMINA,1,0,1
AXSEL,1,0,1
AXSI,1,0,1
AXTUMA,1,0,1
AXURA,1,0,1
AXZOL,1,0,1
AYACH,1,0,1
AYADIRA,1,0,1
AYAM,1,0,1
AYAMY,1,0,1
AYANILETH,1,0,1
AYAS,1,0,1
AYAXI,1,0,1
AYD,1,0,1
AYDAMINA,1,0,1
AYDAVELA,1,0,1
AYDDE,1,0,1
AYDEH,1,0,1
AYDELINDA,1,0,1
AYDELMA,1,0,1
AYDER,1,0,1
AYDIS,1,0,1
AYDONI,1,0,1
AYECICA,1,0,1
AYENETH,1,0,1
AYENLO,1,0,1
AYESKA,1,0,1
AYEXICA,1,0,1
AYHZQUEL,1,0,1
AYIRA,1,0,1
AYIRES,1,0,1
AYIZA,1,0,1
AYLENE,1,0,1
AYLIM,1,0,1
AYLING,1,0,1
AYLIZ,1,0,1
AYLLIN,1,0,1
AYMA,1,0,1
AYMARA,1,0,1
AYMILETH,1,0,1
AYNALDO,1,0,1
AYORA,1,0,1
AYOX,1,0,1
AYRA,1,0,1
AYRIA,1,0,1
AYRIN,1,0,1
AYSA,1,0,1
AYSILDA,1,0,1
AYSQUIL,1,0,1
AYTZA,1,0,1
AYUNA,1,0,1
AYVI,1,0,1
AYVY,1,0,1
AZADIAS,1,0,1
AZAED,1,0,1
AZAIRA,1,0,1
AZAN,1,0,1
AZANIA,1,0,1
AZARENO,1,0,1
AZCEL,1,0,1
AZCENCION,1,0,1
AZDENIA,1,0,1
AZELA,1,0,1
AZELEA,1,0,1
AZELIA,1,0,1
AZELINA,1,0,1
AZER,1,0,1
AZGAD,1,0,1
AZI,1,0,1
AZIAS,1,0,1
AZIEL,1,0,1
AZINITH,1,0,1
AZISA,1,0,1
AZMABET,1,0,1
AZNGELA,1,0,1
AZRIEL,1,0,1
AZTOLFO,1,0,1
AZUCENAA,1,0,1
AZULINA,1,0,1
AZUR,1,0,1
AZZALIA,1,0,1
AZZARELLA,1,0,1
AZZIZA,1,0,1
B J,1,0,1
B.VENTURA,1,0,1
BABERICK,1,0,1
BABILY,1,0,1
BABNIN,1,0,1
BABSIE,1,0,1
BABYLEE,1,0,1
BACA,1,0,1
BACCY,1,0,1
BACDELIO,1,0,1
BACELISIA,1,0,1
BACELIZA,1,0,1
BACILIAIA,1,0,1
BACILISITO,1,0,1
BACILITA,1,0,1
BACILIZO,1,0,1
BACIO,1,0,1
BACTISTINA,1,0,1
BACXI,1,0,1
BADAS,1,0,1
BADIDA,1,0,1
BADILIO,1,0,1
BADIRQUE,1,0,1
BADOGLIO,1,0,1
BADSON,1,0,1
BADY,1,0,1
BAEZ,1,0,1
BAGABAN,1,0,1
BAGDILIA,1,0,1
BAGDOLIO,1,0,1
BAGDOMILIA,1,0,1
BAGLIONI,1,0,1
BAHIA,1,0,1
BAHION,1,0,1
BAHOMAR,1,0,1
BAHRAM,1,0,1
BAIDA,1,0,1
BAIDRON,1,0,1
BAIHRON,1,0,1
BAIKY,1,0,1
BAILDO,1,0,1
BAILER,1,0,1
BAILOY,1,0,1
BAINICIA,1,0,1
BAINNE,1,0,1
BAIREN,1,0,1
BAIRIO,1,0,1
BAISAM,1,0,1
BAISON,1,0,1
BAITON,1,0,1
BAIYRON,1,0,1
BAJARANOBRENDA,1,0,1
BAJDILIA,1,0,1
BAKER,1,0,1
BALBI,1,0,1
BALBIPO,1,0,1
BALBITRUDIS,1,0,1
BALCERIO,1,0,1
BALDAZAR,1,0,1
BALDECIO,1,0,1
BALDELAMAR,1,0,1
BALDELTRUDIS,1,0,1
BALDEMAS,1,0,1
BALDINA,1,0,1
BALDINIA,1,0,1
BALDOMEA,1,0,1
BALDOMEDA,1,0,1
BALDOMINO,1,0,1
BALDONADA,1,0,1
BALDONIRO,1,0,1
BALDOQUEO,1,0,1
BALDROMINA,1,0,1
BALDUMINA,1,0,1
BALEDON,1,0,1
BALEMTINA,1,0,1
BALENCIA,1,0,1
BALENIA,1,0,1
BALERE,1,0,1
BALEZA,1,0,1
BALFOR,1,0,1
BALFORD,1,0,1
BALINA,1,0,1
BALINIA,1,0,1
BALINTON,1,0,1
BALIO,1,0,1
BALIPOR,1,0,1
BALITO,1,0,1
BALJOSE,1,0,1
BALKIRIA,1,0,1
BALLECIO,1,0,1
BALMER,1,0,1
BALMES,1,0,1
BALMI,1,0,1
BALMIRA,1,0,1
BALMOR,1,0,1
BALMORIN,1,0,1
BALOISA,1,0,1
BALOISO,1,0,1
BALSAC,1,0,1
BALSAMINO,1,0,1
BALSANINA,1,0,1
BALTAMAR,1,0,1
BALTELINE,1,0,1
BALTEMENE,1,0,1
BALTHA,1,0,1
BALTO,1,0,1
BALTONERIO,1,0,1
BALVANITA,1,0,1
BALVI,1,0,1
BALVY,1,0,1
BALWIN,1,0,1
BANADESA,1,0,1
BANDAK,1,0,1
BANDER,1,0,1
BANDIMIR,1,0,1
BANDIO,1,0,1
BANEGASALMA,1,0,1
BANERGI,1,0,1
BANHIA,1,0,1
BANICITO,1,0,1
BANIESTELA,1,0,1
BANILIA,1,0,1
BANISIO,1,0,1
BANIX,1,0,1
BANJAMIN,1,0,1
BANLLY,1,0,1
BANMELIA,1,0,1
BANNEE,1,0,1
BANNIA,1,0,1
BANNIS,1,0,1
BANNLLY,1,0,1
BANOLVIA,1,0,1
BANSA,1,0,1
BANSIN,1,0,1
BANTAN,1,0,1
BANY ELIZABETH,1,0,1
BANYERN,1,0,1
BAODELIO,1,0,1
BAOFU,1,0,1
BAOPING,1,0,1
BAPSY,1,0,1
BAPTIS,1,0,1
BAQUEL,1,0,1
BARAHONASARA,1,0,1
BARAQUIEL,1,0,1
BARBI,1,0,1
BARBIE,1,0,1
BARCA,1,0,1
BARCELINA,1,0,1
BARDILIO,1,0,1
BARDOQUEO,1,0,1
BARELIN,1,0,1
BARELO,1,0,1
BAREMIA,1,0,1
BARIBEL,1,0,1
BARIGAM,1,0,1
BARILIANO,1,0,1
BARINHIA,1,0,1
BARION,1,0,1
BARJILA,1,0,1
BARKES,1,0,1
BARLEN,1,0,1
BARLIDEL,1,0,1
BARLUN,1,0,1
BARLY,1,0,1
BARMELA,1,0,1
BARMIGDALIA,1,0,1
BARNABAS,1,0,1
BARNAL,1,0,1
BARNARDO,1,0,1
BARNER,1,0,1
BARQUIDEA,1,0,1
BARRECK,1,0,1
BARRINGTON,1,0,1
BARSABA,1,0,1
BARTHA,1,0,1
BARTIMIO,1,0,1
BARTINEO,1,0,1
BARTOLANO,1,0,1
BARTOLDINO,1,0,1
BARTOLITO,1,0,1
BARTOLOMÉ,1,0,1
BARTON,1,0,1
BARTY,1,0,1
BARUE,1,0,1
BARVIN,1,0,1
BARYAN,1,0,1
BARYON,1,0,1
BASAN,1,0,1
BASCILIA,1,0,1
BASHAN,1,0,1
BASIDILIA,1,0,1
BASILA,1,0,1
BASILIC,1,0,1
BASILICEA,1,0,1
BASILILES,1,0,1
BASILISIA,1,0,1
BASILITA,1,0,1
BASITA,1,0,1
BASMAN,1,0,1
BASSAN,1,0,1
BASSIE,1,0,1
BASTICINIO,1,0,1
BATASAR,1,0,1
BATESTINA,1,0,1
BATHSHEBA,1,0,1
BATISTINA,1,0,1
BATNY,1,0,1
BAUBELIO,1,0,1
BAUDI,1,0,1
BAUDICLIA,1,0,1
BAUDIMIA,1,0,1
BAUDISTO,1,0,1
BAUN,1,0,1
BAUNNER,1,0,1
BAURON,1,0,1
BAUSTITINA,1,0,1
BAUTILIA,1,0,1
BAVERLY,1,0,1
BAVILONIA,1,0,1
BAYALA,1,0,1
BAYARAL,1,0,1
BAYAS,1,0,1
BAYBO,1,0,1
BAYCON,1,0,1
BAYHRON,1,0,1
BAYLAS,1,0,1
BAYLORD,1,0,1
BAYOLA,1,0,1
BAYROHON,1,0,1
BAYS,1,0,1
BAYSON,1,0,1
BEËAR,1,0,1
BEACTER,1,0,1
BEADERMA,1,0,1
BEALMA,1,0,1
BEALY,1,0,1
BEANEY,1,0,1
BEANGEL,1,0,1
BEANNY,1,0,1
BEANRIQUE,1,0,1
BEANY,1,0,1
BEASLEY,1,0,1
BEATHA,1,0,1
BEATMAN,1,0,1
BEATRIX,1,0,1
BEAUSIRIS,1,0,1
BEAVIVMAR,1,0,1
BEBEDILIA,1,0,1
BEBERLI,1,0,1
BEBIA,1,0,1
BEBJICA,1,0,1
BEBLIN,1,0,1
BEBSY,1,0,1
BECCIS,1,0,1
BECER,1,0,1
BECHARA,1,0,1
BECIL,1,0,1
BECKER,1,0,1
BECKFORD,1,0,1
BECKIS,1,0,1
BECKWEB,1,0,1
BECSAYDA,1,0,1
BECSIDALIA,1,0,1
BECTOBEN,1,0,1
BECXA,1,0,1
BECZA,1,0,1
BEDALIBIAN,1,0,1
BEDALMA,1,0,1
BEDAN,1,0,1
BEDARMIN,1,0,1
BEDARMINO,1,0,1
BEDBLY,1,0,1
BEDDER,1,0,1
BEDELINA,1,0,1
BEDELYN,1,0,1
BEDENIA,1,0,1
BEDERIN,1,0,1
BEDERT,1,0,1
BEDESMIN,1,0,1
BEDESVINDA,1,0,1
BEDFORD,1,0,1
BEDIA,1,0,1
BEDIC,1,0,1
BEDILIA,1,0,1
BEDIN,1,0,1
BEDIT,1,0,1
BEDOBATO,1,0,1
BEDRINA,1,0,1
BEECHER,1,0,1
BEELKYS,1,0,1
BEERIS,1,0,1
BEERNER,1,0,1
BEESI,1,0,1
BEESSY,1,0,1
BEETHA,1,0,1
BEETTY,1,0,1
BEGARDO,1,0,1
BEGGI,1,0,1
BEGINNO,1,0,1
BEGNNYNO,1,0,1
BEGNY,1,0,1
BEGSI,1,0,1
BEHERTA,1,0,1
BEHIGEL,1,0,1
BEHIKER,1,0,1
BEHISON,1,0,1
BEHISTYM,1,0,1
BEHISY,1,0,1
BEHNAM,1,0,1
BEHROUZ,1,0,1
BEHTCENIA,1,0,1
BEHTIS,1,0,1
BEHTIZ,1,0,1
BEHTSA,1,0,1
BEIBIN,1,0,1
BEIBIO,1,0,1
BEIBY,1,0,1
BEICY,1,0,1
BEIDANIA,1,0,1
BEIDES,1,0,1
BEIDI,1,0,1
BEILA,1,0,1
BEILBIS,1,0,1
BEILI,1,0,1
BEILIN,1,0,1
BEIMON,1,0,1
BEINIS,1,0,1
BEIREL,1,0,1
BEIRON,1,0,1
BEISA,1,0,1
BEISAN,1,0,1
BEISCE,1,0,1
BEISEN,1,0,1
BEISFI,1,0,1
BEISIS,1,0,1
BEITO,1,0,1
BEIZY,1,0,1
BEJALIA,1,0,1
BEJARANO,1,0,1
BEJER,1,0,1
BEKEMBAUER,1,0,1
BEKEN,1,0,1
BEKIM,1,0,1
BEKIS,1,0,1
BEKLIN,1,0,1
BEKLIS,1,0,1
BEKSA,1,0,1
BEKSABEK,1,0,1
BELAGIA,1,0,1
BELANCELI,1,0,1
BELANOVA,1,0,1
BELARDO,1,0,1
BELARMINDO,1,0,1
BELARMINIA,1,0,1
BELARMINOO,1,0,1
BELCIA,1,0,1
BELCIM,1,0,1
BELCIX,1,0,1
BELCKYS,1,0,1
BELDATH,1,0,1
BELDETRUDES,1,0,1
BELDETRUDEZ,1,0,1
BELDI,1,0,1
BELDY,1,0,1
BELE,1,0,1
BELEGAS,1,0,1
BELENSA,1,0,1
BELERIO,1,0,1
BELERMINA,1,0,1
BELES,1,0,1
BELESTONIO,1,0,1
BELEY,1,0,1
BELFINDO,1,0,1
BELFORD,1,0,1
BELGI,1,0,1
BELGIAN,1,0,1
BELGNI,1,0,1
BELGRAME,1,0,1
BELGUI,1,0,1
BELGUIS,1,0,1
BELHI,1,0,1
BELHIN,1,0,1
BELIAM,1,0,1
BELIAN,1,0,1
BELICIO,1,0,1
BELILEO,1,0,1
BELIMA,1,0,1
BELINEIDA,1,0,1
BELINOR,1,0,1
BELISIA,1,0,1
BELISSZA,1,0,1
BELIT,1,0,1
BELIVARDO,1,0,1
BELIZARDO,1,0,1
BELJI,1,0,1
BELJICA,1,0,1
BELJIS,1,0,1
BELKER,1,0,1
BELKES,1,0,1
BELKIES,1,0,1
BELKINS,1,0,1
BELKIX,1,0,1
BELKIY,1,0,1
BELKYA,1,0,1
BELKYNS,1,0,1
BELLAMAR,1,0,1
BELLAROSA,1,0,1
BELLATRUDIS,1,0,1
BELLELIN,1,0,1
BELLEMI,1,0,1
BELLESTELA,1,0,1
BELLIA,1,0,1
BELLMAN,1,0,1
BELLO,1,0,1
BELLSY,1,0,1
BELMIDA,1,0,1
BELMIDES,1,0,1
BELMINDA,1,0,1
BELMIZ,1,0,1
BELMO,1,0,1
BELMYS,1,0,1
BELNERHT,1,0,1
BELONO,1,0,1
BELQUER,1,0,1
BELQUIL,1,0,1
BELQUIMELANIA,1,0,1
BELQUYS,1,0,1
BELRUTH,1,0,1
BELSABI,1,0,1
BELSADI,1,0,1
BELSAMETH,1,0,1
BELSAR,1,0,1
BELSIY,1,0,1
BELSON,1,0,1
BELSSAN,1,0,1
BELSSY,1,0,1
BELSU,1,0,1
BELTEL,1,0,1
BELTILLANE,1,0,1
BELTIN,1,0,1
BELTIZ,1,0,1
BELTRAMIN,1,0,1
BELTRAMINA,1,0,1
BELTRANCELSO,1,0,1
BELTRANG,1,0,1
BELTRANS,1,0,1
BELTRHAN,1,0,1
BELTRO,1,0,1
BELTRUDIS,1,0,1
BELUDINA,1,0,1
BELULIA,1,0,1
BELVA,1,0,1
BELVI,1,0,1
BELXY,1,0,1
BELZABE,1,0,1
BELZAMAR,1,0,1
BELZY,1,0,1
BEMARDINO,1,0,1
BEMERIN,1,0,1
BEMETILDA,1,0,1
BEMIA,1,0,1
BEMIN,1,0,1
BEMINDA,1,0,1
BEMIRANDA,1,0,1
BEMNICIA,1,0,1
BEMNIDORO,1,0,1
BENABI,1,0,1
BENACIA,1,0,1
BENAIAS,1,0,1
BENAIDA,1,0,1
BENAIDES,1,0,1
BENAL,1,0,1
BENALDINO,1,0,1
BENALIA,1,0,1
BENALIO,1,0,1
BENANCION,1,0,1
BENANSIO,1,0,1
BENARBINA,1,0,1
BENATO,1,0,1
BENATON,1,0,1
BENAU,1,0,1
BENAVENTINA,1,0,1
BENCELAO,1,0,1
BENCELIO,1,0,1
BENDA,1,0,1
BENDANIO,1,0,1
BENDANY,1,0,1
BENDECITA,1,0,1
BENDERIO,1,0,1
BENDICION,1,0,1
BENDIS,1,0,1
BENDRANA,1,0,1
BENDREDIS,1,0,1
BENEBANDA,1,0,1
BENEDAY,1,0,1
BENEDIAS,1,0,1
BENEDICIO,1,0,1
BENEDILIA,1,0,1
BENEDIPTO,1,0,1
BENEDIXTO,1,0,1
BENEGNO,1,0,1
BENELIZ,1,0,1
BENELUZ,1,0,1
BENEMAN,1,0,1
BENEMERITA,1,0,1
BENERACION,1,0,1
BENERANCIA,1,0,1
BENERARBLE,1,0,1
BENERBINO,1,0,1
BENERILDA,1,0,1
BENESERIDO,1,0,1
BENESETH,1,0,1
BENESTERIO,1,0,1
BENETERIO,1,0,1
BENETRICIO,1,0,1
BENEVISTO,1,0,1
BENEYNA,1,0,1
BENFALI,1,0,1
BENFOR,1,0,1
BENGEL,1,0,1
BENGY,1,0,1
BEN-HUR,1,0,1
BENIDIAN,1,0,1
BENIDILDAA,1,0,1
BENIDIO,1,0,1
BENIDITO,1,0,1
BENILAI,1,0,1
BENILDON,1,0,1
BENILIA,1,0,1
BENIMA,1,0,1
BENING,1,0,1
BENINGA,1,0,1
BENINMO,1,0,1
BENISH,1,0,1
BENITEZINDIRA,1,0,1
BENIX,1,0,1
BENIZ,1,0,1
BENJAMO,1,0,1
BENJARH,1,0,1
BENLY,1,0,1
BENNANDA,1,0,1
BENNATON,1,0,1
BENNESIA,1,0,1
BENNETT,1,0,1
BENNO,1,0,1
BENNYE,1,0,1
BENNYS,1,0,1
BENNYSAI,1,0,1
BENONY,1,0,1
BENQUI,1,0,1
BENROY,1,0,1
BENSALITA,1,0,1
BENSEL,1,0,1
BENSELITA,1,0,1
BENSEN,1,0,1
BENSESLADO,1,0,1
BENTAËO,1,0,1
BENTALINA,1,0,1
BENTAN,1,0,1
BENTILIA,1,0,1
BENTITA,1,0,1
BENTLY,1,0,1
BENTO,1,0,1
BENTON,1,0,1
BENTY,1,0,1
BENUI,1,0,1
BENUS,1,0,1
BENUSTIANO,1,0,1
BENZAMIL,1,0,1
BEONARDA,1,0,1
BEQUE,1,0,1
BEQUERIN,1,0,1
BEQUIX,1,0,1
BERADANI,1,0,1
BERADIT,1,0,1
BERALDA,1,0,1
BERANGEL,1,0,1
BERANGELY,1,0,1
BERANICES,1,0,1
BERANYER,1,0,1
BERARDINA,1,0,1
BERBARDINO,1,0,1
BERBELIN,1,0,1
BERBIN,1,0,1
BERCARLA,1,0,1
BERCE,1,0,1
BERCEBERANDA,1,0,1
BERCEDIS,1,0,1
BERCELANIA,1,0,1
BERCELIN,1,0,1
BERCER,1,0,1
BERCEYI,1,0,1
BERCHTA,1,0,1
BERCI,1,0,1
BERCIAN,1,0,1
BERCIDES,1,0,1
BERCILDA,1,0,1
BERCILI,1,0,1
BERCILIAS,1,0,1
BERDALINA,1,0,1
BERDARDINA,1,0,1
BERDARDINO,1,0,1
BERDILA,1,0,1
BERDIN,1,0,1
BERDINIA,1,0,1
BERDIS,1,0,1
BERELA,1,0,1
BERENDA,1,0,1
BERENITA,1,0,1
BERENJULIA,1,0,1
BERERANDA,1,0,1
BERETILDA,1,0,1
BERFFY,1,0,1
BERGENES,1,0,1
BERHA,1,0,1
BERHNARD,1,0,1
BERHTILIA,1,0,1
BERIALEN,1,0,1
BERIDA,1,0,1
BERIDANY,1,0,1
BERIDIANO,1,0,1
BERIGILDO,1,0,1
BERIGINIA,1,0,1
BERIH,1,0,1
BERILA,1,0,1
BERILDA,1,0,1
BERILIA,1,0,1
BERILINA,1,0,1
BERIM,1,0,1
BERINDA,1,0,1
BERING,1,0,1
BERINIA,1,0,1
BERIO,1,0,1
BERISABEL,1,0,1
BERIT,1,0,1
BERITA,1,0,1
BERITH,1,0,1
BERITY,1,0,1
BERIX,1,0,1
BERJAMIN,1,0,1
BERJAMIRA,1,0,1
BERJI,1,0,1
BERJIN,1,0,1
BERKELEY,1,0,1
BERKEN,1,0,1
BERKOWYS,1,0,1
BERKY,1,0,1
BERL,1,0,1
BERLEN,1,0,1
BERLENYS,1,0,1
BERLES,1,0,1
BERLICA,1,0,1
BERLIDA,1,0,1
BERLINDO,1,0,1
BERLINE,1,0,1
BERLING,1,0,1
BERLIX  GEOVANY,1,0,1
BERLLY,1,0,1
BERLYS,1,0,1
BERMAL,1,0,1
BERMALIN,1,0,1
BERMANDO,1,0,1
BERME,1,0,1
BERMINI,1,0,1
BERMINIA,1,0,1
BERMIR,1,0,1
BERMUDES,1,0,1
BERMUDEZ,1,0,1
BERNADA,1,0,1
BERNADINE,1,0,1
BERNADINO,1,0,1
BERNAISY,1,0,1
BERNALET,1,0,1
BERNALICIS,1,0,1
BERNALIDIA,1,0,1
BERNALVINA,1,0,1
BERNANARDA,1,0,1
BERNANBE,1,0,1
BERNANI,1,0,1
BERNANRDINO,1,0,1
BERNARDET,1,0,1
BERNARDINE,1,0,1
BERNARDINONO,1,0,1
BERNARDOABAD,1,0,1
BERNARDOINO,1,0,1
BERNARMINDA,1,0,1
BERNARMINIO,1,0,1
BERNARNINO,1,0,1
BERNART,1,0,1
BERNAS,1,0,1
BERNAVED,1,0,1
BERNE,1,0,1
BERNEL,1,0,1
BERNESE,1,0,1
BERNESTINA,1,0,1
BERNETA,1,0,1
BERNETT,1,0,1
BERNIËA,1,0,1
BERNIC,1,0,1
BERNIECE,1,0,1
BERNIILDA,1,0,1
BERNILDO,1,0,1
BERNING,1,0,1
BERNINIA,1,0,1
BERNISY,1,0,1
BERNITILA,1,0,1
BERNMARDO,1,0,1
BERNNEDETT,1,0,1
BERNRDA,1,0,1
BERNYN,1,0,1
BERNYS,1,0,1
BEROLITA,1,0,1
BERONA,1,0,1
BERONIA,1,0,1
BERONIS,1,0,1
BERPIS,1,0,1
BERQUIN,1,0,1
BERROY,1,0,1
BERSABID,1,0,1
BERSADES,1,0,1
BERSAHIDA,1,0,1
BERSAIDIA,1,0,1
BERSAIRIA,1,0,1
BERSALIDIA,1,0,1
BERSALILIAN,1,0,1
BERSALITA,1,0,1
BERSAU,1,0,1
BERSAVAS,1,0,1
BERSAVIDA,1,0,1
BERSELIA,1,0,1
BERSELYS,1,0,1
BERSEVERANDO,1,0,1
BERSIA,1,0,1
BERSOLINDA,1,0,1
BERSOMINA,1,0,1
BERSSAEBED,1,0,1
BERTA BLACINA,1,0,1
BERTA DE JESUS,1,0,1
BERTAHA,1,0,1
BERTALECIA,1,0,1
BERTALIRE,1,0,1
BERTALIVIA,1,0,1
BERTALYDIA,1,0,1
BERTAMINA,1,0,1
BERTASAL,1,0,1
BERTEL,1,0,1
BERTELY,1,0,1
BERTHALEE,1,0,1
BERTHELINA,1,0,1
BERTHILDA,1,0,1
BERTHIS,1,0,1
BERTHOLINA,1,0,1
BERTHSABE,1,0,1
BERTICIA,1,0,1
BERTICIO,1,0,1
BERTILENA,1,0,1
BERTING,1,0,1
BERTIRIO,1,0,1
BERTISILA,1,0,1
BERTOLI,1,0,1
BERTOLINO,1,0,1
BERTRAULIO,1,0,1
BERTRHAN,1,0,1
BERTRIZ,1,0,1
BERTTY,1,0,1
BERTUCCIO,1,0,1
BERVENUTO,1,0,1
BERYE,1,0,1
BERZABEL,1,0,1
BESALE,1,0,1
BESCIARA,1,0,1
BESCY,1,0,1
BESEY,1,0,1
BESHY,1,0,1
BESID,1,0,1
BESIDERIO,1,0,1
BESIDINIA,1,0,1
BESIEE,1,0,1
BESIMIRA,1,0,1
BESITA,1,0,1
BESLI,1,0,1
BESLINDA,1,0,1
BESPACIANO,1,0,1
BESPERTINA,1,0,1
BESSA,1,0,1
BESSABE,1,0,1
BESSE,1,0,1
BESSEL,1,0,1
BESSELL,1,0,1
BESSERTH,1,0,1
BESSHAI,1,0,1
BESSI ENMANUEL,1,0,1
BESSICA,1,0,1
BESSIEE,1,0,1
BESSLER,1,0,1
BESTER,1,0,1
BESTZABE,1,0,1
BESYSI,1,0,1
BET,1,0,1
BETALINA,1,0,1
BETANCIA,1,0,1
BETANIEL,1,0,1
BETCENIA,1,0,1
BETCIE,1,0,1
BETCY,1,0,1
BETE,1,0,1
BETELINA,1,0,1
BETENA,1,0,1
BETENCO,1,0,1
BETERIA,1,0,1
BETEZABE,1,0,1
BETGH,1,0,1
BETHALVEL,1,0,1
BETHE,1,0,1
BETHIN,1,0,1
BETHIZ,1,0,1
BETHSA,1,0,1
BETHSY,1,0,1
BETHUELL,1,0,1
BETHY DE JESUS,1,0,1
BETHYLOU,1,0,1
BETHZAIRA,1,0,1
BETIA,1,0,1
BETICILA,1,0,1
BETID,1,0,1
BETIL,1,0,1
BETILINA,1,0,1
BETILQUENIS,1,0,1
BETILU,1,0,1
BETINI,1,0,1
BETINO,1,0,1
BETINY,1,0,1
BETIO,1,0,1
BETIYEN,1,0,1
BETIYH,1,0,1
BETLEL,1,0,1
BETLY,1,0,1
BETNY,1,0,1
BETOBEN,1,0,1
BETRA,1,0,1
BETRICIA,1,0,1
BETRISINIA,1,0,1
BETSAHARA,1,0,1
BETSAHIDA,1,0,1
BETSAY,1,0,1
BETSE,1,0,1
BETSEE,1,0,1
BETSEL,1,0,1
BETSIDENIA,1,0,1
BETSITA,1,0,1
BETSYLEE,1,0,1
BETTE,1,0,1
BETTIE,1,0,1
BETTIN,1,0,1
BETTS,1,0,1
BETUELL,1,0,1
BETXAIDA,1,0,1
BETYL,1,0,1
BETYNA,1,0,1
BETZEYDA,1,0,1
BETZI,1,0,1
BETZZY,1,0,1
BEULA,1,0,1
BEULES,1,0,1
BEULOH,1,0,1
BEUZABEL,1,0,1
BEVERANN,1,0,1
BEVERLIE,1,0,1
BEVERLIN,1,0,1
BEVERLLEN,1,0,1
BEVIDILIA,1,0,1
BEVOLIN,1,0,1
BEX,1,0,1
BEXAHY,1,0,1
BEXELY,1,0,1
BEXHA,1,0,1
BEXLY,1,0,1
BEXSA,1,0,1
BEXSI,1,0,1
BEXSY,1,0,1
BEXUBIA,1,0,1
BEYA,1,0,1
BEYBY,1,0,1
BEYINE,1,0,1
BEYKEN,1,0,1
BEYMAN,1,0,1
BEYONA,1,0,1
BEYQUER,1,0,1
BEYRAL,1,0,1
BEYRONE,1,0,1
BEYSAIDA,1,0,1
BEYSIN,1,0,1
BEYSIS,1,0,1
BEYSON,1,0,1
BEYSSON,1,0,1
BEZER,1,0,1
BEZI,1,0,1
BEZIE,1,0,1
BEZY,1,0,1
BEZZLLER,1,0,1
BHARHAN,1,0,1
BHELMIN,1,0,1
BHELTYS,1,0,1
BHEN,1,0,1
BHYRON,1,0,1
BIA,1,0,1
BIALI,1,0,1
BIALITA,1,0,1
BIAN,1,0,1
BIANCY,1,0,1
BIANDO,1,0,1
BIANES,1,0,1
BIANKY,1,0,1
BIANOR,1,0,1
BIASNEY,1,0,1
BIATA,1,0,1
BIAYNEY,1,0,1
BIAYRON,1,0,1
BIBECA,1,0,1
BIBIAN DE JESUS,1,0,1
BIBILITA,1,0,1
BIBIO,1,0,1
BIBISTINA,1,0,1
BIBLIO,1,0,1
BIBY,1,0,1
BICCSON,1,0,1
BICENTINA,1,0,1
BICHEY,1,0,1
BICILIA,1,0,1
BICILICIA,1,0,1
BICRI,1,0,1
BICRID,1,0,1
BICRIN,1,0,1
BICRY,1,0,1
BICTALIA,1,0,1
BICTELA,1,0,1
BICTELIO,1,0,1
BIDALI,1,0,1
BIDALINO,1,0,1
BIDALMINA,1,0,1
BIDALMIRO,1,0,1
BIDALMIS,1,0,1
BIDEAS,1,0,1
BIDEMIA,1,0,1
BIDES,1,0,1
BIDIALINA,1,0,1
BIDINDA,1,0,1
BIDINDE,1,0,1
BIDIS,1,0,1
BIDY,1,0,1
BIEGNY,1,0,1
BIEMVENIDA,1,0,1
BIENAVENTURADO,1,0,1
BIENDA,1,0,1
BIEQUIS,1,0,1
BIERA,1,0,1
BIERMEN,1,0,1
BIERY,1,0,1
BIFOS,1,0,1
BIGARME,1,0,1
BIGILIO,1,0,1
BIGILO,1,0,1
BIGNELIO,1,0,1
BIKI,1,0,1
BIKIS,1,0,1
BILAM,1,0,1
BILBAINA,1,0,1
BILBERTO,1,0,1
BILBIA,1,0,1
BILCE,1,0,1
BILCHAN,1,0,1
BILCIR,1,0,1
BILCY,1,0,1
BILDEN,1,0,1
BILDINORA,1,0,1
BILDO,1,0,1
BILDOMIA,1,0,1
BILDREDES,1,0,1
BILEBARDO,1,0,1
BILELIA,1,0,1
BILFIDIO,1,0,1
BILFIDO,1,0,1
BILFRIDA,1,0,1
BILFRIDO,1,0,1
BILIBARDO,1,0,1
BILICA,1,0,1
BILIGREAM,1,0,1
BILIN,1,0,1
BILINA,1,0,1
BILIT,1,0,1
BILIVALDO,1,0,1
BILIVAN,1,0,1
BILIZARIO,1,0,1
BILKHY,1,0,1
BILLADIL,1,0,1
BILLARETE,1,0,1
BILLEDA,1,0,1
BILLIS,1,0,1
BILLMARK,1,0,1
BILLYIS,1,0,1
BILMAN,1,0,1
BILMIA,1,0,1
BILNA,1,0,1
BILQUI,1,0,1
BILSAM,1,0,1
BILSIA,1,0,1
BILSON,1,0,1
BILVIA,1,0,1
BILYN,1,0,1
BILZAN,1,0,1
BIMBERTO,1,0,1
BIMMY,1,0,1
BINAEL,1,0,1
BINDIS,1,0,1
BINDOLFO,1,0,1
BINDONIO,1,0,1
BINECIO,1,0,1
BINELIO,1,0,1
BINELIS,1,0,1
BINELLYS,1,0,1
BINETZA,1,0,1
BINIANA,1,0,1
BINIGNO,1,0,1
BINN,1,0,1
BINNELIO,1,0,1
BINNERIS,1,0,1
BINNIA,1,0,1
BINNIEE,1,0,1
BINNORA,1,0,1
BINO,1,0,1
BINORA,1,0,1
BIODELYS,1,0,1
BIOGILDO,1,0,1
BIOLINDA,1,0,1
BIONIR,1,0,1
BIOREL,1,0,1
BIQUES,1,0,1
BIRALDINA,1,0,1
BIRAN,1,0,1
BIRDETH,1,0,1
BIRGINDA,1,0,1
BIRGUINIA,1,0,1
BIRIGINIA,1,0,1
BIRLHY,1,0,1
BIRMEL,1,0,1
BIRMUNDO,1,0,1
BIRNED,1,0,1
BIRNELY,1,0,1
BIRROBERTO,1,0,1
BIRSA,1,0,1
BIRTAMINA,1,0,1
BIRTELL,1,0,1
BIRTHLY,1,0,1
BIRTIE,1,0,1
BIS,1,0,1
BISAHUD,1,0,1
BISALIA,1,0,1
BISANA,1,0,1
BISAY,1,0,1
BISENTA,1,0,1
BISERINA,1,0,1
BISHARO,1,0,1
BISHIR,1,0,1
BISILIA,1,0,1
BISINITA,1,0,1
BISIS,1,0,1
BISITH,1,0,1
BISMAEK,1,0,1
BISMER,1,0,1
BISTRIAN,1,0,1
BISY,1,0,1
BITALDINO,1,0,1
BITER,1,0,1
BITHIAH,1,0,1
BITIA,1,0,1
BITIAN,1,0,1
BITINIA,1,0,1
BITO,1,0,1
BITORIANA,1,0,1
BITORINA,1,0,1
BITORINO,1,0,1
BITSAN,1,0,1
BITTA,1,0,1
BITYA,1,0,1
BIULA,1,0,1
BIUNA,1,0,1
BIVALDI,1,0,1
BIVIAM,1,0,1
BIVILIA,1,0,1
BIVIO,1,0,1
BIXZAVIC,1,0,1
BIYANA,1,0,1
BLAAS,1,0,1
BLADELMIRO,1,0,1
BLADERMI,1,0,1
BLADIN,1,0,1
BLADIZ,1,0,1
BLAIRE,1,0,1
BLALDIMIRO,1,0,1
BLAMINIO,1,0,1
BLAN,1,0,1
BLANC,1,0,1
BLANCA    MERLY,1,0,1
BLANCA   LUZ,1,0,1
BLANCA  ESTELA,1,0,1
BLANCA CRISTINA,1,0,1
BLANCA DE LA,1,0,1
BLANCA MARIA,1,0,1
BLANCA REINA,1,0,1
BLANCA ROSITA,1,0,1
BLANCA VILMA,1,0,1
BLANCA VIRGINIA,1,0,1
BLANCADELIA,1,0,1
BLANCANOVIA,1,0,1
BLANCAORBELINA,1,0,1
BLANCAROSA,1,0,1
BLANCH,1,0,1
BLANCINA,1,0,1
BLANCY,1,0,1
BLANDA,1,0,1
BLARONE,1,0,1
BLAS FAUSTINO,1,0,1
BLASCENTINO,1,0,1
BLASIDIA,1,0,1
BLASIMA BRIGIDA,1,0,1
BLASINIA,1,0,1
BLASTENIA,1,0,1
BLASY,1,0,1
BLAUDIMIA,1,0,1
BLAUSA,1,0,1
BLAX,1,0,1
BLAYDEN,1,0,1
BLEËIO,1,0,1
BLEBIR,1,0,1
BLEBIS,1,0,1
BLECILA,1,0,1
BLEDEMIR,1,0,1
BLEIDAL,1,0,1
BLEKI,1,0,1
BLEMIA,1,0,1
BLENCA,1,0,1
BLENDYS,1,0,1
BLENIA,1,0,1
BLENIS,1,0,1
BLEPSIEM,1,0,1
BLER,1,0,1
BLERIS,1,0,1
BLERY,1,0,1
BLESILA,1,0,1
BLESIN,1,0,1
BLEXIS,1,0,1
BLEYDIS,1,0,1
BLEYSI,1,0,1
BLIANDIN,1,0,1
BLIDEN,1,0,1
BLILA,1,0,1
BLINDA,1,0,1
BLINIA,1,0,1
BLINIX,1,0,1
BLINNIA,1,0,1
BLIXIS,1,0,1
BLNACA,1,0,1
BLONDEL,1,0,1
BLONDELL,1,0,1
BLONDINA,1,0,1
BLONDINE,1,0,1
BLOOM,1,0,1
BLORIMIRO,1,0,1
BLORISBINDA,1,0,1
BLUDWIN,1,0,1
BLYTHE,1,0,1
BOANARGES,1,0,1
BOANERGEZ,1,0,1
BOANERGUEZ,1,0,1
BOAZ,1,0,1
BOBE,1,0,1
BOBEY,1,0,1
BOBI,1,0,1
BOBIE,1,0,1
BODDAN,1,0,1
BODELY,1,0,1
BODEN,1,0,1
BODNEY,1,0,1
BODY,1,0,1
BOGAN,1,0,1
BOHENERJE,1,0,1
BOHOMERGES,1,0,1
BOISLEN,1,0,1
BOLAËO,1,0,1
BOLFRAN,1,0,1
BOLIBAR,1,0,1
BOLIBIA,1,0,1
BOLTON,1,0,1
BOLTRACO,1,0,1
BOLVIN,1,0,1
BOMELY,1,0,1
BON,1,0,1
BONDAN,1,0,1
BONDO,1,0,1
BONEFACIO,1,0,1
BONELEE,1,0,1
BONELIA,1,0,1
BONELITA,1,0,1
BONERGEN,1,0,1
BONERGUEZ,1,0,1
BONG,1,0,1
BONIETH,1,0,1
BONIFACEO,1,0,1
BONITA,1,0,1
BONIZ,1,0,1
BONNA,1,0,1
BONNELL,1,0,1
BONNEY,1,0,1
BONNI,1,0,1
BONNIELEE,1,0,1
BONNIS,1,0,1
BONOEL,1,0,1
BONORGE,1,0,1
BOONY,1,0,1
BOOTH,1,0,1
BOOTSY,1,0,1
BOQUERGES,1,0,1
BORISS,1,0,1
BORISSON,1,0,1
BORLIN,1,0,1
BORNAIS,1,0,1
BORNAL,1,0,1
BORNEO,1,0,1
BORNES,1,0,1
BORNEY,1,0,1
BORNEYDETH,1,0,1
BORNIS,1,0,1
BORTH,1,0,1
BORTOLO,1,0,1
BORTON,1,0,1
BOSE,1,0,1
BOTHWELL,1,0,1
BOWDLER,1,0,1
BRABLIO,1,0,1
BRACDILIO,1,0,1
BRACENIA,1,0,1
BRACIBEL,1,0,1
BRACILINDA,1,0,1
BRACINIA,1,0,1
BRADDY,1,0,1
BRADICAN,1,0,1
BRADICHT,1,0,1
BRADIES,1,0,1
BRADIL,1,0,1
BRADILBERTO,1,0,1
BRADIZ,1,0,1
BRADLETH,1,0,1
BRADYN,1,0,1
BRAGEDES,1,0,1
BRAGIM,1,0,1
BRAHAYNES,1,0,1
BRAHIM,1,0,1
BRAHN,1,0,1
BRAIBEN,1,0,1
BRAIN,1,0,1
BRAIRNER,1,0,1
BRAJIL,1,0,1
BRAJIM,1,0,1
BRALLATO,1,0,1
BRALY,1,0,1
BRANDEZ,1,0,1
BRANDIL,1,0,1
BRANDYE,1,0,1
BRANIA,1,0,1
BRANKLIN,1,0,1
BRANLI,1,0,1
BRANQUIRUBEN,1,0,1
BRANSO,1,0,1
BRANUEL,1,0,1
BRASELDINA,1,0,1
BRASIL,1,0,1
BRAUCEDES,1,0,1
BRAUDY,1,0,1
BRAULEA,1,0,1
BRAXIDO,1,0,1
BRAYAM,1,0,1
BRAYAND,1,0,1
BRAYEN,1,0,1
BRAYIAN,1,0,1
BRAYN,1,0,1
BRAYNER,1,0,1
BREANA,1,0,1
BRECEDA,1,0,1
BRECEDINA,1,0,1
BRECELY,1,0,1
BRECIA,1,0,1
BRECINIO,1,0,1
BREDA,1,0,1
BREDESVINDO,1,0,1
BREDGET,1,0,1
BREDI,1,0,1
BREDO,1,0,1
BREGELIO,1,0,1
BREGONIA,1,0,1
BREGUENS,1,0,1
BREHINER,1,0,1
BREIBIN,1,0,1
BREIBY,1,0,1
BREIGEL,1,0,1
BREILIN,1,0,1
BREISNER,1,0,1
BREJIDO,1,0,1
BRELIN,1,0,1
BREMDY,1,0,1
BRENA,1,0,1
BRENADA,1,0,1
BRENCELINA,1,0,1
BRENDAELISABETH,1,0,1
BRENDAL,1,0,1
BRENDALID,1,0,1
BRENDANO,1,0,1
BRENDFA,1,0,1
BRENDILEE,1,0,1
BRENDIN,1,0,1
BRENDUN,1,0,1
BRENEDIR,1,0,1
BRENELY,1,0,1
BRENEX,1,0,1
BRENIA,1,0,1
BRENIE,1,0,1
BRENIZ,1,0,1
BRENNI,1,0,1
BRENO,1,0,1
BRENTAN,1,0,1
BRENYA,1,0,1
BREQUEDO,1,0,1
BREQUEN,1,0,1
BRESKA,1,0,1
BRET,1,0,1
BRETAN,1,0,1
BRETICIA,1,0,1
BREVISMILDA,1,0,1
BREYBI,1,0,1
BREYDNER,1,0,1
BREYVI,1,0,1
BREYVIN,1,0,1
BREZEZINKI,1,0,1
BREZHNER,1,0,1
BREZMAN,1,0,1
BREZNEV,1,0,1
BRGIDO,1,0,1
BRIADELDA,1,0,1
BRIAM,1,0,1
BRIANS,1,0,1
BRICEËO,1,0,1
BRICELI,1,0,1
BRICEO,1,0,1
BRICIA,1,0,1
BRICILIO,1,0,1
BRICINDA,1,0,1
BRIDELIA,1,0,1
BRIDEN,1,0,1
BRIDICE,1,0,1
BRIDISLINDA,1,0,1
BRIDITH,1,0,1
BRIDYT,1,0,1
BRIERLIN,1,0,1
BRIGAIN,1,0,1
BRIGETT,1,0,1
BRIGGITE,1,0,1
BRIGHAM,1,0,1
BRIGHETH,1,0,1
BRIGHTER,1,0,1
BRIGIDIA,1,0,1
BRIGIDIO,1,0,1
BRIGILDA,1,0,1
BRIGILDO,1,0,1
BRIGUETE,1,0,1
BRIGUIDA,1,0,1
BRIGYTH,1,0,1
BRILFIDO,1,0,1
BRILIAN,1,0,1
BRILLID,1,0,1
BRILLIY,1,0,1
BRILON,1,0,1
BRILYN,1,0,1
BRINDER,1,0,1
BRINDICI,1,0,1
BRINDY,1,0,1
BRINETA,1,0,1
BRINGGETTE,1,0,1
BRINILA,1,0,1
BRINIS,1,0,1
BRINSSEL,1,0,1
BRINT,1,0,1
BRINY,1,0,1
BRIONES,1,0,1
BRISA,1,0,1
BRISALDINA,1,0,1
BRISALMINDA,1,0,1
BRISAURA,1,0,1
BRISCELDINA,1,0,1
BRISELINA,1,0,1
BRISENIA,1,0,1
BRISER,1,0,1
BRISLI,1,0,1
BRISON,1,0,1
BRISSELDO,1,0,1
BRISSIA,1,0,1
BRISTERA,1,0,1
BRITH,1,0,1
BRITON,1,0,1
BRITTA,1,0,1
BRIXIO,1,0,1
BRIYID,1,0,1
BRIYITT,1,0,1
BRIZEIDA,1,0,1
BRIZEIRY,1,0,1
BRIZELA,1,0,1
BRIZELDO,1,0,1
BRIZIO,1,0,1
BRIZUELAISOLINA,1,0,1
BRIZZIA,1,0,1
BRIZZIO,1,0,1
BROCEL,1,0,1
BROCELITA,1,0,1
BROCK,1,0,1
BRODEL,1,0,1
BRODERICR,1,0,1
BRODI,1,0,1
BROLI,1,0,1
BROLMIN,1,0,1
BROLYN,1,0,1
BROMALINA,1,0,1
BROMAN,1,0,1
BRONDY,1,0,1
BRONEL,1,0,1
BRONIA,1,0,1
BRONNY,1,0,1
BRONWELL,1,0,1
BRONWNELL,1,0,1
BRONY,1,0,1
BROOKLIN,1,0,1
BROTHELL,1,0,1
BROUYAN,1,0,1
BROWNIE,1,0,1
BROYAN,1,0,1
BROYKER,1,0,1
BRUAYANG,1,0,1
BRUCCELYT,1,0,1
BRUCE LEE,1,0,1
BRUCEE,1,0,1
BRUCIANA,1,0,1
BRUDCELD,1,0,1
BRUL,1,0,1
BRUMILDO,1,0,1
BRUNELLA,1,0,1
BRUNEY,1,0,1
BRUNIA,1,0,1
BRUNILIA,1,0,1
BRUNITO,1,0,1
BRUNMEL,1,0,1
BRUNOLVIA,1,0,1
BRUNY,1,0,1
BRUS,1,0,1
BRUSILANIA,1,0,1
BRWINSNEY,1,0,1
BRYD,1,0,1
BRYNA,1,0,1
BRYNDISY,1,0,1
BRYNER,1,0,1
BRYNHILD,1,0,1
BTHY,1,0,1
BUANAVENTURA,1,0,1
BUCK,1,0,1
BUD,1,0,1
BUDAN,1,0,1
BUDIALINA,1,0,1
BUENA   BENTURA,1,0,1
BUENANVENTURA,1,0,1
BUENAVENTURAS,1,0,1
BUENAVID,1,0,1
BUENER,1,0,1
BUENERGEN,1,0,1
BUENIA,1,0,1
BUISE,1,0,1
BULFILDA,1,0,1
BULFINDA,1,0,1
BULNARA,1,0,1
BUNAVENTURA,1,0,1
BUNDY,1,0,1
BUNY,1,0,1
BUONERGES,1,0,1
BURDICK,1,0,1
BURFINDA,1,0,1
BURGOS,1,0,1
BURGOSJUAN,1,0,1
BURLEY,1,0,1
BURLSON,1,0,1
BURRY,1,0,1
BURWICK,1,0,1
BURYWAISE,1,0,1
BUSTANA,1,0,1
BUSTAQUIO,1,0,1
BUSTILLONELSON,1,0,1
BUTH,1,0,1
BUTPIL,1,0,1
BUTSOLE,1,0,1
BYKKY,1,0,1
BYKY,1,0,1
BYLDANI,1,0,1
BYLMA,1,0,1
BYRAN,1,0,1
BYRONN,1,0,1
C ASIANO,1,0,1
CABAËAS,1,0,1
CABANDIAS,1,0,1
CACILDA,1,0,1
CACTER,1,0,1
CADALINA,1,0,1
CADELA,1,0,1
CADIE,1,0,1
CADMIEL,1,0,1
CADRAL,1,0,1
CAELOS,1,0,1
CAETANIO,1,0,1
CAETANO,1,0,1
CAFERINO,1,0,1
CAGLIOSTRO,1,0,1
CAID,1,0,1
CAIDITA,1,0,1
CAILA,1,0,1
CAILITA,1,0,1
CAILITO,1,0,1
CAIMAL,1,0,1
CAIRO,1,0,1
CAITA,1,0,1
CALACHA,1,0,1
CALACHO,1,0,1
CALAUDIO,1,0,1
CALBERTO,1,0,1
CALDENA,1,0,1
CALDIN,1,0,1
CALE,1,0,1
CALEF,1,0,1
CALENTIN,1,0,1
CALERO,1,0,1
CALEV,1,0,1
CALIBERTO,1,0,1
CALICTA,1,0,1
CALIDA,1,0,1
CALIDINE,1,0,1
CALIEF,1,0,1
CALIMELIA,1,0,1
CALINDRO,1,0,1
CALINO,1,0,1
CALIOFRE,1,0,1
CALIPS,1,0,1
CALIS,1,0,1
CALISTINA,1,0,1
CALISTROO,1,0,1
CALITA,1,0,1
CALITRO,1,0,1
CALIXMARIA,1,0,1
CALIXSTO,1,0,1
CALLUDIA,1,0,1
CALLY,1,0,1
CALOME,1,0,1
CALON,1,0,1
CALOZAN,1,0,1
CALRSON,1,0,1
CALUNERIA,1,0,1
CALVART,1,0,1
CALY,1,0,1
CALYANY,1,0,1
CAMALLA,1,0,1
CAMDELARIA,1,0,1
CAMELA,1,0,1
CAMELI,1,0,1
CAMILINDA,1,0,1
CAMINDA,1,0,1
CAMISIRO,1,0,1
CAMITA,1,0,1
CAMPOL,1,0,1
CANALESAHAD,1,0,1
CANCAUPOLICAN,1,0,1
CANCIOTA,1,0,1
CANDA,1,0,1
CANDDIDO,1,0,1
CANDELAREA,1,0,1
CANDELARIA DE,1,0,1
CANDELINA,1,0,1
CANDERIA,1,0,1
CANDICE,1,0,1
CANDICIA,1,0,1
CANDID,1,0,1
CANDIDAA,1,0,1
CANDIDAD,1,0,1
CANDIDOA,1,0,1
CANDINO,1,0,1
CANDIOLA,1,0,1
CANDIS,1,0,1
CANDRO,1,0,1
CANDUCHA,1,0,1
CANEAS,1,0,1
CANESIO,1,0,1
CANIA,1,0,1
CANIE,1,0,1
CANISIA,1,0,1
CANISIO,1,0,1
CANIX,1,0,1
CANMEN,1,0,1
CANSIA,1,0,1
CANSITA,1,0,1
CANSTENS,1,0,1
CANTA,1,0,1
CANTALI,1,0,1
CANTALIZ,1,0,1
CANTARERO.MOISE,1,0,1
CANTARICIO,1,0,1
CANTON,1,0,1
CANTORBIRI,1,0,1
CANTUARIENCE,1,0,1
CAO,1,0,1
CAPEDONA,1,0,1
CAPIEL,1,0,1
CAPIL,1,0,1
CAPITALINA,1,0,1
CAPITOLINO,1,0,1
CAPPEL,1,0,1
CAR,1,0,1
CARALD,1,0,1
CARBEL,1,0,1
CARBY,1,0,1
CARCEN,1,0,1
CARCIE,1,0,1
CARCINO,1,0,1
CARCOTH,1,0,1
CARDEN,1,0,1
CARDEN  JUDITH,1,0,1
CARDES,1,0,1
CARDIER,1,0,1
CARDIGAN,1,0,1
CARDONIA,1,0,1
CARDONIO,1,0,1
CAREEN,1,0,1
CAREM,1,0,1
CARENLETICIA,1,0,1
CAREX,1,0,1
CAREXOL,1,0,1
CARHIL,1,0,1
CARICIA,1,0,1
CARIE,1,0,1
CARIMIRO,1,0,1
CARINS,1,0,1
CARISZCA,1,0,1
CARITA,1,0,1
CARITH,1,0,1
CARLËS,1,0,1
CARLENTHON,1,0,1
CARLENY,1,0,1
CARLET,1,0,1
CARLETA,1,0,1
CARLEY,1,0,1
CARLIBEX,1,0,1
CARLICIA,1,0,1
CARLIER,1,0,1
CARLIS,1,0,1
CARLISTINE,1,0,1
CARLMELINA,1,0,1
CARLOA,1,0,1
CARLON,1,0,1
CARLOS  RAMON,1,0,1
CARLOS ANTONIO,1,0,1
CARLOS DE LA CR,1,0,1
CARLOS ERNESTO,1,0,1
CARLOS MARIO,1,0,1
CARLOS NORMANDO,1,0,1
CARLOS PORFIRIO,1,0,1
CARLOSBINDA,1,0,1
CARLOSHUMBERTO,1,0,1
CARLOT,1,0,1
CARLOX,1,0,1
CARLSON,1,0,1
CARLUS,1,0,1
CARMAN,1,0,1
CARMEDINDA,1,0,1
CARMELI,1,0,1
CARMELINDO,1,0,1
CARMELITO,1,0,1
CARMEN FLORINA,1,0,1
CARMENGAL,1,0,1
CARMENIO,1,0,1
CARMENTINO,1,0,1
CARMETINA,1,0,1
CARMINDA MARIA,1,0,1
CARMINO,1,0,1
CARMINZA,1,0,1
CARMITA,1,0,1
CARMNE,1,0,1
CARNAL,1,0,1
CARNELIO,1,0,1
CARNELL,1,0,1
CARNEN,1,0,1
CARNERO,1,0,1
CARNETA,1,0,1
CAROLANN,1,0,1
CAROLAYN,1,0,1
CAROLBERTY,1,0,1
CAROLEN,1,0,1
CAROLK,1,0,1
CAROLNEIDA,1,0,1
CAROLONEYDA,1,0,1
CARONADA,1,0,1
CARONTE,1,0,1
CARPOLIO,1,0,1
CARREL,1,0,1
CARRIE,1,0,1
CARRIL,1,0,1
CARRIN,1,0,1
CARRINGTON,1,0,1
CARRLOS,1,0,1
CARSIN,1,0,1
CARSTEN,1,0,1
CARUBI,1,0,1
CARVELIO,1,0,1
CARYN,1,0,1
CARYS,1,0,1
CASANOBA,1,0,1
CASCILDO,1,0,1
CASETY,1,0,1
CASHMOND,1,0,1
CASINOVA,1,0,1
CASLE,1,0,1
CASLEN,1,0,1
CASLUIN,1,0,1
CASLY,1,0,1
CASPO,1,0,1
CASSIE,1,0,1
CASTA DE JESUS,1,0,1
CASTA MARIA,1,0,1
CASTELAR,1,0,1
CASTELINA,1,0,1
CASTELLANA,1,0,1
CASTENA,1,0,1
CASTER,1,0,1
CASTIA,1,0,1
CASTIDA,1,0,1
CASTINA,1,0,1
CASTOLINA,1,0,1
CASTOLO,1,0,1
CASTON,1,0,1
CASTOR,1,0,1
CASTRA,1,0,1
CASTULINA,1,0,1
CASTULIO,1,0,1
CATALINA DEL,1,0,1
CATARINE,1,0,1
CATEDRAN,1,0,1
CATEDRIAN,1,0,1
CATEGRA,1,0,1
CATERIN,1,0,1
CATHEREN,1,0,1
CATHERINNE,1,0,1
CATHRIN,1,0,1
CATHYA,1,0,1
CATIHA,1,0,1
CATILA,1,0,1
CATILINO,1,0,1
CATIRIS,1,0,1
CATLINA,1,0,1
CATLY,1,0,1
CATLYN,1,0,1
CATOLDA,1,0,1
CATORINO,1,0,1
CATTERIN,1,0,1
CATTIA,1,0,1
CATULINO,1,0,1
CATULIO,1,0,1
CAUDELARIA,1,0,1
CAUDIA,1,0,1
CAUSALINA,1,0,1
CAUSELIA,1,0,1
CAUSOLINA,1,0,1
CAUSTULO,1,0,1
CAWELL,1,0,1
CAYAETANO,1,0,1
CAYERTANO,1,0,1
CAYITO,1,0,1
CAYLA,1,0,1
CAYLATH,1,0,1
CAYLOR,1,0,1
CAYOLITA,1,0,1
CAYTA,1,0,1
CE-A,1,0,1
CEARINA,1,0,1
CEBANCIO,1,0,1
CEBANIA,1,0,1
CEBEDEO,1,0,1
CEBEDO,1,0,1
CEBELAN,1,0,1
CEBELE,1,0,1
CEBETINA,1,0,1
CEBITA,1,0,1
CEC,1,0,1
CECARLOS,1,0,1
CECENIA,1,0,1
CECERIA,1,0,1
CECIAR,1,0,1
CECIE,1,0,1
CECILL,1,0,1
CECILLE,1,0,1
CEDALIA,1,0,1
CEDAR,1,0,1
CEDE,1,0,1
CEDEL,1,0,1
CEDELINDA,1,0,1
CEDESTINO,1,0,1
CEDI,1,0,1
CEDIS,1,0,1
CEDITH,1,0,1
CEDMA,1,0,1
CEDOËA,1,0,1
CEDONIA,1,0,1
CEDRAC,1,0,1
CEDRINA,1,0,1
CEDVIN,1,0,1
CEDYS,1,0,1
CEFANIA,1,0,1
CEFAS,1,0,1
CEFAZ,1,0,1
CEFERIANO,1,0,1
CEFILIA,1,0,1
CEIDES,1,0,1
CEIDIËA,1,0,1
CEIDSY,1,0,1
CEILE,1,0,1
CEILER,1,0,1
CEIME,1,0,1
CEIN,1,0,1
CEINA,1,0,1
CEISA,1,0,1
CEITA,1,0,1
CELADIO,1,0,1
CELAINA,1,0,1
CELANCITO,1,0,1
CELBANDO,1,0,1
CELBEN,1,0,1
CELBI,1,0,1
CELBIS,1,0,1
CELCY,1,0,1
CELDE,1,0,1
CELDENCIA,1,0,1
CELDIN,1,0,1
CELDONACIO,1,0,1
CELDRINA,1,0,1
CELEB,1,0,1
CELECIA,1,0,1
CELEDIC,1,0,1
CELEDONONIO,1,0,1
CELEDORIO,1,0,1
CELEMENTINA,1,0,1
CELEN,1,0,1
CELENNA,1,0,1
CELEO DE JESUS,1,0,1
CELES,1,0,1
CELESS,1,0,1
CELESTE   AIDA,1,0,1
CELETANIO,1,0,1
CELETO,1,0,1
CELFINA,1,0,1
CELFIRA,1,0,1
CELGIA,1,0,1
CELGIN,1,0,1
CELGIO,1,0,1
CELIAN,1,0,1
CELIANORA,1,0,1
CELIDELIA,1,0,1
CELIDO,1,0,1
CELIDOËA,1,0,1
CELIDONIA,1,0,1
CELIEN,1,0,1
CELIK,1,0,1
CELING,1,0,1
CELINIO,1,0,1
CELINO DE JESUS,1,0,1
CELIO DE JESUS,1,0,1
CELIOLIN,1,0,1
CELIZA,1,0,1
CELLY,1,0,1
CELLYN,1,0,1
CELMAR,1,0,1
CELMI,1,0,1
CELMIS,1,0,1
CELMO,1,0,1
CELMY,1,0,1
CELONAIT,1,0,1
CELPEDA,1,0,1
CELSAN,1,0,1
CELSO DE JESUS,1,0,1
CELSTINO,1,0,1
CELUA,1,0,1
CELUSTINA,1,0,1
CELVER,1,0,1
CELVIANA,1,0,1
CELVIDA,1,0,1
CELVIX,1,0,1
CELYA,1,0,1
CELZAR,1,0,1
CEMELIO,1,0,1
CEMENTAN,1,0,1
CEMERITA,1,0,1
CEMETERIO,1,0,1
CENADIA,1,0,1
CENAID,1,0,1
CENALDA,1,0,1
CENAYDO,1,0,1
CENCIL,1,0,1
CENCIO,1,0,1
CENCION,1,0,1
CENDER,1,0,1
CENDI,1,0,1
CENDRI,1,0,1
CENDRY,1,0,1
CENECIO,1,0,1
CENEIDE,1,0,1
CENEIRA,1,0,1
CENGRELIA,1,0,1
CENING,1,0,1
CENNI,1,0,1
CENNIA,1,0,1
CENORIA,1,0,1
CENPELIN,1,0,1
CENSEPCION,1,0,1
CENSION,1,0,1
CENTENODOUGLAS,1,0,1
CENTENOL,1,0,1
CENTHIA,1,0,1
CENTHYA,1,0,1
CENTIA,1,0,1
CENTINO,1,0,1
CENTOLA,1,0,1
CENTY,1,0,1
CENYA,1,0,1
CEOLINDA,1,0,1
CEOVELIA,1,0,1
CERABINA,1,0,1
CERALFINA,1,0,1
CERALINA,1,0,1
CERBELINA,1,0,1
CERBINA,1,0,1
CERBY,1,0,1
CERCIA,1,0,1
CERCIE,1,0,1
CERCIO,1,0,1
CEREDA,1,0,1
CEREFINA,1,0,1
CERELA,1,0,1
CERELINA,1,0,1
CERELITA,1,0,1
CEREMILIA,1,0,1
CERES,1,0,1
CERFILAR,1,0,1
CERGENTINA,1,0,1
CERGIDA,1,0,1
CERGILIA,1,0,1
CERI,1,0,1
CERIDONIA,1,0,1
CERIL,1,0,1
CERLA,1,0,1
CERLI,1,0,1
CERLIO,1,0,1
CERLITO,1,0,1
CERMA,1,0,1
CERMAN,1,0,1
CERMEN,1,0,1
CERMY,1,0,1
CERNAN,1,0,1
CERNIA,1,0,1
CERNITA,1,0,1
CERON,1,0,1
CERPA,1,0,1
CERPENTINA,1,0,1
CERRATOHIRAN,1,0,1
CERRITOS,1,0,1
CERSALINA,1,0,1
CERSAR,1,0,1
CERSO,1,0,1
CERVACIA,1,0,1
CERVER,1,0,1
CERY,1,0,1
CESAR DE JESUS,1,0,1
CESAR RICARDO,1,0,1
CESARAURELIO,1,0,1
CESARORLANDO,1,0,1
CESARR,1,0,1
CESAS,1,0,1
CESCENCIA,1,0,1
CESIAS,1,0,1
CESILEO,1,0,1
CESILL,1,0,1
CESIMO,1,0,1
CESLA,1,0,1
CESMA,1,0,1
CESSNA,1,0,1
CESTA,1,0,1
CESTINO,1,0,1
CETALINO,1,0,1
CETLE,1,0,1
CETLENA,1,0,1
CEU,1,0,1
CEUDA,1,0,1
CEUILY,1,0,1
CEVANDELA,1,0,1
CEVEDEO,1,0,1
CEVELO,1,0,1
CEXIBEL,1,0,1
CEYNA,1,0,1
CEYNAR,1,0,1
CEYRA,1,0,1
CEYVI,1,0,1
CEZARIO,1,0,1
CEZZIA,1,0,1
CH  LUIS,1,0,1
CHABELITA,1,0,1
CHACHEL,1,0,1
CHADIS,1,0,1
CHADVICK,1,0,1
CHAFIK,1,0,1
CHAILA,1,0,1
CHALEDANIE,1,0,1
CHALIA,1,0,1
CHALMER,1,0,1
CHALTON,1,0,1
CHAMARA,1,0,1
CHAMECA,1,0,1
CHAMEINE,1,0,1
CHAMILEX,1,0,1
CHAMITA,1,0,1
CHANALIA,1,0,1
CHANCEY,1,0,1
CHANCIY,1,0,1
CHANELY,1,0,1
CHANING,1,0,1
CHANITA,1,0,1
CHANO,1,0,1
CHANTHAL,1,0,1
CHANTHEL,1,0,1
CHAQUIRA,1,0,1
CHARDONNET,1,0,1
CHARICE,1,0,1
CHARINEL,1,0,1
CHARIS,1,0,1
CHARISMA,1,0,1
CHARITA,1,0,1
CHARLEE,1,0,1
CHARLEN,1,0,1
CHARLESS,1,0,1
CHARLESTON,1,0,1
CHARLET,1,0,1
CHARLIAN,1,0,1
CHARLIES,1,0,1
CHARLINA,1,0,1
CHARLING,1,0,1
CHARLISTE,1,0,1
CHARLISTON,1,0,1
CHARLITO,1,0,1
CHARLLOTT,1,0,1
CHARMEN,1,0,1
CHARMINE,1,0,1
CHAROLETTE,1,0,1
CHAROT,1,0,1
CHARRELEE,1,0,1
CHARRY,1,0,1
CHAS,1,0,1
CHASCRY,1,0,1
CHASTENE,1,0,1
CHASTINE,1,0,1
CHASTWARD,1,0,1
CHASTY,1,0,1
CHAVALITA,1,0,1
CHAVALO,1,0,1
CHAVELITA,1,0,1
CHAVES,1,0,1
CHAVEZ,1,0,1
CHAYAN,1,0,1
CHAYANE,1,0,1
CHAYANN,1,0,1
CHEERENE,1,0,1
CHEFFLEY,1,0,1
CHEFI,1,0,1
CHEIRA,1,0,1
CHEL,1,0,1
CHELA,1,0,1
CHELBBY,1,0,1
CHELCY,1,0,1
CHELGAN,1,0,1
CHELIN,1,0,1
CHELLEAN,1,0,1
CHELLY,1,0,1
CHELMY,1,0,1
CHELSTON,1,0,1
CHELSY,1,0,1
CHELTON,1,0,1
CHELVI,1,0,1
CHEMY,1,0,1
CHENEL,1,0,1
CHENGLI,1,0,1
CHENI,1,0,1
CHENIA,1,0,1
CHENIQUE,1,0,1
CHENYTH,1,0,1
CHEPE,1,0,1
CHEPELEON,1,0,1
CHEPELON,1,0,1
CHEPETON,1,0,1
CHERAN,1,0,1
CHERBIN,1,0,1
CHEREL,1,0,1
CHEREY,1,0,1
CHERI,1,0,1
CHERILLYN,1,0,1
CHERILYN,1,0,1
CHERISSA,1,0,1
CHERLEEN,1,0,1
CHERLIM,1,0,1
CHERLITCH,1,0,1
CHERLLEY,1,0,1
CHERLYN,1,0,1
CHERLYS,1,0,1
CHERMAN,1,0,1
CHERON,1,0,1
CHERREDEEN,1,0,1
CHERRI,1,0,1
CHERRIAN,1,0,1
CHERRYANN,1,0,1
CHERTON,1,0,1
CHERWIL,1,0,1
CHERWOOD,1,0,1
CHERYE,1,0,1
CHESSMAN,1,0,1
CHESTLER,1,0,1
CHET,1,0,1
CHEUK,1,0,1
CHEUNG,1,0,1
CHEVO,1,0,1
CHEYBIN,1,0,1
CHEYBY,1,0,1
CHEYDA,1,0,1
CHEYENE,1,0,1
CHEYENY,1,0,1
CHEYSCELL,1,0,1
CHI GI,1,0,1
CHIARA,1,0,1
CHIBLI,1,0,1
CHIFFORN,1,0,1
CHILO,1,0,1
CHIMEY,1,0,1
CHIMICAHTER,1,0,1
CHIMIL,1,0,1
CHIMINO,1,0,1
CHIMIS,1,0,1
CHING,1,0,1
CHINTHYA,1,0,1
CHINTIA,1,0,1
CHINTYA,1,0,1
CHIQUITO,1,0,1
CHIRIL,1,0,1
CHIRLE,1,0,1
CHIRLY,1,0,1
CHISI,1,0,1
CHISLEY,1,0,1
CHISTIAM,1,0,1
CHOBIS,1,0,1
CHOK,1,0,1
CHOLUCHANA,1,0,1
CHONCITA,1,0,1
CHONCITO,1,0,1
CHONITO,1,0,1
CHONZIE,1,0,1
CHOREL,1,0,1
CHORINA,1,0,1
CHORLEAN,1,0,1
CHORLET,1,0,1
CHORLI,1,0,1
CHORLIA,1,0,1
CHORLING,1,0,1
CHOU,1,0,1
CHOU HOU,1,0,1
CHOUZON,1,0,1
CHOWBERTH,1,0,1
CHOYLI,1,0,1
CHRISALFANIA,1,0,1
CHRISDETTE,1,0,1
CHRISIIAN,1,0,1
CHRISNY,1,0,1
CHRISS,1,0,1
CHRISTE,1,0,1
CHRISTELS,1,0,1
CHRISTER,1,0,1
CHRISTERPHER,1,0,1
CHRISTIAAN,1,0,1
CHRISTILINE,1,0,1
CHRISTMAS,1,0,1
CHRISTO,1,0,1
CHRISTOBEL,1,0,1
CHRISTOFER,1,0,1
CHRISTOFFER,1,0,1
CHRISTOPFER,1,0,1
CHROSSBIE,1,0,1
CHUBER,1,0,1
CHUCK,1,0,1
CHUMMY,1,0,1
CHUNGUITA,1,0,1
CHUVER,1,0,1
CHYNTHIA,1,0,1
CHYNTIA,1,0,1
CIABER,1,0,1
CIAM,1,0,1
CIAMARA,1,0,1
CIANY,1,0,1
CIAPRIANO,1,0,1
CIARLA,1,0,1
CIBELIS,1,0,1
CIBIAN,1,0,1
CICAYA,1,0,1
CICELIS,1,0,1
CICILIO,1,0,1
CICILLE,1,0,1
CICINIA,1,0,1
CICLAMARICEN,1,0,1
CICLE,1,0,1
CICRI,1,0,1
CICTORIANO,1,0,1
CID,1,0,1
CIDANIA,1,0,1
CIDE,1,0,1
CIDELBERTO,1,0,1
CIDENIA,1,0,1
CIDES,1,0,1
CIDHA,1,0,1
CIDONEA,1,0,1
CIDT,1,0,1
CIDY,1,0,1
CIELA,1,0,1
CIELES,1,0,1
CIELET,1,0,1
CIEN,1,0,1
CIENDA,1,0,1
CIFINIO,1,0,1
CIIRILO,1,0,1
CIJIFREDO,1,0,1
CILANDY,1,0,1
CILAX,1,0,1
CILBANIA,1,0,1
CILDER,1,0,1
CILDIA,1,0,1
CILDINA,1,0,1
CILEX,1,0,1
CILFIDA,1,0,1
CILIANO,1,0,1
CILIAZAR,1,0,1
CILINIO,1,0,1
CILIO,1,0,1
CILMA,1,0,1
CILODILIA,1,0,1
CILREENE,1,0,1
CILSI,1,0,1
CILSIA,1,0,1
CILVER,1,0,1
CILVINO,1,0,1
CILYHAN,1,0,1
CILYN,1,0,1
CIMELY,1,0,1
CIMFOROZO,1,0,1
CIMION,1,0,1
CIMPREDO,1,0,1
CINAIDA,1,0,1
CINCURSICION,1,0,1
CINCY,1,0,1
CINDA,1,0,1
CINDE,1,0,1
CINDERLYN,1,0,1
CINDIE,1,0,1
CINDIRA,1,0,1
CINDITA,1,0,1
CINDOLFO,1,0,1
CINDYA,1,0,1
CINE,1,0,1
CINESIO,1,0,1
CINFORIANO,1,0,1
CINGRIS,1,0,1
CINIAT,1,0,1
CINICIO,1,0,1
CINIFA,1,0,1
CINIMAN,1,0,1
CINTHIAELIZABET,1,0,1
CINTHINA,1,0,1
CINTHIOR,1,0,1
CINTHY,1,0,1
CINTIHA,1,0,1
CINTIO,1,0,1
CINTY,1,0,1
CINTYHA,1,0,1
CINTYIA,1,0,1
CINYA,1,0,1
CINZZIA,1,0,1
CIOMAR,1,0,1
CIONE,1,0,1
CIPREANA,1,0,1
CIPRINO,1,0,1
CIPRIT,1,0,1
CIRAN,1,0,1
CIRCAL,1,0,1
CIRCEN,1,0,1
CIRCI,1,0,1
CIRCU,1,0,1
CIRCUSCICION,1,0,1
CIRIANI,1,0,1
CIRILDA,1,0,1
CIRILIO,1,0,1
CIRINEO,1,0,1
CIRINIA,1,0,1
CIRIS,1,0,1
CIRIY,1,0,1
CIRLEY,1,0,1
CIRLINDE,1,0,1
CIRONIBAR,1,0,1
CIROS,1,0,1
CIRPIANO,1,0,1
CIRSE,1,0,1
CIRSTIAN,1,0,1
CIRTA,1,0,1
CISARY,1,0,1
CISENANDA,1,0,1
CISINIA,1,0,1
CISNY,1,0,1
CISSY,1,0,1
CISTHIAN,1,0,1
CITHA,1,0,1
CITILDE,1,0,1
CITNYA,1,0,1
CITRY,1,0,1
CIVELEZ,1,0,1
CIVERT,1,0,1
CIVIA,1,0,1
CIVILINA,1,0,1
CKEIRY,1,0,1
CKENIA,1,0,1
CKRISTIAN,1,0,1
CKUPERTINO,1,0,1
CLAASINA,1,0,1
CLABA,1,0,1
CLABIA,1,0,1
CLADINA,1,0,1
CLADIO,1,0,1
CLADIVEL,1,0,1
CLAHUDETHE,1,0,1
CLAIBORNE,1,0,1
CLAIDIA,1,0,1
CLAIDINIA,1,0,1
CLAIDINITA,1,0,1
CLAINA,1,0,1
CLAINER,1,0,1
CLAIP,1,0,1
CLAIPI¼A,1,0,1
CLAIRA,1,0,1
CLAIRIS,1,0,1
CLAIXTA,1,0,1
CLANDIA,1,0,1
CLANTILA,1,0,1
CLANTINA,1,0,1
CLARA DE JESUS,1,0,1
CLARAIBELL,1,0,1
CLARAIDA,1,0,1
CLARAMINIA,1,0,1
CLARANCE,1,0,1
CLARANINFA,1,0,1
CLARDIN,1,0,1
CLARDINA,1,0,1
CLAREC,1,0,1
CLARENS,1,0,1
CLARENSE,1,0,1
CLARESABEL,1,0,1
CLARESSY,1,0,1
CLARESY,1,0,1
CLARETTH,1,0,1
CLARIA,1,0,1
CLARIBIA,1,0,1
CLARIC,1,0,1
CLARILDA,1,0,1
CLARINE,1,0,1
CLARITZHA,1,0,1
CLARIX,1,0,1
CLARIZABETH,1,0,1
CLARONIMIA,1,0,1
CLARTY,1,0,1
CLARUTIA,1,0,1
CLASDIN,1,0,1
CLASENTINA,1,0,1
CLASINA,1,0,1
CLATA,1,0,1
CLAUDELL,1,0,1
CLAUDEN,1,0,1
CLAUDETHELIZA,1,0,1
CLAUDIA  MAHELY,1,0,1
CLAUDIA DEL,1,0,1
CLAUDIA JOSEFA,1,0,1
CLAUDIA SORAYA,1,0,1
CLAUDIAARGENTIN,1,0,1
CLAUDIAPATRICIA,1,0,1
CLAUDIDIA,1,0,1
CLAUDILIA,1,0,1
CLAUDINIO,1,0,1
CLAUDIO MIGUEL,1,0,1
CLAUDIOLA,1,0,1
CLAUDYA,1,0,1
CLAURINA,1,0,1
CLAUSIA,1,0,1
CLAUTILDA,1,0,1
CLAUXANIA,1,0,1
CLAVIANA,1,0,1
CLAYRIN,1,0,1
CLAYRIS,1,0,1
CLDY,1,0,1
CLEANTE,1,0,1
CLEANTINA,1,0,1
CLEAR,1,0,1
CLEAVLAND,1,0,1
CLEBIS,1,0,1
CLECERIO,1,0,1
CLEDANIA,1,0,1
CLEDI,1,0,1
CLEDIAN,1,0,1
CLEDIO,1,0,1
CLEDYN,1,0,1
CLEGDY,1,0,1
CLEIDAN,1,0,1
CLEIDER,1,0,1
CLEIDIS,1,0,1
CLEIDY,1,0,1
CLEIMYS,1,0,1
CLEIRIN,1,0,1
CLEISIS,1,0,1
CLEITTER,1,0,1
CLEIVIN,1,0,1
CLELIAM,1,0,1
CLELIEN,1,0,1
CLELIS,1,0,1
CLELYN,1,0,1
CLEMANIA,1,0,1
CLEMBER,1,0,1
CLEMEMTINO,1,0,1
CLEMENCIAS,1,0,1
CLEMENDA,1,0,1
CLEMENSIA,1,0,1
CLEMER,1,0,1
CLEMERS,1,0,1
CLEMEY,1,0,1
CLEMILDA,1,0,1
CLEMINA,1,0,1
CLEMIRA,1,0,1
CLEMMIE,1,0,1
CLEN,1,0,1
CLENA,1,0,1
CLENAT,1,0,1
CLENCY,1,0,1
CLENDIS,1,0,1
CLENIDA,1,0,1
CLENISIA,1,0,1
CLENNER,1,0,1
CLENS,1,0,1
CLENTINO,1,0,1
CLEOANY,1,0,1
CLEOBENA,1,0,1
CLEODALDO,1,0,1
CLEODINA,1,0,1
CLEODY,1,0,1
CLEOFANTO,1,0,1
CLEOFATRA,1,0,1
CLEOFEDES,1,0,1
CLEOFEZ,1,0,1
CLEOFILA,1,0,1
CLEOLAND,1,0,1
CLEOMENES,1,0,1
CLEON,1,0,1
CLEONDINA,1,0,1
CLEONINA,1,0,1
CLEOO,1,0,1
CLEOPA,1,0,1
CLEOPAS,1,0,1
CLEOPATREA,1,0,1
CLEOPE,1,0,1
CLEOSILDA,1,0,1
CLEOTA,1,0,1
CLEOTER,1,0,1
CLEOTILDES,1,0,1
CLEOTILDO,1,0,1
CLEOTY,1,0,1
CLEOVERS,1,0,1
CLEOVIL,1,0,1
CLEPATH,1,0,1
CLEPHANE,1,0,1
CLEREN,1,0,1
CLERENT,1,0,1
CLERENTINA,1,0,1
CLERI,1,0,1
CLERIO,1,0,1
CLERYDA,1,0,1
CLESBIA,1,0,1
CLESIA,1,0,1
CLESTER,1,0,1
CLET,1,0,1
CLETO  SANTOS,1,0,1
CLETO MARCELINO,1,0,1
CLEUDIA,1,0,1
CLEUDINA,1,0,1
CLEVERLAND,1,0,1
CLEVES,1,0,1
CLEVIR,1,0,1
CLEXTAIN,1,0,1
CLEYLAN,1,0,1
CLEYMES,1,0,1
CLEYMI,1,0,1
CLEYMR,1,0,1
CLEYNER,1,0,1
CLEYWER,1,0,1
CLIËA,1,0,1
CLIANA,1,0,1
CLIANTES,1,0,1
CLIBELI,1,0,1
CLIBIAN,1,0,1
CLICIA,1,0,1
CLIDEN,1,0,1
CLIDIA,1,0,1
CLIF,1,0,1
CLIFER,1,0,1
CLIFOL,1,0,1
CLIFOR,1,0,1
CLIFT,1,0,1
CLIMA,1,0,1
CLIMANIA,1,0,1
CLIMENA,1,0,1
CLIMILDO,1,0,1
CLINA,1,0,1
CLIO,1,0,1
CLIONA,1,0,1
CLISELDA,1,0,1
CLISEO,1,0,1
CLITON,1,0,1
CLIVIAN,1,0,1
CLIVILAN,1,0,1
CLIVILON,1,0,1
CLOBAR,1,0,1
CLODEAS,1,0,1
CLODET,1,0,1
CLODETH,1,0,1
CLODETT,1,0,1
CLODIZ,1,0,1
CLODOBALDO,1,0,1
CLODUYN,1,0,1
CLOFO,1,0,1
CLONDETH,1,0,1
CLONDIS,1,0,1
CLONIKI,1,0,1
CLOOFAS,1,0,1
CLOPATRIA,1,0,1
CLORD,1,0,1
CLORDINA,1,0,1
CLORETH,1,0,1
CLORGINIA,1,0,1
CLORI,1,0,1
CLORIA,1,0,1
CLORILENY,1,0,1
CLORIMDA,1,0,1
CLORINARDA,1,0,1
CLORIPA,1,0,1
CLORITA,1,0,1
CLORIZ,1,0,1
CLORNIDA,1,0,1
CLOROMIDO,1,0,1
CLOSE,1,0,1
CLOSVIN,1,0,1
CLOSVINDO,1,0,1
CLOTILDE DEL,1,0,1
CLOTOLDINO,1,0,1
CLOTTY,1,0,1
CLOVALDO,1,0,1
CLOVELAND,1,0,1
CLOVER,1,0,1
CLOVILDA,1,0,1
CLOVY,1,0,1
CLOWDY,1,0,1
CLOYCE,1,0,1
CLOYDIN,1,0,1
CLRA,1,0,1
CLUADIA,1,0,1
CLUD,1,0,1
CLUDY,1,0,1
CLUNY,1,0,1
CLYFORD,1,0,1
CLYNTON,1,0,1
COAEL,1,0,1
COAILKINA,1,0,1
COBIN,1,0,1
COBY,1,0,1
COCA,1,0,1
CODEIR,1,0,1
CODICTA,1,0,1
CODINTA,1,0,1
CODIS,1,0,1
CODWIN,1,0,1
COHNAN,1,0,1
COKIN,1,0,1
COLANS,1,0,1
COLEAN,1,0,1
COLEEN,1,0,1
COLENSO,1,0,1
COLESTO,1,0,1
COLIDECTOR,1,0,1
COLLE,1,0,1
COLLETTE,1,0,1
COLLINS,1,0,1
COLLY,1,0,1
COLLYNG,1,0,1
COLMAR,1,0,1
COLOCHA,1,0,1
COLOMBIA,1,0,1
COLONVO,1,0,1
COLSINA,1,0,1
COLSLOSTER,1,0,1
COLUNBINA,1,0,1
COLUNVINO,1,0,1
COLVEND,1,0,1
COLVI,1,0,1
COMAN,1,0,1
COMAR,1,0,1
COMBERTINA,1,0,1
COMCEPSION,1,0,1
COMEL,1,0,1
COMELINDA,1,0,1
COMENCINA,1,0,1
COMERCINDA,1,0,1
COMINO,1,0,1
COMLUBINA,1,0,1
CONARY,1,0,1
CONCENSA,1,0,1
CONCEPCION DE,1,0,1
CONCEPCIONON,1,0,1
CONCERZA,1,0,1
CONCHALINA,1,0,1
CONDECORADA,1,0,1
CONDITA,1,0,1
CONE,1,0,1
CONECPION,1,0,1
CONEGUNDA,1,0,1
CONFER,1,0,1
CONFESORY,1,0,1
CONFUSIO,1,0,1
CONG,1,0,1
CONIA,1,0,1
CONICIO,1,0,1
CONILIA,1,0,1
CONIMO,1,0,1
CONIS,1,0,1
CONNELY,1,0,1
CONNEY,1,0,1
CONNIA,1,0,1
CONROY,1,0,1
CONSAGRA,1,0,1
CONSAGRADA,1,0,1
CONSANI,1,0,1
CONSEFER,1,0,1
CONSEJO,1,0,1
CONSELZAR,1,0,1
CONSENCIA,1,0,1
CONSEPCCION,1,0,1
CONSEPION,1,0,1
CONSESOR,1,0,1
CONSFORD,1,0,1
CONSITA,1,0,1
CONSOLCIA,1,0,1
CONSTANT,1,0,1
CONSTANTINOS,1,0,1
CONSUEL,1,0,1
CONTIAN,1,0,1
CONTY,1,0,1
CONVERSION,1,0,1
COORKE,1,0,1
COPER,1,0,1
COPH,1,0,1
COPPELIA,1,0,1
COPTERIANO,1,0,1
CORA   DE,1,0,1
CORACELIA,1,0,1
CORACELINA,1,0,1
CORALIADEL,1,0,1
CORALIE,1,0,1
CORANADO,1,0,1
CORANDA,1,0,1
CORAYDA,1,0,1
CORAYDEE,1,0,1
CORAZETH,1,0,1
CORBANA,1,0,1
CORBE,1,0,1
CORBEL,1,0,1
CORBI,1,0,1
CORCILA,1,0,1
CORCIRO,1,0,1
CORDAY,1,0,1
CORDEA,1,0,1
CORDEANO,1,0,1
CORDIA,1,0,1
CORDIANO,1,0,1
CORDILIA,1,0,1
CORENA,1,0,1
CORES,1,0,1
CORICE,1,0,1
CORINA MERCEDES,1,0,1
CORINAYOLIBETH,1,0,1
CORINTON,1,0,1
CORINZA,1,0,1
CORITSA,1,0,1
CORKIE,1,0,1
CORLAN,1,0,1
CORLEN,1,0,1
CORLEY,1,0,1
CORLLIN,1,0,1
CORMENZA,1,0,1
CORNA,1,0,1
CORNALINA,1,0,1
CORNATIN,1,0,1
CORNEL,1,0,1
CORNELI,1,0,1
CORNELL,1,0,1
CORNES,1,0,1
CORNOLITA,1,0,1
CORNOME,1,0,1
CORNY,1,0,1
COROL,1,0,1
CORRANDO,1,0,1
CORSINDIA,1,0,1
CORVIO,1,0,1
CORYELL,1,0,1
COSALIA,1,0,1
COSBERTH,1,0,1
COSEPSION,1,0,1
COSIAS,1,0,1
COSLIN,1,0,1
COSMAN,1,0,1
COSMEZ,1,0,1
COSMHE,1,0,1
COSMIN,1,0,1
COSMIRA,1,0,1
COSMO,1,0,1
COSMY,1,0,1
COSPI,1,0,1
COSSET,1,0,1
COSTAHS,1,0,1
COSTANTINA,1,0,1
COSTANZA,1,0,1
COSTER,1,0,1
COSTMORE,1,0,1
COSTORIA,1,0,1
COSVIN,1,0,1
COTALINA,1,0,1
COTILA,1,0,1
COULROSE,1,0,1
COVIA,1,0,1
COVILLA,1,0,1
COVIN,1,0,1
COYINA,1,0,1
COZBI,1,0,1
CRADI,1,0,1
CRAINULIA,1,0,1
CRAN,1,0,1
CRAPUD,1,0,1
CRARIBEL,1,0,1
CREANA,1,0,1
CREBIL,1,0,1
CREBIS,1,0,1
CRECELINA,1,0,1
CRECELIO,1,0,1
CRECIA,1,0,1
CRECILDITA,1,0,1
CREESENCIO,1,0,1
CRELIA,1,0,1
CREMELINDA,1,0,1
CREMENCIA,1,0,1
CREMIS,1,0,1
CRENCELIA,1,0,1
CRENECIA,1,0,1
CRENISTA,1,0,1
CRENOBE,1,0,1
CRENY,1,0,1
CREOFE,1,0,1
CREONADA,1,0,1
CREONDINA,1,0,1
CRESCENSIA,1,0,1
CRESECENCIA,1,0,1
CRESENCIANA,1,0,1
CRESENTINO,1,0,1
CRESILDA,1,0,1
CRESINORO,1,0,1
CRESMILDA,1,0,1
CRESMILINDA,1,0,1
CRESON,1,0,1
CRESPINIO,1,0,1
CREST,1,0,1
CRESTELA,1,0,1
CRESTENECIA,1,0,1
CRESTHEL,1,0,1
CRESTHIAM,1,0,1
CRESTINA,1,0,1
CRESTLER,1,0,1
CRETY,1,0,1
CREY,1,0,1
CREYSI,1,0,1
CREZANA,1,0,1
CRICELA,1,0,1
CRICENIA,1,0,1
CRICIA,1,0,1
CRICTELIA,1,0,1
CRIFINA,1,0,1
CRIGSA,1,0,1
CRIMALIA,1,0,1
CRIMINIO,1,0,1
CRIMSON,1,0,1
CRIMY,1,0,1
CRINA,1,0,1
CRINICIA,1,0,1
CRINILO,1,0,1
CRIOTILDE,1,0,1
CRIPILA,1,0,1
CRIPIN,1,0,1
CRIPSA,1,0,1
CRISANTENIA,1,0,1
CRISAS,1,0,1
CRISBELA,1,0,1
CRISBI,1,0,1
CRISBIA,1,0,1
CRISBY,1,0,1
CRISCIA,1,0,1
CRISCINA,1,0,1
CRISEIDY,1,0,1
CRISELIDA,1,0,1
CRISHTIAN,1,0,1
CRISILDO,1,0,1
CRISLENY,1,0,1
CRISMALDY,1,0,1
CRISMAN,1,0,1
CRISMI,1,0,1
CRISMILINDA,1,0,1
CRISNA,1,0,1
CRISNY,1,0,1
CRISOBANO,1,0,1
CRISOLDINA,1,0,1
CRISOLGA,1,0,1
CRISOLIA,1,0,1
CRISOLNY,1,0,1
CRISOLO,1,0,1
CRISOLOGIA,1,0,1
CRISPA,1,0,1
CRISPILDO,1,0,1
CRISPINIO,1,0,1
CRISPRIANA,1,0,1
CRISQUELLA,1,0,1
CRISSEL,1,0,1
CRISSLY,1,0,1
CRISSMA,1,0,1
CRISSTOFER,1,0,1
CRISTABELA,1,0,1
CRISTABELLA,1,0,1
CRISTALAINA,1,0,1
CRISTALIA,1,0,1
CRISTALINO,1,0,1
CRISTALY,1,0,1
CRISTAM,1,0,1
CRISTAN,1,0,1
CRISTANICIA,1,0,1
CRISTEDIA,1,0,1
CRISTELDA,1,0,1
CRISTEN,1,0,1
CRISTERIA,1,0,1
CRISTHELA,1,0,1
CRISTHER,1,0,1
CRISTHIA,1,0,1
CRISTHIANE,1,0,1
CRISTHOPER,1,0,1
CRISTHOPFER,1,0,1
CRISTIAMS,1,0,1
CRISTIAN D,1,0,1
CRISTIAND,1,0,1
CRISTIANELA,1,0,1
CRISTIBETH,1,0,1
CRISTIHAN,1,0,1
CRISTIHANM,1,0,1
CRISTILINE,1,0,1
CRISTILLA,1,0,1
CRISTIMARIA,1,0,1
CRISTINA  MARIA,1,0,1
CRISTINA DE JES,1,0,1
CRISTINA MARIA,1,0,1
CRISTINA<,1,0,1
CRISTLAINA,1,0,1
CRISTOBAL DE JE,1,0,1
CRISTOBELLA,1,0,1
CRISTOEL,1,0,1
CRISTOLINA,1,0,1
CRISTOSTIMO,1,0,1
CRISTTIAN,1,0,1
CRISVI,1,0,1
CRISVIN,1,0,1
CRITELA,1,0,1
CRITINO,1,0,1
CRITSA,1,0,1
CRIVELY,1,0,1
CRIX,1,0,1
CRIXSA,1,0,1
CRIZALEA,1,0,1
CRIZANTA,1,0,1
CRIZZLY,1,0,1
CRMEN,1,0,1
CROCAPIO,1,0,1
CRODBIN,1,0,1
CRODOBALDO,1,0,1
CROKS,1,0,1
CRONIDELA,1,0,1
CRONILDA,1,0,1
CRORVIN,1,0,1
CROSBIE,1,0,1
CROSBIN,1,0,1
CROSDEILL,1,0,1
CROSILIA,1,0,1
CROSILPINA,1,0,1
CROSLY,1,0,1
CROSMAN,1,0,1
CROSSBY,1,0,1
CROTADIO,1,0,1
CROUSE,1,0,1
CROVIS,1,0,1
CRSENCIA,1,0,1
CRSITINA,1,0,1
CRSITOBAL,1,0,1
CRUCELIA,1,0,1
CRUCIA,1,0,1
CRUCIBEL,1,0,1
CRUCILDA,1,0,1
CRUCILIA,1,0,1
CRUCINA,1,0,1
CRUGER,1,0,1
CRUS DEL CARMEN,1,0,1
CRUSANTA,1,0,1
CRUSELAINA,1,0,1
CRUSELINA,1,0,1
CRUSELVA,1,0,1
CRUSINDA,1,0,1
CRUSSILA,1,0,1
CRUSULPINA,1,0,1
CRUSVELINDA,1,0,1
CRUZ PORFIRIO,1,0,1
CRUZLECTI,1,0,1
CRUZMARIA,1,0,1
CRYSLER,1,0,1
CRYSTELL,1,0,1
CRYSTHIAN,1,0,1
CRYSTY,1,0,1
CUARLES,1,0,1
CUAWALTER,1,0,1
CUBA,1,0,1
CUBANA,1,0,1
CUBERTINA,1,0,1
CUBERTO,1,0,1
CUCTAVER,1,0,1
CUDALINA,1,0,1
CUELIA,1,0,1
CUINDA,1,0,1
CUINSY,1,0,1
CULPA,1,0,1
CULROSE,1,0,1
CUMAR,1,0,1
CUNERYS,1,0,1
CUNI,1,0,1
CURBELO,1,0,1
CURD,1,0,1
CURK,1,0,1
CURLETT,1,0,1
CURLEY,1,0,1
CURLINE,1,0,1
CURLY,1,0,1
CURTER,1,0,1
CURTESS,1,0,1
CURWOOD,1,0,1
CUSITA,1,0,1
CUSTACIA,1,0,1
CUSTAVO,1,0,1
CUSTER,1,0,1
CUTBERTA,1,0,1
CUTBERTO,1,0,1
CUTHBERT,1,0,1
CUVIER,1,0,1
CYD,1,0,1
CYIPS,1,0,1
CYLIA,1,0,1
CYLIS,1,0,1
CYNDIE,1,0,1
CYNDINA,1,0,1
CYNTEA,1,0,1
CYNTIHA,1,0,1
CYRA,1,0,1
CYRIACO,1,0,1
CYRIAN,1,0,1
CYUGAN,1,0,1
DAÑANI,1,0,1
DAËALINA,1,0,1
DAAYSI,1,0,1
DAAYSY,1,0,1
DABBYS,1,0,1
DABEIVA,1,0,1
DABERTO,1,0,1
DABIA,1,0,1
DABIAN,1,0,1
DABIEL,1,0,1
DABIN,1,0,1
DABINIA,1,0,1
DABIO,1,0,1
DABISLIA,1,0,1
DABNEY,1,0,1
DABNY,1,0,1
DABRA,1,0,1
DABYD,1,0,1
DABYS,1,0,1
DACCI,1,0,1
DACI,1,0,1
DACNE,1,0,1
DACSANA,1,0,1
DACUS,1,0,1
DACY,1,0,1
DACYA,1,0,1
DAD,1,0,1
DADALBERTO,1,0,1
DADALID,1,0,1
DADAY,1,0,1
DADEY,1,0,1
DADIMER,1,0,1
DADISSA,1,0,1
DADKY,1,0,1
DADMI,1,0,1
DADMY,1,0,1
DADNE,1,0,1
DADOMIN,1,0,1
DADONY,1,0,1
DADUVY,1,0,1
DADYS,1,0,1
DAEDERIT,1,0,1
DAELICIANA,1,0,1
DAETZ,1,0,1
DAFFEEN,1,0,1
DAFFME,1,0,1
DAFHNE,1,0,1
DAFHNEE,1,0,1
DAFIENE,1,0,1
DAFLIN,1,0,1
DAFNA,1,0,1
DAFNIE,1,0,1
DAFRE,1,0,1
DAFRY,1,0,1
DAGGOBERTO,1,0,1
DAGIYZ,1,0,1
DAGLIS,1,0,1
DAGLYS,1,0,1
DAGNELIA,1,0,1
DAGNELY,1,0,1
DAGNER,1,0,1
DAGNIE,1,0,1
DAGNIS,1,0,1
DAGNNY,1,0,1
DAGO  BERTO,1,0,1
DAGOBERO,1,0,1
DAGOBERTHO,1,0,1
DAGOFREDO,1,0,1
DAGORTO,1,0,1
DAGSON,1,0,1
DAGUALBERTO,1,0,1
DAGUIDA,1,0,1
DAHAMARIS,1,0,1
DAHIANA,1,0,1
DAHILIA,1,0,1
DAHISY,1,0,1
DAHYSIS,1,0,1
DAIAS,1,0,1
DAICI,1,0,1
DAICIY,1,0,1
DAIDE,1,0,1
DAIELA,1,0,1
DAIEY,1,0,1
DAIGUTH,1,0,1
DAIL,1,0,1
DAILAINA,1,0,1
DAILEN,1,0,1
DAILER,1,0,1
DAILIZ,1,0,1
DAIMLER,1,0,1
DAIMY,1,0,1
DAINELIA,1,0,1
DAINNA,1,0,1
DAIPI,1,0,1
DAIRAN,1,0,1
DAIRON,1,0,1
DAISELINA,1,0,1
DAISIA,1,0,1
DAISLAGO,1,0,1
DAISY DEL CARME,1,0,1
DAISY ESPERANZA,1,0,1
DAISYLEE,1,0,1
DAITHA,1,0,1
DAIVY,1,0,1
DAIYIS,1,0,1
DAIZY,1,0,1
DAKARET,1,0,1
DAKHNET,1,0,1
DAKLINA,1,0,1
DALADIEL,1,0,1
DALAURA,1,0,1
DALBARCENIA,1,0,1
DALBI,1,0,1
DALBRE,1,0,1
DALCE,1,0,1
DALCIA,1,0,1
DALECT,1,0,1
DALEILA,1,0,1
DALEISY,1,0,1
DALELYS,1,0,1
DALERMO,1,0,1
DALESIS,1,0,1
DALFORD,1,0,1
DALGUIZ,1,0,1
DALIDES,1,0,1
DALIES,1,0,1
DALIESY,1,0,1
DALIG,1,0,1
DALILDA,1,0,1
DALILIAN,1,0,1
DALILLA,1,0,1
DALING,1,0,1
DALINS,1,0,1
DALINTHON,1,0,1
DALISLE,1,0,1
DALISSE,1,0,1
DALIVER,1,0,1
DALKIN,1,0,1
DALLEL,1,0,1
DALLICE,1,0,1
DALLIN,1,0,1
DALLOMA,1,0,1
DALLY,1,0,1
DALLYS,1,0,1
DALMACIO,1,0,1
DALMIA,1,0,1
DALMIM,1,0,1
DALMIS,1,0,1
DALMIX,1,0,1
DALO,1,0,1
DALPUS,1,0,1
DALSIRA,1,0,1
DALSYS,1,0,1
DALVALI,1,0,1
DALVER,1,0,1
DALVY,1,0,1
DALWIN,1,0,1
DALYN,1,0,1
DALYSSE,1,0,1
DAMA,1,0,1
DAMAIS,1,0,1
DAMALY,1,0,1
DAMAMRIS,1,0,1
DAMANDA,1,0,1
DAMANIA,1,0,1
DAMARIO,1,0,1
DAMARIS DE LA,1,0,1
DAMARRIS,1,0,1
DAMARYZ,1,0,1
DAMASEO,1,0,1
DAMASIANO,1,0,1
DAMASIS,1,0,1
DAMAYS,1,0,1
DAMIËA,1,0,1
DAMIAM,1,0,1
DAMICELI,1,0,1
DAMIDES,1,0,1
DAMIES,1,0,1
DAMIL,1,0,1
DAMILA,1,0,1
DAMILIA,1,0,1
DAMINA ANGELICA,1,0,1
DAMING,1,0,1
DAMIRIA,1,0,1
DAMISEL,1,0,1
DAMISELDA,1,0,1
DAMITAS,1,0,1
DAMLY,1,0,1
DAMMARIS,1,0,1
DAMMON,1,0,1
DAMNA,1,0,1
DAMNI,1,0,1
DAMNIKAY,1,0,1
DAMNILO,1,0,1
DAMNIRIAN,1,0,1
DAMOCLES,1,0,1
DAMON,1,0,1
DAMOUND,1,0,1
DAMYANZO,1,0,1
DANACIO,1,0,1
DANAEE,1,0,1
DANAIDA,1,0,1
DANAIRA,1,0,1
DANALID,1,0,1
DANALSIN,1,0,1
DANAS,1,0,1
DANATILO,1,0,1
DANCAN,1,0,1
DANCIA,1,0,1
DANCILBERTO,1,0,1
DANCLIN,1,0,1
DANDER,1,0,1
DANDILIO,1,0,1
DANDIS,1,0,1
DANDRIDGE,1,0,1
DANECI,1,0,1
DANEIS,1,0,1
DANELCI,1,0,1
DANELEA,1,0,1
DANELIAA,1,0,1
DANELLI,1,0,1
DANELLIA,1,0,1
DANERE,1,0,1
DANESIE,1,0,1
DANEX,1,0,1
DANEYDY,1,0,1
DANEYRA,1,0,1
DANFORD,1,0,1
DANGER,1,0,1
DANGLE,1,0,1
DANGNI,1,0,1
DANGNIZ,1,0,1
DANGRY,1,0,1
DANHNY,1,0,1
DANIA DEL,1,0,1
DANIANA,1,0,1
DANIANGELA,1,0,1
DANIC,1,0,1
DANIEA,1,0,1
DANIEL  ALBERTO,1,0,1
DANIEL ALFONSO,1,0,1
DANIEL SANTOS,1,0,1
DANIELA MARIA,1,0,1
DANIELANTONIO,1,0,1
DANIEN,1,0,1
DANIERES,1,0,1
DANIERYS,1,0,1
DANIEZ,1,0,1
DANIK,1,0,1
DANILO DE JESUS,1,0,1
DANILTO,1,0,1
DANILVIA,1,0,1
DANIN,1,0,1
DANINELIS,1,0,1
DANION,1,0,1
DANIOR,1,0,1
DANIRIAM,1,0,1
DANIVET,1,0,1
DANIX,1,0,1
DANIY,1,0,1
DANKY,1,0,1
DANLA,1,0,1
DANLER,1,0,1
DANLID,1,0,1
DANLILA,1,0,1
DANLIN,1,0,1
DANLINA,1,0,1
DANLIS,1,0,1
DANLYS,1,0,1
DANMA,1,0,1
DANMARI,1,0,1
DANMIA,1,0,1
DANMIS,1,0,1
DANNAD,1,0,1
DANNEL,1,0,1
DANNELL,1,0,1
DANNIELA,1,0,1
DANOVAL,1,0,1
DANOVIA,1,0,1
DANRI,1,0,1
DANRY,1,0,1
DANSMO,1,0,1
DANSNI,1,0,1
DANTAN,1,0,1
DANTIN,1,0,1
DANTIS,1,0,1
DANUARI,1,0,1
DANULIA,1,0,1
DANWELY,1,0,1
DANYN,1,0,1
DANYSS,1,0,1
DANZA,1,0,1
DAODEL,1,0,1
DAONIN,1,0,1
DAPANIE,1,0,1
DAPHINE,1,0,1
DAPHNEE,1,0,1
DAPHNIE,1,0,1
DAPNEY,1,0,1
DARBELINA,1,0,1
DARBELIS,1,0,1
DARBI,1,0,1
DARBRIN,1,0,1
DARBYN,1,0,1
DARCA,1,0,1
DARCELL,1,0,1
DARCHER,1,0,1
DARCIE,1,0,1
DARCISA,1,0,1
DARCYS,1,0,1
DARDA,1,0,1
DARDALINA,1,0,1
DARDUN,1,0,1
DARDWING,1,0,1
DARELIA,1,0,1
DARG_IN,1,0,1
DARGELINA,1,0,1
DARGEN,1,0,1
DARGINO,1,0,1
DARGUI,1,0,1
DARGUN,1,0,1
DARGUYS,1,0,1
DARHUIN,1,0,1
DARHWIN,1,0,1
DARIC,1,0,1
DARICZY,1,0,1
DARIDA,1,0,1
DARIEGO,1,0,1
DARILDO,1,0,1
DARINELA,1,0,1
DARING,1,0,1
DARINTON,1,0,1
DARIONN,1,0,1
DARIRA,1,0,1
DARISEL,1,0,1
DARISLADO,1,0,1
DARISVALDO,1,0,1
DARIT,1,0,1
DARIXA,1,0,1
DARIXSA,1,0,1
DARKIS,1,0,1
DARKLIN,1,0,1
DARKUIN,1,0,1
DARKUIS,1,0,1
DARLAH,1,0,1
DARLAS,1,0,1
DARLE,1,0,1
DARLEE,1,0,1
DARLEENG,1,0,1
DARLEHANEG,1,0,1
DARLEXIS,1,0,1
DARLIAN,1,0,1
DARLIANE,1,0,1
DARLID,1,0,1
DARLIG,1,0,1
DARLIGN,1,0,1
DARLIM,1,0,1
DARLINS,1,0,1
DARLINSON,1,0,1
DARLINTAN,1,0,1
DARLINW,1,0,1
DARLINY,1,0,1
DARLO,1,0,1
DARLYTON,1,0,1
DARMALINA,1,0,1
DARMAN,1,0,1
DARME,1,0,1
DARMIRIO,1,0,1
DARMIS,1,0,1
DARNA,1,0,1
DARNALEE,1,0,1
DARNES,1,0,1
DARNILL,1,0,1
DARNLEY,1,0,1
DAROLFA,1,0,1
DARONA,1,0,1
DARONILA,1,0,1
DARRAL,1,0,1
DARREEN,1,0,1
DARRETT,1,0,1
DARRIE,1,0,1
DARRIN,1,0,1
DARRIS,1,0,1
DARRVIN,1,0,1
DARRYSEN,1,0,1
DARRYSIN,1,0,1
DARSEY,1,0,1
DARSIA,1,0,1
DARSO,1,0,1
DARSYS,1,0,1
DARUVVIN,1,0,1
DARVEL,1,0,1
DARVELINA,1,0,1
DARVI,1,0,1
DARVID,1,0,1
DARVIZ,1,0,1
DARVYN,1,0,1
DARWHIN,1,0,1
DARWIIN,1,0,1
DARWIL,1,0,1
DARWIN HEIN,1,0,1
DARWINANTONIO,1,0,1
DARWINELI,1,0,1
DARWINGA,1,0,1
DARWINGH,1,0,1
DARWIT,1,0,1
DARWYNS,1,0,1
DARYELA,1,0,1
DARYI,1,0,1
DASAIRA,1,0,1
DASBEL,1,0,1
DASELY,1,0,1
DASILVIO,1,0,1
DASMAR,1,0,1
DASNIA,1,0,1
DASPHNEE,1,0,1
DASSI,1,0,1
DASSNY,1,0,1
DASSY,1,0,1
DASWIN,1,0,1
DASY   YANIRIAN,1,0,1
DASYI,1,0,1
DAT,1,0,1
DATOS DE,1,0,1
DATRI,1,0,1
DAUBIN,1,0,1
DAUDY,1,0,1
DAUGNO,1,0,1
DAUGRIN,1,0,1
DAULITA,1,0,1
DAUNA,1,0,1
DAUNI,1,0,1
DAUNIG,1,0,1
DAUNIN,1,0,1
DAUNIS,1,0,1
DAUNNY,1,0,1
DAURA,1,0,1
DAURIS,1,0,1
DAUTERIA,1,0,1
DAUVIN,1,0,1
DAVAO,1,0,1
DAVED,1,0,1
DAVEIVA,1,0,1
DAVERLY,1,0,1
DAVEYBA,1,0,1
DAVEYDEE,1,0,1
DAVGUIL,1,0,1
DAVID ALEJANDRO,1,0,1
DAVIDQ,1,0,1
DAVINTHON,1,0,1
DAVRIN,1,0,1
DAWARD,1,0,1
DAWEI,1,0,1
DAWILL,1,0,1
DAWIR,1,0,1
DAWIS,1,0,1
DAWNI,1,0,1
DAWYN,1,0,1
DAWYNG,1,0,1
DAXAMAR,1,0,1
DAXI,1,0,1
DAXINIA,1,0,1
DAXIS,1,0,1
DAXNY,1,0,1
DAXZENON,1,0,1
DAYAHNA,1,0,1
DAYANARY,1,0,1
DAYANLING,1,0,1
DAYANNA,1,0,1
DAYAR,1,0,1
DAYAS,1,0,1
DAYBE,1,0,1
DAYBEES,1,0,1
DAYBIN,1,0,1
DAYCCE,1,0,1
DAYCIS,1,0,1
DAYDY,1,0,1
DAYEHER,1,0,1
DAYEL,1,0,1
DAYERS,1,0,1
DAYISI,1,0,1
DAYISY,1,0,1
DAYKER,1,0,1
DAYLAN,1,0,1
DAYLIBIS,1,0,1
DAYLIBYS,1,0,1
DAYLY,1,0,1
DAYLYBIS,1,0,1
DAYMOND,1,0,1
DAYMORE,1,0,1
DAYN,1,0,1
DAYNNA,1,0,1
DAYNNI,1,0,1
DAYRAMITZA,1,0,1
DAYREN,1,0,1
DAYRIELA,1,0,1
DAYRION,1,0,1
DAYRO,1,0,1
DAYS,1,0,1
DAYSCE,1,0,1
DAYSILINA,1,0,1
DAYSIMINIA,1,0,1
DAYTRI,1,0,1
DAYYANARA,1,0,1
DAZME,1,0,1
DAZMI,1,0,1
DAZNE,1,0,1
DAZZLE,1,0,1
DE  FAN,1,0,1
DEABYS,1,0,1
DEACELDA,1,0,1
DEADELINA,1,0,1
DEAFREDO,1,0,1
DEAGRACIA,1,0,1
DEAIRIS,1,0,1
DEALEX,1,0,1
DEALTA,1,0,1
DEAM,1,0,1
DEAMNE,1,0,1
DEANED,1,0,1
DEANEE,1,0,1
DEANNA,1,0,1
DEANY,1,0,1
DEARWIN,1,0,1
DEASR,1,0,1
DEASSY,1,0,1
DEAVERT,1,0,1
DEAYSE,1,0,1
DEAYSEE,1,0,1
DEBBEI,1,0,1
DEBBI,1,0,1
DEBBIA,1,0,1
DEBBIC,1,0,1
DEBBIN,1,0,1
DEBBIR,1,0,1
DEBBIS,1,0,1
DEBEE,1,0,1
DEBELIS,1,0,1
DEBER,1,0,1
DEBIER,1,0,1
DEBIN,1,0,1
DEBING,1,0,1
DEBIOLIN,1,0,1
DEBITA,1,0,1
DEBLIS,1,0,1
DEBON,1,0,1
DEBORATH,1,0,1
DEBORIE,1,0,1
DEBREY,1,0,1
DEBS,1,0,1
DEBSY,1,0,1
DEBUEN,1,0,1
DEBYN,1,0,1
DECALINA,1,0,1
DECAR,1,0,1
DECCIA,1,0,1
DECCY,1,0,1
DECELINA,1,0,1
DECEXE,1,0,1
DECIA,1,0,1
DECIDANIA,1,0,1
DECIDE,1,0,1
DECILIA,1,0,1
DECILINA,1,0,1
DECKSY,1,0,1
DECLITA,1,0,1
DECNIS,1,0,1
DECNY,1,0,1
DECNYS,1,0,1
DECSNY,1,0,1
DECSYMA,1,0,1
DECSYS,1,0,1
DECTER,1,0,1
DECTOR,1,0,1
DECXIN,1,0,1
DECXOMINA,1,0,1
DECYA,1,0,1
DEDDY,1,0,1
DEDEA,1,0,1
DEDELMIRO,1,0,1
DEDERICO,1,0,1
DEDIAR,1,0,1
DEDID,1,0,1
DEDILBIA,1,0,1
DEDILIA,1,0,1
DEDITH,1,0,1
DEDMI,1,0,1
DEDMIS,1,0,1
DEDSY,1,0,1
DEDUANY,1,0,1
DEDUEMI,1,0,1
DEDVIN,1,0,1
DEENELL,1,0,1
DEENIA,1,0,1
DEENIE,1,0,1
DEERECK,1,0,1
DEEROBITA,1,0,1
DEERWEN,1,0,1
DEESIN,1,0,1
DEEYSI,1,0,1
DEFET,1,0,1
DEFILO,1,0,1
DEFIN,1,0,1
DEFINA,1,0,1
DEFRIN,1,0,1
DEGCI,1,0,1
DEGHY,1,0,1
DEGLA,1,0,1
DEGLY,1,0,1
DEGNIA,1,0,1
DEGNIN,1,0,1
DEGNYS,1,0,1
DEGSES,1,0,1
DEGUARTE,1,0,1
DEHIBY,1,0,1
DEHINES,1,0,1
DEHISI,1,0,1
DEHISY,1,0,1
DEHNIS,1,0,1
DEHYSY,1,0,1
DEIBEN,1,0,1
DEIBINSON,1,0,1
DEICEN,1,0,1
DEICINELA,1,0,1
DEICINELI,1,0,1
DEIDAD,1,0,1
DEIDE,1,0,1
DEIDES,1,0,1
DEIDUBINA,1,0,1
DEIE,1,0,1
DEIFY,1,0,1
DEIKENS,1,0,1
DEILCIA,1,0,1
DEILE,1,0,1
DEILEN,1,0,1
DEILER,1,0,1
DEILID,1,0,1
DEILYS,1,0,1
DEIMA,1,0,1
DEIME,1,0,1
DEIMES,1,0,1
DEIMUNDO,1,0,1
DEIMYS,1,0,1
DEINAR,1,0,1
DEINEL,1,0,1
DEINES,1,0,1
DEINIA,1,0,1
DEINMY,1,0,1
DEINNIG,1,0,1
DEINOR,1,0,1
DEINS,1,0,1
DEINYS,1,0,1
DEIPSY,1,0,1
DEIRLY,1,0,1
DEIRY,1,0,1
DEISAN,1,0,1
DEISCI,1,0,1
DEISEN,1,0,1
DEISHY,1,0,1
DEISSE,1,0,1
DEITHER,1,0,1
DEIVEN,1,0,1
DEIVID,1,0,1
DEIVIR,1,0,1
DEIVIT,1,0,1
DEIYSE,1,0,1
DEIYSIS,1,0,1
DEIYXI,1,0,1
DEJOSE,1,0,1
DEKAR,1,0,1
DEKLIN,1,0,1
DEKY,1,0,1
DELADIO,1,0,1
DELAINA,1,0,1
DELAMIN,1,0,1
DELASKAR,1,0,1
DELAYA,1,0,1
DELBERTH,1,0,1
DELBERTINA,1,0,1
DELBRICH,1,0,1
DELBYS,1,0,1
DELBYSS,1,0,1
DELCALBA,1,0,1
DELCE,1,0,1
DELCENIA,1,0,1
DELCINA,1,0,1
DELCITA,1,0,1
DELCIX,1,0,1
DELCYS,1,0,1
DELCYYOLANY,1,0,1
DELE,1,0,1
DELEANA,1,0,1
DELEDDA,1,0,1
DELEDIS,1,0,1
DELEE,1,0,1
DELEIDA,1,0,1
DELEINA,1,0,1
DELEIS,1,0,1
DELELITA,1,0,1
DELENA,1,0,1
DELENY,1,0,1
DELESMY,1,0,1
DELESTINA,1,0,1
DELESTO,1,0,1
DELET,1,0,1
DELEXY,1,0,1
DELFICINA,1,0,1
DELFINIA,1,0,1
DELFIO,1,0,1
DELFIR,1,0,1
DELFIRIO,1,0,1
DELGADILLO,1,0,1
DELGADIO,1,0,1
DELGADO,1,0,1
DELGANA,1,0,1
DELGIN,1,0,1
DELHIN,1,0,1
DELHY,1,0,1
DELIA GLORIA,1,0,1
DELIA MELANIA,1,0,1
DELIAIME,1,0,1
DELIAM,1,0,1
DELIAN,1,0,1
DELIANI,1,0,1
DELIBIN,1,0,1
DELICE,1,0,1
DELICIANA,1,0,1
DELICY,1,0,1
DELIDERIO,1,0,1
DELIDIA,1,0,1
DELIDO,1,0,1
DELIET,1,0,1
DELIGNA,1,0,1
DELIKA,1,0,1
DELILA,1,0,1
DELILIA,1,0,1
DELIM,1,0,1
DELIMIN,1,0,1
DELIMNA,1,0,1
DELINGER,1,0,1
DELINTINA,1,0,1
DELIPA,1,0,1
DELITINA,1,0,1
DELLI,1,0,1
DELLIS,1,0,1
DELMARE,1,0,1
DELMARI,1,0,1
DELMAS,1,0,1
DELMEL,1,0,1
DELMENTINA,1,0,1
DELMERA,1,0,1
DELMERIDAN,1,0,1
DELMETINA,1,0,1
DELMEX,1,0,1
DELMEY,1,0,1
DELMHA,1,0,1
DELMICENIA,1,0,1
DELMID,1,0,1
DELMIDES,1,0,1
DELMIRES,1,0,1
DELMIS RAMONA,1,0,1
DELMIX,1,0,1
DELMIY,1,0,1
DELMORE,1,0,1
DELMRE,1,0,1
DELMY    AMPARO,1,0,1
DELNARDO,1,0,1
DELNID,1,0,1
DELNIN,1,0,1
DELNIR,1,0,1
DELNIS,1,0,1
DELOILA,1,0,1
DELONIO,1,0,1
DELORITA,1,0,1
DELOS,1,0,1
DELPA,1,0,1
DELPHIA,1,0,1
DELPIDIA,1,0,1
DELPSI,1,0,1
DELRIE,1,0,1
DELRIS,1,0,1
DELSAFLOR,1,0,1
DELSAMINA,1,0,1
DELSHY,1,0,1
DELSINA,1,0,1
DELSIR,1,0,1
DELSITA,1,0,1
DELSSI,1,0,1
DELSY MERCEDES,1,0,1
DELTHEY,1,0,1
DELTIN,1,0,1
DELTRUDE,1,0,1
DELUVINIA,1,0,1
DELVAR,1,0,1
DELVERTH,1,0,1
DELVIANA,1,0,1
DELVIDA,1,0,1
DELVIDIA,1,0,1
DELVIX,1,0,1
DELVIZ,1,0,1
DELXI,1,0,1
DELXY,1,0,1
DELYCIA,1,0,1
DELYMI,1,0,1
DELYZ,1,0,1
DELZAR,1,0,1
DELZI,1,0,1
DEMA,1,0,1
DEMARINA,1,0,1
DEMAS,1,0,1
DEMELDINO,1,0,1
DEMETREA,1,0,1
DEMETRIOMETRIO,1,0,1
DEMETRIS,1,0,1
DEMETRO,1,0,1
DEMEYRIA,1,0,1
DEMIL,1,0,1
DEMIN,1,0,1
DEMIRA,1,0,1
DEMISIO,1,0,1
DEMLY,1,0,1
DEMNI,1,0,1
DEMNYS,1,0,1
DEMOCRATES,1,0,1
DEMOSTRENES,1,0,1
DEMOTRIA,1,0,1
DEMS,1,0,1
DEMSEN,1,0,1
DEMSIKA,1,0,1
DEMSITO,1,0,1
DEMSYL,1,0,1
DEMUEL,1,0,1
DENADIN,1,0,1
DENALICIA,1,0,1
DENALU,1,0,1
DENBY,1,0,1
DENCEN,1,0,1
DENCEY,1,0,1
DENCID,1,0,1
DENCIO,1,0,1
DENDICACION,1,0,1
DENDY,1,0,1
DENEBI,1,0,1
DENECIO,1,0,1
DENEEN,1,0,1
DENEIGH,1,0,1
DENESILA,1,0,1
DENESILDA,1,0,1
DENESSY,1,0,1
DENEST,1,0,1
DENETT,1,0,1
DENGNI,1,0,1
DENIA XIOMARA,1,0,1
DENIALING,1,0,1
DENIBILL,1,0,1
DENICET,1,0,1
DENICY,1,0,1
DENID,1,0,1
DENIDA,1,0,1
DENIEE,1,0,1
DENIER,1,0,1
DENILSON,1,0,1
DENIRES,1,0,1
DENIS DE,1,0,1
DENIS FRANCISCO,1,0,1
DENISARDI,1,0,1
DENISOMAR,1,0,1
DENISSI,1,0,1
DENISSIA,1,0,1
DENIST,1,0,1
DENISY,1,0,1
DENIXA,1,0,1
DENIY,1,0,1
DENIZZ,1,0,1
DENLIS,1,0,1
DENMARK,1,0,1
DENMIA,1,0,1
DENMO,1,0,1
DENNA,1,0,1
DENNAN,1,0,1
DENNEY,1,0,1
DENNIES,1,0,1
DENNIISS,1,0,1
DENNISOMAR,1,0,1
DENNISON,1,0,1
DENNIZ,1,0,1
DENNOS,1,0,1
DENNUS,1,0,1
DENNYA,1,0,1
DENNYSON,1,0,1
DENNYSS,1,0,1
DENNYZ,1,0,1
DENODILIA,1,0,1
DENOGACIANO,1,0,1
DENOHAN,1,0,1
DENORIX,1,0,1
DENOVA,1,0,1
DENPSIS,1,0,1
DENRRI,1,0,1
DENSE,1,0,1
DENSIN,1,0,1
DENSIR,1,0,1
DENSITO,1,0,1
DENSLA,1,0,1
DENSYL,1,0,1
DENSYS,1,0,1
DENUARD,1,0,1
DENUAS,1,0,1
DENUBIA,1,0,1
DENUHAR,1,0,1
DENUICH,1,0,1
DENUITH,1,0,1
DENUWARD,1,0,1
DENVOURY,1,0,1
DENWAR,1,0,1
DENWORTH,1,0,1
DENYCET,1,0,1
DENYSS,1,0,1
DENZEL,1,0,1
DENZIT,1,0,1
DENZO,1,0,1
DEOBALDO,1,0,1
DEOBEDIS,1,0,1
DEOCLECIANO,1,0,1
DEODALMA,1,0,1
DEODATO,1,0,1
DEODOLINDA,1,0,1
DEOFANTO,1,0,1
DEOLEGARIO,1,0,1
DEOLINA,1,0,1
DEOLINDA,1,0,1
DEOMENDEZ,1,0,1
DEOMICIA,1,0,1
DEOMILIO,1,0,1
DEONALDO,1,0,1
DEONEIDIS,1,0,1
DEONELA,1,0,1
DEONERAN,1,0,1
DEONEXE,1,0,1
DEONIGNA,1,0,1
DEONIL,1,0,1
DEONILIA,1,0,1
DEONIN,1,0,1
DEONINGNA,1,0,1
DEONNE,1,0,1
DEORACIA,1,0,1
DEOSGRACIA,1,0,1
DEOSMINDA,1,0,1
DEOUGLAS,1,0,1
DEOVANY,1,0,1
DEPCIANO,1,0,1
DEPNIS,1,0,1
DEPRIT,1,0,1
DEPSI,1,0,1
DEQUIZ,1,0,1
DERAHIN,1,0,1
DERBERT,1,0,1
DERBIE,1,0,1
DERBINO,1,0,1
DERBYEDWIN,1,0,1
DERCELITA,1,0,1
DERCILITA,1,0,1
DEREH,1,0,1
DERES,1,0,1
DERFU,1,0,1
DERIABAR,1,0,1
DERIAN,1,0,1
DERIBOAN,1,0,1
DERICA,1,0,1
DERICELIA,1,0,1
DERICH,1,0,1
DERIKA,1,0,1
DERISS,1,0,1
DERKIS,1,0,1
DERLINDA,1,0,1
DERLLIN,1,0,1
DERLYM,1,0,1
DERMALINA,1,0,1
DERMANDO,1,0,1
DERMAS,1,0,1
DERMEL,1,0,1
DERMELIN,1,0,1
DERMENIA,1,0,1
DERMENTINA,1,0,1
DERMICA,1,0,1
DERMICILA,1,0,1
DERMIDA,1,0,1
DERMILIA,1,0,1
DERMINIO,1,0,1
DERMIO,1,0,1
DERMITH,1,0,1
DERN,1,0,1
DERNIDA,1,0,1
DERNIETH,1,0,1
DERNIS,1,0,1
DERNYS,1,0,1
DEROLI,1,0,1
DERQUIN,1,0,1
DERREY,1,0,1
DERRIK,1,0,1
DERRIL,1,0,1
DERRIN,1,0,1
DERRISA,1,0,1
DERSSON,1,0,1
DERSTINE,1,0,1
DERUFINA,1,0,1
DERUYT,1,0,1
DERVEHA,1,0,1
DERWEN,1,0,1
DERWING,1,0,1
DERYE,1,0,1
DERYT,1,0,1
DESARY,1,0,1
DESBIA,1,0,1
DESBIN,1,0,1
DESBIS,1,0,1
DESBLIA,1,0,1
DESCEBELINDA,1,0,1
DESCI,1,0,1
DESCIDERIA,1,0,1
DESCIDERIO,1,0,1
DESCTER,1,0,1
DESDERIO,1,0,1
DESE,1,0,1
DESERIL,1,0,1
DESEX,1,0,1
DESIA,1,0,1
DESICA,1,0,1
DESIDEMA,1,0,1
DESIDEREE,1,0,1
DESIODORO,1,0,1
DESIY,1,0,1
DESLAR,1,0,1
DESLENIA,1,0,1
DESMELDA,1,0,1
DESMER,1,0,1
DESMIN,1,0,1
DESMINA,1,0,1
DESMUNDO,1,0,1
DESNA,1,0,1
DESSI,1,0,1
DESSIDORO,1,0,1
DESSIS,1,0,1
DESTHER,1,0,1
DESTRIL,1,0,1
DESTRY,1,0,1
DESVI,1,0,1
DESWIN,1,0,1
DESYSI,1,0,1
DETARI,1,0,1
DETELVINDA,1,0,1
DETILMA,1,0,1
DETINIA,1,0,1
DETLEF,1,0,1
DETZY,1,0,1
DEUBY,1,0,1
DEUDILIA,1,0,1
DEUGLAS,1,0,1
DEULCE,1,0,1
DEURA,1,0,1
DEURITINA,1,0,1
DEUVALDO,1,0,1
DEUZDEDI,1,0,1
DEVALOY,1,0,1
DEVANEY,1,0,1
DEVER,1,0,1
DEVERILDA,1,0,1
DEVI,1,0,1
DEVIDA,1,0,1
DEVINA,1,0,1
DEVIT,1,0,1
DEVLYN,1,0,1
DEVORICIA,1,0,1
DEWEL,1,0,1
DEWEN,1,0,1
DEWES,1,0,1
DEWILH,1,0,1
DEWIR,1,0,1
DEWIS,1,0,1
DEWITT,1,0,1
DEWUIS,1,0,1
DEWY,1,0,1
DEX,1,0,1
DEXAR,1,0,1
DEXCE,1,0,1
DEXE,1,0,1
DEXEL,1,0,1
DEXELA,1,0,1
DEXELEY,1,0,1
DEXIADI,1,0,1
DEXIDES,1,0,1
DEXINDA,1,0,1
DEXIR,1,0,1
DEXNIS,1,0,1
DEXO,1,0,1
DEXSADILIA,1,0,1
DEXSIS,1,0,1
DEXSSA,1,0,1
DEYBBY,1,0,1
DEYBER,1,0,1
DEYBINSON,1,0,1
DEYCILINA,1,0,1
DEYCINENA,1,0,1
DEYDIN,1,0,1
DEYDIS,1,0,1
DEYDRA,1,0,1
DEYDRET,1,0,1
DEYEIS,1,0,1
DEYI,1,0,1
DEYLE,1,0,1
DEYLIVIS,1,0,1
DEYLON,1,0,1
DEYMAN,1,0,1
DEYME,1,0,1
DEYMER,1,0,1
DEYMON,1,0,1
DEYNAR,1,0,1
DEYNIA,1,0,1
DEYNIMELIXSA,1,0,1
DEYNIRA,1,0,1
DEYONIRA,1,0,1
DEYQUIN,1,0,1
DEYRAN,1,0,1
DEYRE,1,0,1
DEYSES,1,0,1
DEYSI   LOURDES,1,0,1
DEYSIMO,1,0,1
DEYSINILA,1,0,1
DEYSIZ,1,0,1
DEYSSE,1,0,1
DEYSSIE,1,0,1
DEYSYS,1,0,1
DEYTON,1,0,1
DEYVA,1,0,1
DEYWI,1,0,1
DEYXIA,1,0,1
DEZILYNN,1,0,1
DHALIA,1,0,1
DHANY,1,0,1
DHARK,1,0,1
DHARLA,1,0,1
DHARMA,1,0,1
DHARON,1,0,1
DHARYE,1,0,1
DHASIA,1,0,1
DHAYANA,1,0,1
DHEBY,1,0,1
DHELIA,1,0,1
DHEMING,1,0,1
DHINER,1,0,1
DHOMY,1,0,1
DHORCA,1,0,1
DHYLIA,1,0,1
DI,1,0,1
DIABEL,1,0,1
DIACONO,1,0,1
DIADALINA,1,0,1
DIAHAN,1,0,1
DIAHARA,1,0,1
DIAL,1,0,1
DIALCIARELI,1,0,1
DIALEXIS,1,0,1
DIALIRA,1,0,1
DIALIX,1,0,1
DIALMA,1,0,1
DIAMAHYDY,1,0,1
DIAMARIA,1,0,1
DIAMATINA,1,0,1
DIAMER,1,0,1
DIAMILEX,1,0,1
DIAMINA,1,0,1
DIANA DE JESUS,1,0,1
DIANA MARCELA,1,0,1
DIANA MARIA,1,0,1
DIANABELIN,1,0,1
DIANADONETH,1,0,1
DIANALY,1,0,1
DIANARA,1,0,1
DIANCI,1,0,1
DIANEIDA,1,0,1
DIANELCY,1,0,1
DIANEX,1,0,1
DIANIRIA,1,0,1
DIANIRIS,1,0,1
DIANIRY,1,0,1
DIANISELA,1,0,1
DIANNIE,1,0,1
DIARIRA,1,0,1
DIASENIA,1,0,1
DIASITO,1,0,1
DIAYLEN,1,0,1
DIBAR,1,0,1
DIBENIA,1,0,1
DIBIA,1,0,1
DIBINA,1,0,1
DIBIO,1,0,1
DIBIS,1,0,1
DIBLIS,1,0,1
DIBNA,1,0,1
DIBTER,1,0,1
DIBYS,1,0,1
DICADENIO,1,0,1
DICAS,1,0,1
DICBY,1,0,1
DICCIANO,1,0,1
DICELDA,1,0,1
DICELIA,1,0,1
DICHANE,1,0,1
DICIDORO,1,0,1
DICK JACKSON,1,0,1
DICKDEY,1,0,1
DICKENS,1,0,1
DICKI,1,0,1
DICKIE,1,0,1
DICKSY,1,0,1
DICKY,1,0,1
DICLAS,1,0,1
DICMA,1,0,1
DICNIS,1,0,1
DICPSA,1,0,1
DICSE,1,0,1
DICTINIO,1,0,1
DICX,1,0,1
DICXI,1,0,1
DICXINIA,1,0,1
DICXIS,1,0,1
DICZA,1,0,1
DICZIA,1,0,1
DICZON,1,0,1
DIDALMY,1,0,1
DIDAM,1,0,1
DIDAMIR,1,0,1
DIDANE,1,0,1
DIDDEY,1,0,1
DIDES,1,0,1
DIDIE,1,0,1
DIDIEER,1,0,1
DIDIOSY,1,0,1
DIDNA,1,0,1
DIDYER,1,0,1
DIEDERICH,1,0,1
DIEDERICHS,1,0,1
DIEDRICH,1,0,1
DIEGO ALEJANDRO,1,0,1
DIELMAN,1,0,1
DIELNAN,1,0,1
DIEMS,1,0,1
DIENDA,1,0,1
DIENE,1,0,1
DIENETH,1,0,1
DIENI,1,0,1
DIENRI,1,0,1
DIEPRE,1,0,1
DIERBE,1,0,1
DIERBOTH,1,0,1
DIERE,1,0,1
DIERMINA,1,0,1
DIERNY,1,0,1
DIERY,1,0,1
DIESANY,1,0,1
DIESENA,1,0,1
DIESENIA,1,0,1
DIESEY,1,0,1
DIESHALEE,1,0,1
DIESI,1,0,1
DIESTEFANO,1,0,1
DIETMAR,1,0,1
DIETY,1,0,1
DIEZA,1,0,1
DIFANIA,1,0,1
DIGCIA,1,0,1
DIGENO,1,0,1
DIGILA,1,0,1
DIGINA,1,0,1
DIGLINA,1,0,1
DIGM,1,0,1
DIGMIA,1,0,1
DIGNA CRISTINA,1,0,1
DIGNA MERCEDES,1,0,1
DIGNALINA,1,0,1
DIGNARDA,1,0,1
DIGNEDA,1,0,1
DIGNIBETH,1,0,1
DIGNIO,1,0,1
DIGNO DE JESUS,1,0,1
DIGNORIA,1,0,1
DIGSA,1,0,1
DIGSI,1,0,1
DIGSIAN,1,0,1
DIGSOMINA,1,0,1
DIGSY,1,0,1
DIGUAN,1,0,1
DIHONES,1,0,1
DIJVA,1,0,1
DIKEEN,1,0,1
DIKENS,1,0,1
DIKEY,1,0,1
DIKILINA,1,0,1
DIKIS,1,0,1
DIKIXON,1,0,1
DIKLA,1,0,1
DIKLAN,1,0,1
DIKSI,1,0,1
DIKSIA,1,0,1
DIKSIANA,1,0,1
DIKTMAR,1,0,1
DIKZIA,1,0,1
DIL     TULIO,1,0,1
DILAMAR,1,0,1
DILANT,1,0,1
DILARIO,1,0,1
DILBA,1,0,1
DILBHERTH,1,0,1
DILCIA DE JESUS,1,0,1
DILCIBETH,1,0,1
DILCION,1,0,1
DILCIS,1,0,1
DILEAN,1,0,1
DILEDIA,1,0,1
DILENES,1,0,1
DILES,1,0,1
DILFIDA,1,0,1
DILGIAN,1,0,1
DILIANN,1,0,1
DILIANS,1,0,1
DILIAR,1,0,1
DILIBERTA,1,0,1
DILIER,1,0,1
DILILIA,1,0,1
DILIMDLERG,1,0,1
DILISA,1,0,1
DILIX,1,0,1
DILLCIA,1,0,1
DILLIA,1,0,1
DILLIAMS,1,0,1
DILLIAN,1,0,1
DILLON,1,0,1
DILLOW,1,0,1
DILLSIA,1,0,1
DILMA DEL,1,0,1
DILMARA,1,0,1
DILME,1,0,1
DILMEL,1,0,1
DILMEN,1,0,1
DILMMA,1,0,1
DILMOR,1,0,1
DILMORE,1,0,1
DILNARIS,1,0,1
DILNY,1,0,1
DILNYN,1,0,1
DILROY,1,0,1
DILSER,1,0,1
DILSES,1,0,1
DILSIE,1,0,1
DILSIS,1,0,1
DILSONN,1,0,1
DILSOP,1,0,1
DILSSIA,1,0,1
DILSUN,1,0,1
DILTHON,1,0,1
DILTO,1,0,1
DILTRUDIS,1,0,1
DILTULIO,1,0,1
DILUBI,1,0,1
DILUBIGNA,1,0,1
DILVERTO,1,0,1
DILVEY,1,0,1
DILVIDA,1,0,1
DILVOR,1,0,1
DILWER,1,0,1
DILWOR,1,0,1
DILXI,1,0,1
DIMARAES,1,0,1
DIMAWAITH,1,0,1
DIMAYMA,1,0,1
DIMAYO,1,0,1
DIMERICA,1,0,1
DIMIANA,1,0,1
DIMIDA,1,0,1
DIMIER,1,0,1
DIMILA,1,0,1
DIMILIA,1,0,1
DIMIN,1,0,1
DIMIO,1,0,1
DIMITRIO,1,0,1
DIMOKRITO,1,0,1
DIMPINA,1,0,1
DIMPNO,1,0,1
DIMRE,1,0,1
DINABRO,1,0,1
DINACELIA,1,0,1
DINACELY,1,0,1
DINALDA,1,0,1
DINALIA,1,0,1
DINAMARCO,1,0,1
DINARATH,1,0,1
DINARES,1,0,1
DINARSARDE,1,0,1
DINASARI,1,0,1
DINASELI,1,0,1
DINATRE,1,0,1
DINCOR,1,0,1
DINDIRY,1,0,1
DINDRA,1,0,1
DINDY,1,0,1
DINEFRIDA,1,0,1
DINEGRO,1,0,1
DINELCY,1,0,1
DINELDI,1,0,1
DINELY,1,0,1
DINEX,1,0,1
DINIAN,1,0,1
DINIDY,1,0,1
DINISIA,1,0,1
DINKEL,1,0,1
DINNAVEL,1,0,1
DINNIE,1,0,1
DINNORIA,1,0,1
DINOIRA,1,0,1
DINORAJOHANIA,1,0,1
DINOSA,1,0,1
DINOSIS,1,0,1
DINOVIA,1,0,1
DINSA,1,0,1
DINSDALE,1,0,1
DINY,1,0,1
DINYS,1,0,1
DIOBILANDA,1,0,1
DIOCADIO,1,0,1
DIOCELYN,1,0,1
DIOCIDIA,1,0,1
DIOCILA,1,0,1
DIOCNIC,1,0,1
DIOGENA,1,0,1
DIOGENIS,1,0,1
DIOGNER,1,0,1
DIOGNY,1,0,1
DIOLE,1,0,1
DIOLENA,1,0,1
DIOLICIA,1,0,1
DIOLINA,1,0,1
DIOLY,1,0,1
DIOMANDINA,1,0,1
DIOMER,1,0,1
DIOMES,1,0,1
DIOMESDES,1,0,1
DIOMI,1,0,1
DIOMILTO,1,0,1
DIOMINDO,1,0,1
DIOMIS,1,0,1
DIOMNIS,1,0,1
DIONAIDA,1,0,1
DIONALDO,1,0,1
DIONAMIS,1,0,1
DIONARDA,1,0,1
DIONARIS,1,0,1
DIONCIO,1,0,1
DIONELCIA,1,0,1
DIONELSON,1,0,1
DIONELZI,1,0,1
DIONEXA,1,0,1
DIONHNY,1,0,1
DIONIDA,1,0,1
DIONIDAN,1,0,1
DIONIDE,1,0,1
DIONIE,1,0,1
DIONINO,1,0,1
DIONNEE,1,0,1
DIONNIE,1,0,1
DIONOCIA,1,0,1
DIONYS,1,0,1
DIORA,1,0,1
DIORACIO,1,0,1
DIORAYNA,1,0,1
DIORENA,1,0,1
DIORGINA,1,0,1
DIOSALINA,1,0,1
DIOSDADA,1,0,1
DIOSEL,1,0,1
DIOSELMA,1,0,1
DIOSELY,1,0,1
DIOSENIA,1,0,1
DIOSENY,1,0,1
DIOSERLINDA,1,0,1
DIOSIA,1,0,1
DIOSIBEL,1,0,1
DIOSIDIA,1,0,1
DIOSIRIS,1,0,1
DIOSIS,1,0,1
DIOSMAR,1,0,1
DIOSMI,1,0,1
DIOSMIN,1,0,1
DIOSMINDA,1,0,1
DIOSNEN,1,0,1
DIOSNER,1,0,1
DIOSOTHY,1,0,1
DIOSSANY,1,0,1
DIOSSELINA,1,0,1
DIOVERARDA,1,0,1
DIOVIS,1,0,1
DIOXANIE,1,0,1
DIOXGENES,1,0,1
DIPCIA,1,0,1
DIPCY,1,0,1
DIPMA,1,0,1
DIPNO,1,0,1
DIPSI,1,0,1
DIPSIANA,1,0,1
DIPSON,1,0,1
DIPSY,1,0,1
DIQUI,1,0,1
DIQUILIO,1,0,1
DIQUIO,1,0,1
DIQUY,1,0,1
DIRATAY,1,0,1
DIRCIE,1,0,1
DIRCK,1,0,1
DIRCYE,1,0,1
DIRENA,1,0,1
DIRENY,1,0,1
DIRIE,1,0,1
DIRIHEN,1,0,1
DIRIN,1,0,1
DIRINO,1,0,1
DIRLANDO,1,0,1
DIRMAN,1,0,1
DIRMER,1,0,1
DIRMIAM,1,0,1
DIRMINDA,1,0,1
DIRNO,1,0,1
DIRSE,1,0,1
DIRSIA,1,0,1
DIRSIDY,1,0,1
DIRSO,1,0,1
DIRSON,1,0,1
DIRSY,1,0,1
DIRYAM,1,0,1
DIRYAN,1,0,1
DIRZA,1,0,1
DIS,1,0,1
DISCED,1,0,1
DISCENIA,1,0,1
DISCUA,1,0,1
DISEËA,1,0,1
DISEFREDO,1,0,1
DISELMA,1,0,1
DISELTINA,1,0,1
DISER,1,0,1
DISI,1,0,1
DISIA,1,0,1
DISIDALIA,1,0,1
DISIDERIA,1,0,1
DISIDERIO,1,0,1
DISLAO,1,0,1
DISLEYLA,1,0,1
DISNE,1,0,1
DISNELDA,1,0,1
DISON,1,0,1
DISRRAELY,1,0,1
DISSEL,1,0,1
DISXY,1,0,1
DISY,1,0,1
DITAN,1,0,1
DITBLAHI,1,0,1
DITCIA,1,0,1
DITEN,1,0,1
DITH NORMA,1,0,1
DITHER,1,0,1
DITMA,1,0,1
DITNA,1,0,1
DITON,1,0,1
DITRE,1,0,1
DITRO,1,0,1
DITTSIANA,1,0,1
DITVY,1,0,1
DIUBANIA,1,0,1
DIUBIS,1,0,1
DIUNA,1,0,1
DIUNY,1,0,1
DIURBIN,1,0,1
DIURBIND,1,0,1
DIURLIN,1,0,1
DIURMAR,1,0,1
DIURVIS,1,0,1
DIURY,1,0,1
DIVAD,1,0,1
DIVARY,1,0,1
DIVIA,1,0,1
DIVIAM,1,0,1
DIVIN,1,0,1
DIVLAHIM,1,0,1
DIVYS,1,0,1
DIWAY,1,0,1
DIXAN,1,0,1
DIXCE,1,0,1
DIXCENIA,1,0,1
DIXCHAR,1,0,1
DIXCY,1,0,1
DIXEE,1,0,1
DIXELI,1,0,1
DIXELINA,1,0,1
DIXER,1,0,1
DIXES,1,0,1
DIXEY,1,0,1
DIXI    JOEL,1,0,1
DIXIAN,1,0,1
DIXIANY,1,0,1
DIXINEA,1,0,1
DIXINORA,1,0,1
DIXION,1,0,1
DIXIONI,1,0,1
DIXLEE,1,0,1
DIXNEY,1,0,1
DIXSE,1,0,1
DIXXON,1,0,1
DIZEL,1,0,1
DIZNARDA,1,0,1
DIZZA,1,0,1
DIZZAN,1,0,1
DJALMER,1,0,1
DLADYS,1,0,1
DLAMARIA,1,0,1
DLARVINA,1,0,1
DLEMIS,1,0,1
DLICI,1,0,1
DOËITA,1,0,1
DOAEN,1,0,1
DOBAL,1,0,1
DOBRI,1,0,1
DOBYNNS,1,0,1
DOCINDA,1,0,1
DOCLY,1,0,1
DOCRACIO,1,0,1
DOCSELICIA,1,0,1
DOCTOR,1,0,1
DODALINA,1,0,1
DODAMIM,1,0,1
DODANEN,1,0,1
DODANIR,1,0,1
DODARDIN,1,0,1
DODGER,1,0,1
DODILY,1,0,1
DODIMI,1,0,1
DODIN,1,0,1
DODININ,1,0,1
DODIS,1,0,1
DODO,1,0,1
DODOMY,1,0,1
DODOVICO,1,0,1
DOENITZ,1,0,1
DOFFNER,1,0,1
DOFNE,1,0,1
DOGER,1,0,1
DOGLA,1,0,1
DOGMINA,1,0,1
DOGNA,1,0,1
DOGNY,1,0,1
DOHAN,1,0,1
DOHNY,1,0,1
DOILA,1,0,1
DOILFIDO,1,0,1
DOILIN,1,0,1
DOIRS,1,0,1
DOIS,1,0,1
DOLACHA,1,0,1
DOLANDA,1,0,1
DOLARIN,1,0,1
DOLBERT,1,0,1
DOLBIN,1,0,1
DOLDA,1,0,1
DOLE,1,0,1
DOLEN,1,0,1
DOLENTINA,1,0,1
DOLERMO,1,0,1
DOLFA,1,0,1
DOLFINULFINO,1,0,1
DOLFIS,1,0,1
DOLFO,1,0,1
DOLFONSO,1,0,1
DOLFOS,1,0,1
DOLFUS,1,0,1
DOLGEN,1,0,1
DOLIBEL,1,0,1
DOLIDENIA,1,0,1
DOLIEL,1,0,1
DOLINAR,1,0,1
DOLINTINA,1,0,1
DOLIRIA,1,0,1
DOLIVIA,1,0,1
DOLIX,1,0,1
DOLIZ,1,0,1
DOLJA,1,0,1
DOLLLY,1,0,1
DOLLSET,1,0,1
DOLMACIA,1,0,1
DOLMID,1,0,1
DOLMINA,1,0,1
DOLMO,1,0,1
DOLMY,1,0,1
DOLNIA,1,0,1
DOLOES,1,0,1
DOLORES  ALICIA,1,0,1
DOLORINA,1,0,1
DOLORISELY,1,0,1
DOLOROSA,1,0,1
DOLORS,1,0,1
DOLOURA,1,0,1
DOLPHIN,1,0,1
DOLTON,1,0,1
DOLVINA,1,0,1
DOLVIS,1,0,1
DOM,1,0,1
DOMA,1,0,1
DOMACIO,1,0,1
DOMAILA,1,0,1
DOMAL,1,0,1
DOMAYDA,1,0,1
DOMAYRA,1,0,1
DOMECILA,1,0,1
DOMELA,1,0,1
DOMELIA,1,0,1
DOMELICA,1,0,1
DOMELIDA,1,0,1
DOMELINA,1,0,1
DOMENIKA,1,0,1
DOMERCA,1,0,1
DOMETILO,1,0,1
DOMICILO,1,0,1
DOMIGNO,1,0,1
DOMIGO,1,0,1
DOMILDA,1,0,1
DOMIMGA,1,0,1
DOMINDO,1,0,1
DOMINEY,1,0,1
DOMINICANA,1,0,1
DOMINICIO,1,0,1
DOMIRES,1,0,1
DOMIRILA,1,0,1
DOMISIA,1,0,1
DOMITALA,1,0,1
DOMITICANO,1,0,1
DOMITILIS,1,0,1
DOMIXA,1,0,1
DOMNA,1,0,1
DOMNINO,1,0,1
DOMUALDO,1,0,1
DONACAR,1,0,1
DONACILIO,1,0,1
DONAD,1,0,1
DONADELIS,1,0,1
DONADILO,1,0,1
DONAGE,1,0,1
DONAH,1,0,1
DONAILA,1,0,1
DONAILELIO,1,0,1
DONAIR,1,0,1
DONAIZ,1,0,1
DONALDI,1,0,1
DONALDIN,1,0,1
DONALILA,1,0,1
DONALIN,1,0,1
DONALITAL,1,0,1
DONALS,1,0,1
DONALSIN,1,0,1
DONALSON,1,0,1
DONALTYS,1,0,1
DONALVA,1,0,1
DONAM,1,0,1
DONANCE,1,0,1
DONANCOLY,1,0,1
DONANINA,1,0,1
DONANSO,1,0,1
DONARD,1,0,1
DONAREE,1,0,1
DONARIA,1,0,1
DONARIES,1,0,1
DONASIO,1,0,1
DONATEO,1,0,1
DONATILIO,1,0,1
DONATINA,1,0,1
DONATINO,1,0,1
DONAURO,1,0,1
DONAVA,1,0,1
DONAVID,1,0,1
DONBAR,1,0,1
DONDY,1,0,1
DONECIA,1,0,1
DONECIMO,1,0,1
DONECIO,1,0,1
DONEICY,1,0,1
DONEIRA,1,0,1
DONEIRO,1,0,1
DONELEE,1,0,1
DONELEY,1,0,1
DONELIDA,1,0,1
DONELIN,1,0,1
DONELL,1,0,1
DONELLA,1,0,1
DONELVIO,1,0,1
DONEMI,1,0,1
DONERIO,1,0,1
DONERLI,1,0,1
DONEXSY,1,0,1
DONICELY,1,0,1
DONIDIA,1,0,1
DONIEBE,1,0,1
DONILEY,1,0,1
DONIMIRTA,1,0,1
DONINELI,1,0,1
DONIRAN,1,0,1
DONIRIS,1,0,1
DONISIA,1,0,1
DONIT,1,0,1
DONLIN,1,0,1
DONLIS,1,0,1
DONLLY,1,0,1
DONLYS,1,0,1
DONMA,1,0,1
DONMITILA,1,0,1
DONNER,1,0,1
DONNGNA,1,0,1
DONNYN,1,0,1
DONOCITO,1,0,1
DONOLSON,1,0,1
DONORIO,1,0,1
DONOSIO,1,0,1
DONOTILO,1,0,1
DONOVAL,1,0,1
DONRROLDAN,1,0,1
DONSAIDA,1,0,1
DONTEL,1,0,1
DONUARIO,1,0,1
DONYE,1,0,1
DOPHENER,1,0,1
DOQUILA,1,0,1
DOR,1,0,1
DORA    LINDA,1,0,1
DORA  PASTORA,1,0,1
DORA CYNTHIA,1,0,1
DORA PRUDENCIA,1,0,1
DORACE,1,0,1
DORADINA,1,0,1
DORAESTILA,1,0,1
DORAIDALMA,1,0,1
DORALBA,1,0,1
DORALECY,1,0,1
DORALES,1,0,1
DORALEXI,1,0,1
DORALIMA,1,0,1
DORALIS,1,0,1
DORALIX,1,0,1
DORALVA,1,0,1
DORAMANDA,1,0,1
DORAMELINA,1,0,1
DORANGELA,1,0,1
DORANY,1,0,1
DORARCILA,1,0,1
DORATHY,1,0,1
DORATINA,1,0,1
DORAUDA,1,0,1
DORAVILMA,1,0,1
DORAYDEE,1,0,1
DORBELINO,1,0,1
DORBERT,1,0,1
DORBIY,1,0,1
DORBY,1,0,1
DORCAGRECIA,1,0,1
DORCE,1,0,1
DOREA,1,0,1
DOREËA,1,0,1
DORECIA,1,0,1
DORED,1,0,1
DORELLY,1,0,1
DORENE,1,0,1
DORESHY,1,0,1
DORETHY,1,0,1
DORFAS,1,0,1
DORGAS,1,0,1
DORGIN,1,0,1
DORIACK,1,0,1
DORIAL,1,0,1
DORIALINA,1,0,1
DORIC,1,0,1
DORICELY,1,0,1
DORICSA,1,0,1
DORICSAA,1,0,1
DORIDALBA,1,0,1
DORIGEN,1,0,1
DORILENI,1,0,1
DORILI,1,0,1
DORILUZ,1,0,1
DORINALDA,1,0,1
DORINDO,1,0,1
DORINELIA,1,0,1
DORINELIS,1,0,1
DORIO,1,0,1
DORIOS,1,0,1
DORIS DINIA,1,0,1
DORIS ELIZABETH,1,0,1
DORIS MAGALI,1,0,1
DORIS!,1,0,1
DORISABEL,1,0,1
DORISE,1,0,1
DORISEL,1,0,1
DORISELMA,1,0,1
DORISMELIA,1,0,1
DORISOL,1,0,1
DORISRIS,1,0,1
DORITELA,1,0,1
DORITILA,1,0,1
DORJA,1,0,1
DORJIN,1,0,1
DORKES,1,0,1
DORKYS,1,0,1
DORLEEN,1,0,1
DORLEN,1,0,1
DORLING,1,0,1
DORLY,1,0,1
DORMELEE,1,0,1
DORMIN,1,0,1
DORNALD,1,0,1
DORNEY,1,0,1
DORNI,1,0,1
DORNIE,1,0,1
DORNIR,1,0,1
DOROMICILA,1,0,1
DOROTLY,1,0,1
DOROTO,1,0,1
DOROTTY,1,0,1
DOROTY  AGUEDA,1,0,1
DORPHEY,1,0,1
DORRIE,1,0,1
DORRING,1,0,1
DORRYET,1,0,1
DORTHON,1,0,1
DORTI,1,0,1
DORTILIA,1,0,1
DORTY MARIELA,1,0,1
DORVEL,1,0,1
DORVILINA,1,0,1
DORVINT,1,0,1
DORYANS,1,0,1
DORYSELA,1,0,1
DOSIA,1,0,1
DOSMOND,1,0,1
DOSNY,1,0,1
DOTLE,1,0,1
DOTMILA,1,0,1
DOTTLE,1,0,1
DOUBLE,1,0,1
DOUGAS,1,0,1
DOUGLASULICES,1,0,1
DOUGLAX,1,0,1
DOUGUE,1,0,1
DOULM,1,0,1
DOURING,1,0,1
DOURLEY,1,0,1
DOUSTING,1,0,1
DOUVIN,1,0,1
DOVANY,1,0,1
DOVIAN,1,0,1
DOVID,1,0,1
DOVINTA,1,0,1
DOVIS,1,0,1
DOVISSY,1,0,1
DOXI,1,0,1
DOYBIS,1,0,1
DOYHLI,1,0,1
DOYLA,1,0,1
DOYLY,1,0,1
DOYS,1,0,1
DOZLYN,1,0,1
DRAUSIO,1,0,1
DRAYAN,1,0,1
DREDIS,1,0,1
DREEMLER,1,0,1
DREMA,1,0,1
DRENA,1,0,1
DREVIS,1,0,1
DREWYS,1,0,1
DRIBY,1,0,1
DRIDEL,1,0,1
DRIDER,1,0,1
DRILCIA,1,0,1
DRILIA,1,0,1
DRIPSY,1,0,1
DRIS,1,0,1
DRISIS,1,0,1
DRUCELINA,1,0,1
DRUE,1,0,1
DRUSILDA,1,0,1
DRYADA,1,0,1
DUAIT,1,0,1
DUANIA,1,0,1
DUANIE,1,0,1
DUANIN,1,0,1
DUAR,1,0,1
DUARBIN,1,0,1
DUBAR,1,0,1
DUBBLAS,1,0,1
DUBERLIN,1,0,1
DUBES,1,0,1
DUBIO,1,0,1
DUBISS,1,0,1
DUBITELIO,1,0,1
DUBLE,1,0,1
DUBLER,1,0,1
DUBLES,1,0,1
DUBLIA,1,0,1
DUBLIAN,1,0,1
DUBLO,1,0,1
DUBLY,1,0,1
DUBRICELA,1,0,1
DUBRICIA,1,0,1
DUBRY,1,0,1
DUCA,1,0,1
DUCCIBELA,1,0,1
DUCLIDES,1,0,1
DUDA,1,0,1
DUDBLAS,1,0,1
DUDIM,1,0,1
DUEL,1,0,1
DUELLIE,1,0,1
DUELY,1,0,1
DUENIA,1,0,1
DUENIZ,1,0,1
DUEREN,1,0,1
DUERIN,1,0,1
DUERREN,1,0,1
DUEVIN,1,0,1
DUEYNG,1,0,1
DUFSTIN,1,0,1
DUGAL,1,0,1
DUGBLAN,1,0,1
DUGBLAS,1,0,1
DUGLENIA,1,0,1
DUGNIS,1,0,1
DUILIA,1,0,1
DUILIAN,1,0,1
DUILIN,1,0,1
DUINAL,1,0,1
DUITE,1,0,1
DULAX,1,0,1
DULBAN,1,0,1
DULBERTO,1,0,1
DULBIA,1,0,1
DULBIS,1,0,1
DULBY,1,0,1
DULCE  NINOSKA,1,0,1
DULCEDINA,1,0,1
DULCELINO,1,0,1
DULCEMA,1,0,1
DULCEMARIA,1,0,1
DULCIA,1,0,1
DULCIDALIA,1,0,1
DULFANA,1,0,1
DULGA,1,0,1
DULGERIO,1,0,1
DULHEVER,1,0,1
DULI,1,0,1
DULIES,1,0,1
DULLYS,1,0,1
DULMER,1,0,1
DULMIN,1,0,1
DULMIRA,1,0,1
DULO,1,0,1
DULSI,1,0,1
DULSY,1,0,1
DULVIN,1,0,1
DUME,1,0,1
DUMI,1,0,1
DUMIA,1,0,1
DUMIAN,1,0,1
DUMIDIA,1,0,1
DUMIS,1,0,1
DUMLANG,1,0,1
DUNA,1,0,1
DUNCEDINA,1,0,1
DUNEAN,1,0,1
DUNECHKA,1,0,1
DUNETT,1,0,1
DUNIA  VERONICA,1,0,1
DUNIA DE LOS,1,0,1
DUNIA MARIA,1,0,1
DUNIA MERCEDES,1,0,1
DUNIES,1,0,1
DUNILCE,1,0,1
DUNILIA,1,0,1
DUNITT,1,0,1
DUNNIS,1,0,1
DUNOSA,1,0,1
DUNS,1,0,1
DUNSIMAN,1,0,1
DUOIN,1,0,1
DUPSI,1,0,1
DURAND,1,0,1
DURANJARY,1,0,1
DURBE,1,0,1
DURBIS,1,0,1
DURCKI,1,0,1
DURELL,1,0,1
DURGI,1,0,1
DURIA,1,0,1
DURINIA,1,0,1
DURIS,1,0,1
DURLAS,1,0,1
DURLY,1,0,1
DURQUIZ,1,0,1
DURT,1,0,1
DURVERLI,1,0,1
DURVI,1,0,1
DUSHKA,1,0,1
DUSIBELA,1,0,1
DUSIDALIA,1,0,1
DUSLAN,1,0,1
DUSLIN,1,0,1
DUSMILDA,1,0,1
DUSOLINA,1,0,1
DUSTON,1,0,1
DUSYA,1,0,1
DUTBLAS,1,0,1
DUTCLINA,1,0,1
DUTY,1,0,1
DUVALL,1,0,1
DUVENCIA,1,0,1
DUVIVIER,1,0,1
DUVYS,1,0,1
DUWAL,1,0,1
DUWI,1,0,1
DUXILINA,1,0,1
DUYER,1,0,1
DUYLI,1,0,1
DUYNIA,1,0,1
DWASLYN,1,0,1
DWAYTE,1,0,1
DWITH,1,0,1
DWYNE,1,0,1
DYARDA,1,0,1
DYCIA,1,0,1
DYDIA,1,0,1
DYDIER,1,0,1
DYLBER,1,0,1
DYLCIO,1,0,1
DYLER,1,0,1
DYLLER,1,0,1
DYLON,1,0,1
DYLSIA,1,0,1
DYLSY,1,0,1
DYNA OLANDA,1,0,1
DYNAVELL,1,0,1
DYNG,1,0,1
DYNIA,1,0,1
DYNORA,1,0,1
DYONIS,1,0,1
DYRCEO,1,0,1
DYRSY,1,0,1
DYSY,1,0,1
DYTHLANGH,1,0,1
E    ESPERANZA,1,0,1
EËIO,1,0,1
EAAD,1,0,1
EABERTO,1,0,1
EADISON,1,0,1
EALAND,1,0,1
EANDRO,1,0,1
EAR,1,0,1
EAREL,1,0,1
EARICLECK,1,0,1
EARLIE,1,0,1
EARNES,1,0,1
EARNEST,1,0,1
EARNIE,1,0,1
EARNILYN,1,0,1
EASLY,1,0,1
EATHAN,1,0,1
EAVY,1,0,1
EAZELL,1,0,1
EBALICIA,1,0,1
EBALID,1,0,1
EBANGELIA,1,0,1
EBANICIO,1,0,1
EBARDO,1,0,1
EBARHARD,1,0,1
EBBEL,1,0,1
EBBIN,1,0,1
EBBLIN,1,0,1
EBBRINET,1,0,1
EBDORO,1,0,1
EBDULFO,1,0,1
EBDY,1,0,1
EBEDARDO,1,0,1
EBEDIX,1,0,1
EBELBERTO,1,0,1
EBELENA,1,0,1
EBELEO,1,0,1
EBELH,1,0,1
EBELINDO,1,0,1
EBELKYS,1,0,1
EBELNY,1,0,1
EBELUTH,1,0,1
EBENLYNS,1,0,1
EBENY,1,0,1
EBERALEXANDER,1,0,1
EBERD,1,0,1
EBERES,1,0,1
EBERGISTA,1,0,1
EBERH,1,0,1
EBERIM,1,0,1
EBERLIN,1,0,1
EBERLINDA,1,0,1
EBERS,1,0,1
EBERSONS,1,0,1
EBERTT,1,0,1
EBES,1,0,1
EBHER,1,0,1
EBIASA,1,0,1
EBID,1,0,1
EBIEL,1,0,1
EBIENLE,1,0,1
EBIK,1,0,1
EBILA,1,0,1
EBILDO,1,0,1
EBIMAEL,1,0,1
EBION,1,0,1
EBITA,1,0,1
EBITH,1,0,1
EBLA,1,0,1
EBLEIN,1,0,1
EBLES,1,0,1
EBLEYIN,1,0,1
EBLIGN,1,0,1
EBLIRG,1,0,1
EBLIS,1,0,1
EBNER,1,0,1
EBRAIN,1,0,1
EBRAJAM,1,0,1
EBRAL,1,0,1
EBRANS,1,0,1
EBRE,1,0,1
EBRELIN,1,0,1
EBRENDA,1,0,1
EBREY,1,0,1
EBRIL,1,0,1
EBROCINIA,1,0,1
EBSALON,1,0,1
EBUS,1,0,1
EBWING,1,0,1
EBZALON,1,0,1
ECARELIA,1,0,1
ECARO,1,0,1
ECBERK,1,0,1
ECBERT,1,0,1
ECCELIA,1,0,1
ECCEQUIEL,1,0,1
ECDALEDI,1,0,1
ECDELINDA,1,0,1
ECDENIA,1,0,1
ECDES,1,0,1
ECDIEL,1,0,1
ECDIN,1,0,1
ECDITA,1,0,1
ECDIZ,1,0,1
ECDO,1,0,1
ECDOCIA,1,0,1
ECDOMICIA,1,0,1
ECDRA,1,0,1
ECDRUVAL,1,0,1
ECDUBINIA,1,0,1
ECDY,1,0,1
ECECHIAS,1,0,1
ECECILIO,1,0,1
ECELA,1,0,1
ECELDA,1,0,1
ECENA,1,0,1
ECERFICRATES,1,0,1
ECHAVARRIA,1,0,1
ECHEQUEL,1,0,1
ECHINA,1,0,1
ECHSGEL,1,0,1
ECIBENIA,1,0,1
ECIDA,1,0,1
ECKAR,1,0,1
ECLA,1,0,1
ECLAINA,1,0,1
ECLAN,1,0,1
ECLATERIA,1,0,1
ECLESERIO,1,0,1
ECLUCIBIO,1,0,1
ECNA,1,0,1
ECNIER,1,0,1
ECOLASTINO,1,0,1
ECSALINA,1,0,1
ECSELINA,1,0,1
ECSI,1,0,1
ECSIDIA,1,0,1
ECSO,1,0,1
ECSOMINA,1,0,1
ECSON,1,0,1
ECTALBINA,1,0,1
ECTALICIA,1,0,1
ECTALY,1,0,1
ECTAMILE,1,0,1
ECTANITO,1,0,1
ECTERNOLDO,1,0,1
ECTHOR,1,0,1
ECTINIA,1,0,1
ECTOMILIA,1,0,1
ECUAR,1,0,1
ECULANA,1,0,1
ECXAR,1,0,1
ECXENIA,1,0,1
ECXIBIA,1,0,1
ECXIDIA,1,0,1
ECXIS,1,0,1
ECXON,1,0,1
ECXY,1,0,1
ECZECHIAS,1,0,1
ECZI,1,0,1
ECZIO,1,0,1
EDA SUYAPA,1,0,1
EDAC,1,0,1
EDAIDA,1,0,1
EDAIR,1,0,1
EDALBA,1,0,1
EDALBETO,1,0,1
EDALECIO,1,0,1
EDALENA,1,0,1
EDALIDIA,1,0,1
EDALISIA,1,0,1
EDALITA,1,0,1
EDALMIRO,1,0,1
EDALTINA,1,0,1
EDAM,1,0,1
EDAMIRNA,1,0,1
EDANDELINA,1,0,1
EDANELIS,1,0,1
EDANIDES,1,0,1
EDANYA,1,0,1
EDARDINA,1,0,1
EDARICIA,1,0,1
EDAURDO,1,0,1
EDBAR,1,0,1
EDBARDO,1,0,1
EDBAT,1,0,1
EDBEL,1,0,1
EDBERTHA,1,0,1
EDBERTINA,1,0,1
EDBLIN,1,0,1
EDBOR,1,0,1
EDBYN,1,0,1
EDCIBIA,1,0,1
EDDALICIA,1,0,1
EDDAR,1,0,1
EDDE,1,0,1
EDDEE,1,0,1
EDDENIA,1,0,1
EDDENIDA,1,0,1
EDDEY,1,0,1
EDDGUIN,1,0,1
EDDIEE,1,0,1
EDDILFONZO,1,0,1
EDDITA,1,0,1
EDDIY,1,0,1
EDDLA,1,0,1
EDDLIN,1,0,1
EDDLY,1,0,1
EDDOLINDA,1,0,1
EDDONAY,1,0,1
EDDRA,1,0,1
EDDRAS,1,0,1
EDDUARH,1,0,1
EDDUI,1,0,1
EDDUITH,1,0,1
EDDUVINA,1,0,1
EDDUVINO,1,0,1
EDDWINALEJANDRO,1,0,1
EDDYHT,1,0,1
EDDYK,1,0,1
EDDYTH,1,0,1
EDECIO,1,0,1
EDEDIL,1,0,1
EDEIBI,1,0,1
EDEIBIS,1,0,1
EDEIBY,1,0,1
EDEIN,1,0,1
EDEJONAS,1,0,1
EDELBA,1,0,1
EDELCIA,1,0,1
EDELCINA,1,0,1
EDELCIS,1,0,1
EDELCITA,1,0,1
EDELCITO,1,0,1
EDELDER,1,0,1
EDELDY,1,0,1
EDELEYS,1,0,1
EDELIDA,1,0,1
EDELILA,1,0,1
EDELMAIS,1,0,1
EDELNIS,1,0,1
EDELSIA,1,0,1
EDELSIN,1,0,1
EDELSTIN,1,0,1
EDELVI,1,0,1
EDELVINIA,1,0,1
EDELVIRA,1,0,1
EDELVIRO,1,0,1
EDEMAN,1,0,1
EDEMENCIO,1,0,1
EDEMILDO,1,0,1
EDEMILETH,1,0,1
EDEMIS,1,0,1
EDENCIO,1,0,1
EDENIC,1,0,1
EDENILHSON,1,0,1
EDENSON,1,0,1
EDEO,1,0,1
EDERDINA,1,0,1
EDERLINA,1,0,1
EDERMI,1,0,1
EDERMIDA,1,0,1
EDERTRUDIS,1,0,1
EDERVIN,1,0,1
EDERZON,1,0,1
EDESBELTA,1,0,1
EDESBINDA,1,0,1
EDESLINDA,1,0,1
EDET,1,0,1
EDETRUDES,1,0,1
EDEVIN,1,0,1
EDEXI,1,0,1
EDEXIS,1,0,1
EDEYBI,1,0,1
EDEYVI,1,0,1
EDEZON,1,0,1
EDEZONIA,1,0,1
EDFRA,1,0,1
EDFRAN,1,0,1
EDFRIDA,1,0,1
EDGAD,1,0,1
EDGAR EDGARDO,1,0,1
EDGARCDO,1,0,1
EDGARH,1,0,1
EDGARLEVI,1,0,1
EDGAUR,1,0,1
EDGIE,1,0,1
EDGLANDINA,1,0,1
EDGLAS,1,0,1
EDGUAL,1,0,1
EDGUER,1,0,1
EDGUERT,1,0,1
EDGUHIN,1,0,1
EDGUIM,1,0,1
EDGUINH,1,0,1
EDGWIN,1,0,1
EDHARD,1,0,1
EDHAY,1,0,1
EDHER,1,0,1
EDHGUAR,1,0,1
EDHI,1,0,1
EDHIËO,1,0,1
EDHIL,1,0,1
EDHILT,1,0,1
EDHIMAR,1,0,1
EDHIN,1,0,1
EDHINIO,1,0,1
EDHIST,1,0,1
EDHITA,1,0,1
EDHITS,1,0,1
EDHLER,1,0,1
EDHLING,1,0,1
EDHT,1,0,1
EDIALID,1,0,1
EDIAMINA,1,0,1
EDIAR,1,0,1
EDIBELO,1,0,1
EDIBURGAS,1,0,1
EDICAR,1,0,1
EDICARDO,1,0,1
EDICASION,1,0,1
EDICCIO,1,0,1
EDICE,1,0,1
EDICENIA,1,0,1
EDICH,1,0,1
EDICIN,1,0,1
EDICKSON,1,0,1
EDICLINA,1,0,1
EDICS,1,0,1
EDICZON,1,0,1
EDIEDD,1,0,1
EDIFENIO,1,0,1
EDIFONSO,1,0,1
EDIGMA,1,0,1
EDIHS,1,0,1
EDILAMAR,1,0,1
EDILANDY,1,0,1
EDILARMANDO,1,0,1
EDILBAIS,1,0,1
EDILCER,1,0,1
EDILEN,1,0,1
EDILEXA,1,0,1
EDILFERTA,1,0,1
EDILFILO,1,0,1
EDILFONZA,1,0,1
EDILFREDY,1,0,1
EDILFRUDIZ,1,0,1
EDILGA,1,0,1
EDILIAN,1,0,1
EDILIN,1,0,1
EDILMANDO,1,0,1
EDILMUNDO,1,0,1
EDILSANTOS,1,0,1
EDILTRUDY,1,0,1
EDILTRUX,1,0,1
EDILVEDA,1,0,1
EDILVENIA,1,0,1
EDIMIAN,1,0,1
EDIMILE,1,0,1
EDIMILIO,1,0,1
EDIMILSA,1,0,1
EDIMO,1,0,1
EDINAR,1,0,1
EDINBERTO,1,0,1
EDIND,1,0,1
EDINDA,1,0,1
EDINMA,1,0,1
EDIN-O,1,0,1
EDINT,1,0,1
EDINTON,1,0,1
EDINY,1,0,1
EDIOBAN,1,0,1
EDIODORO,1,0,1
EDIONE,1,0,1
EDIRBERTO,1,0,1
EDIRH,1,0,1
EDIRSON,1,0,1
EDIRTH,1,0,1
EDISAURA,1,0,1
EDISAVE,1,0,1
EDISBEL,1,0,1
EDISBERTA,1,0,1
EDISBERTO,1,0,1
EDISELDA,1,0,1
EDISERIA,1,0,1
EDISGARDO,1,0,1
EDISITAR,1,0,1
EDISLAO,1,0,1
EDISLEYLA,1,0,1
EDISMELDA,1,0,1
EDISMENDA,1,0,1
EDISMINDA,1,0,1
EDISTENIA,1,0,1
EDISTINE,1,0,1
EDISTO,1,0,1
EDISTRUDIS,1,0,1
EDITAS,1,0,1
EDITCIA,1,0,1
EDITHS,1,0,1
EDITHSON,1,0,1
EDITHZIA,1,0,1
EDITTA,1,0,1
EDITTRUDIS,1,0,1
EDITUEDA,1,0,1
EDITZ,1,0,1
EDIVETH,1,0,1
EDIVULGA,1,0,1
EDIW,1,0,1
EDIWN,1,0,1
EDIXTON,1,0,1
EDIYSON,1,0,1
EDIZABET,1,0,1
EDLDY,1,0,1
EDLE,1,0,1
EDLEMIRA,1,0,1
EDLI,1,0,1
EDLIM,1,0,1
EDLON,1,0,1
EDLUIN,1,0,1
EDMEDALDA,1,0,1
EDMELDA,1,0,1
EDMERD,1,0,1
EDMEREGILDA,1,0,1
EDMERN,1,0,1
EDMERY,1,0,1
EDMESTON,1,0,1
EDMID,1,0,1
EDMIGDIO,1,0,1
EDMIS,1,0,1
EDMISON,1,0,1
EDMORE,1,0,1
EDMSOR,1,0,1
EDNA DE LA CRUZ,1,0,1
EDNAL,1,0,1
EDNELY,1,0,1
EDNEVEROSKA,1,0,1
EDNILSON,1,0,1
EDNNA,1,0,1
EDNO,1,0,1
EDNOS,1,0,1
EDNULFO,1,0,1
EDOBERTO,1,0,1
EDOCIO,1,0,1
EDOGRACIA,1,0,1
EDOLFINA,1,0,1
EDOLIA,1,0,1
EDOLINDA,1,0,1
EDOLY,1,0,1
EDOM,1,0,1
EDONA,1,0,1
EDONIN,1,0,1
EDONIO,1,0,1
EDOOR,1,0,1
EDORFILIA,1,0,1
EDORICA,1,0,1
EDORIO,1,0,1
EDORO,1,0,1
EDOVIA,1,0,1
EDOY,1,0,1
EDOYTA,1,0,1
EDR,1,0,1
EDRAC,1,0,1
EDRAD,1,0,1
EDRAHY,1,0,1
EDRAINA,1,0,1
EDRANS,1,0,1
EDRAX,1,0,1
EDREI,1,0,1
EDRELIN,1,0,1
EDRENE,1,0,1
EDREY,1,0,1
EDRIC,1,0,1
EDRID,1,0,1
EDRILIO,1,0,1
EDRINA,1,0,1
EDRINES,1,0,1
EDRMAR,1,0,1
EDRO,1,0,1
EDROY,1,0,1
EDROYN,1,0,1
EDRUAN,1,0,1
EDSEN,1,0,1
EDSGAR,1,0,1
EDSMIN,1,0,1
EDSMUNDO,1,0,1
EDSON ARANTES,1,0,1
EDSSON,1,0,1
EDSY,1,0,1
EDTNA,1,0,1
EDTON,1,0,1
EDTY,1,0,1
EDUAD,1,0,1
EDUAM,1,0,1
EDUANA,1,0,1
EDUAR DE,1,0,1
EDUARADO,1,0,1
EDUARDO JOSE,1,0,1
EDUARDY,1,0,1
EDUARIL,1,0,1
EDUARINA,1,0,1
EDUARLEE,1,0,1
EDUARTE,1,0,1
EDUAS,1,0,1
EDUBEDIS,1,0,1
EDUBERTO,1,0,1
EDUBIGUES,1,0,1
EDUBIJIS,1,0,1
EDUBINO,1,0,1
EDUCCIRA,1,0,1
EDUCTINA,1,0,1
EDUEL,1,0,1
EDUELMIDER,1,0,1
EDUELZO,1,0,1
EDUERTO,1,0,1
EDUEVIN,1,0,1
EDUGMILIA,1,0,1
EDUGUER,1,0,1
EDUHAR,1,0,1
EDUHE,1,0,1
EDUIES,1,0,1
EDUILLUIN,1,0,1
EDUIM,1,0,1
EDUIND,1,0,1
EDUINS,1,0,1
EDUIWN,1,0,1
EDUL,1,0,1
EDULBILDA,1,0,1
EDULER,1,0,1
EDULFINDA,1,0,1
EDULFINO,1,0,1
EDULINO,1,0,1
EDULO,1,0,1
EDUM,1,0,1
EDUMDINA,1,0,1
EDUMINIA,1,0,1
EDURDS,1,0,1
EDURO,1,0,1
EDUT,1,0,1
EDUVIA,1,0,1
EDUVIDIA,1,0,1
EDUVILGIO,1,0,1
EDUVILIO,1,0,1
EDUVILMA,1,0,1
EDUWAR,1,0,1
EDUWIL,1,0,1
EDUWING,1,0,1
EDUWIS,1,0,1
EDUWUAR,1,0,1
EDUY,1,0,1
EDUYS,1,0,1
EDVALDO,1,0,1
EDVARDO,1,0,1
EDVELIN,1,0,1
EDVELIO,1,0,1
EDVIA,1,0,1
EDVIDER,1,0,1
EDVINI,1,0,1
EDVIS,1,0,1
EDVY,1,0,1
EDVYN,1,0,1
EDWAAAARD,1,0,1
EDWAD,1,0,1
EDWALDO,1,0,1
EDWARS,1,0,1
EDWARTH,1,0,1
EDWAS,1,0,1
EDWDUIN,1,0,1
EDWHARDS,1,0,1
EDWI,1,0,1
EDWIEN,1,0,1
EDWIG,1,0,1
EDWIGE,1,0,1
EDWIGES,1,0,1
EDWINB,1,0,1
EDWINGH,1,0,1
EDWINH,1,0,1
EDWINM,1,0,1
EDWLIN,1,0,1
EDWON,1,0,1
EDWORD,1,0,1
EDWUIND,1,0,1
EDWVIN,1,0,1
EDWY,1,0,1
EDXON,1,0,1
EDYBERTO,1,0,1
EDYEE,1,0,1
EDYLEY,1,0,1
EDYLIAN,1,0,1
EDYLTRUDIS,1,0,1
EDYNEL,1,0,1
EDYSON,1,0,1
EDYSTH,1,0,1
EDYTA,1,0,1
EDYX,1,0,1
EDYXON,1,0,1
EDYYN,1,0,1
EDYZ,1,0,1
EDZINE,1,0,1
EELEN,1,0,1
EELIX,1,0,1
EERIKA,1,0,1
EESLY,1,0,1
EESNA,1,0,1
EESTREY,1,0,1
EETION,1,0,1
EEUFEMIA,1,0,1
EEVELIO,1,0,1
EFELINA,1,0,1
EFESTIANO,1,0,1
EFESTION,1,0,1
EFFER,1,0,1
EFFLYN,1,0,1
EFFRAIN,1,0,1
EFFRIN,1,0,1
EFIE,1,0,1
EFIGEMIA,1,0,1
EFIGENIA DE,1,0,1
EFILENIA,1,0,1
EFLIX,1,0,1
EFNA,1,0,1
EFRAEN,1,0,1
EFRAUSINIA,1,0,1
EFREDESMINDO,1,0,1
EFREHEN,1,0,1
EFRENA,1,0,1
EFRENIS,1,0,1
EFREY,1,0,1
EFRONIA,1,0,1
EFROSINA,1,0,1
EFRY,1,0,1
EFUGENIA,1,0,1
EGBENIA,1,0,1
EGDALIAS,1,0,1
EGDAR,1,0,1
EGDELA,1,0,1
EGDELIA,1,0,1
EGDER,1,0,1
EGDGAR,1,0,1
EGDOLIA,1,0,1
EGDOLINA,1,0,1
EGDOMIA,1,0,1
EGDOMINA,1,0,1
EGDOMIRA,1,0,1
EGDON,1,0,1
EGDONIA,1,0,1
EGDUNIA,1,0,1
EGEDIA,1,0,1
EGEL,1,0,1
EGELA,1,0,1
EGELIA,1,0,1
EGENIA,1,0,1
EGEORGINA,1,0,1
EGESBERTO,1,0,1
EGESSY,1,0,1
EGGIDIA,1,0,1
EGGY,1,0,1
EGICELLE,1,0,1
EGINIO,1,0,1
EGIPCIA,1,0,1
EGLADTH,1,0,1
EGLAEL,1,0,1
EGLELIO,1,0,1
EGLISS,1,0,1
EGLYN,1,0,1
EGLYS,1,0,1
EGMIDIO,1,0,1
EGMINDA,1,0,1
EGNARELI,1,0,1
EGNELIA,1,0,1
EGNI,1,0,1
EGNILANDI,1,0,1
EGNORIA,1,0,1
EGNY,1,0,1
EGODMILIO,1,0,1
EGOICES,1,0,1
EGOLITA,1,0,1
EGONES,1,0,1
EGOVELIS,1,0,1
EGRA,1,0,1
EGRANTINA,1,0,1
EGRIN,1,0,1
EGRIS,1,0,1
EGRO,1,0,1
EGROLINDA,1,0,1
EGRONICA,1,0,1
EGUDELIA,1,0,1
EGUICE,1,0,1
EGUIDIO,1,0,1
EGUINALDO,1,0,1
EGUIOBERTO,1,0,1
EGUIR,1,0,1
EGUIS,1,0,1
EGVERTO,1,0,1
EHDY,1,0,1
EHEIS,1,0,1
EHIBY,1,0,1
EHIDE,1,0,1
EHIDIN,1,0,1
EHIDY,1,0,1
EHIGINIO,1,0,1
EHILYN,1,0,1
EHITEL,1,0,1
EHPRIL,1,0,1
EHTLIN,1,0,1
EHTNAN,1,0,1
EHTYL,1,0,1
EHUMBERTO,1,0,1
EHYBI,1,0,1
EHYBY,1,0,1
EIBE,1,0,1
EIBIN,1,0,1
EIBIS,1,0,1
EIBYN,1,0,1
EICITA,1,0,1
EICK,1,0,1
EICKEL,1,0,1
EIDALINA,1,0,1
EIDANIA,1,0,1
EIDAURA,1,0,1
EIDEL,1,0,1
EIDELMAN,1,0,1
EIDEN,1,0,1
EIDES,1,0,1
EIDIBETH,1,0,1
EIDIE,1,0,1
EIDIN,1,0,1
EIDIS,1,0,1
EIDO,1,0,1
EIDOLINA,1,0,1
EIDONES,1,0,1
EIDTH,1,0,1
EIDUVINA,1,0,1
EIELEEN,1,0,1
EIFI,1,0,1
EIGIDIO,1,0,1
EIKEL,1,0,1
EILA,1,0,1
EILBERTO,1,0,1
EILIU,1,0,1
EILMER,1,0,1
EILY,1,0,1
EILZAR,1,0,1
EIMI,1,0,1
EIMMY,1,0,1
EINGINIO,1,0,1
EINMERINDA,1,0,1
EINOR,1,0,1
EINSTEN,1,0,1
EINSTIN,1,0,1
EIPRIN,1,0,1
EIRCK,1,0,1
EIREN,1,0,1
EIRENA,1,0,1
EIRNALDO,1,0,1
EIRO,1,0,1
EIRON,1,0,1
EISA,1,0,1
EISABEL,1,0,1
EISBELA,1,0,1
EISEMAN,1,0,1
EISENOBER,1,0,1
EISILDA,1,0,1
EISITA,1,0,1
EISMARY,1,0,1
EISMUNDO,1,0,1
EISTEY,1,0,1
EISTIN,1,0,1
EISTYN,1,0,1
EITYN,1,0,1
EIVE,1,0,1
EIVIS,1,0,1
EIXADE,1,0,1
EIXOLANDA,1,0,1
EIZMARA,1,0,1
EJAS,1,0,1
EJENIO,1,0,1
EJILA,1,0,1
EKA,1,0,1
EKATERINE,1,0,1
EKBER,1,0,1
EKBERT,1,0,1
EKCA,1,0,1
EKE,1,0,1
EKEM,1,0,1
EKEMON,1,0,1
EKIN,1,0,1
EKLY,1,0,1
EKVIA,1,0,1
EL DULCE NOMBRE,1,0,1
EL MUNDO,1,0,1
EL YOENAI,1,0,1
ELA DEL,1,0,1
ELACIA,1,0,1
ELACTERIA,1,0,1
ELADE,1,0,1
ELADIES,1,0,1
ELADIFONZO,1,0,1
ELADINA,1,0,1
ELADISLAO,1,0,1
ELAILA,1,0,1
ELAIZA,1,0,1
ELAJIN,1,0,1
ELAMINIO,1,0,1
ELANCHETA,1,0,1
ELAND,1,0,1
ELANOY,1,0,1
ELANSI,1,0,1
ELANTINA,1,0,1
ELARDUY,1,0,1
ELASIA,1,0,1
ELASTELIA,1,0,1
ELAUDICIA,1,0,1
ELAURDES,1,0,1
ELAVANY,1,0,1
ELAVESE,1,0,1
ELAVIA,1,0,1
ELAYA,1,0,1
ELBA  SOFIA,1,0,1
ELBA CIRILA DE,1,0,1
ELBA DE JESUS,1,0,1
ELBALI,1,0,1
ELBAN,1,0,1
ELBAVILA,1,0,1
ELBENIS,1,0,1
ELBERCIO,1,0,1
ELBERLITA,1,0,1
ELBERTA,1,0,1
ELBERTT,1,0,1
ELBIEN,1,0,1
ELBINIA,1,0,1
ELBINO,1,0,1
ELBINS,1,0,1
ELBIRIA,1,0,1
ELBIT,1,0,1
ELBITIA,1,0,1
ELBIX,1,0,1
ELBIZ,1,0,1
ELBLEIN,1,0,1
ELBLYN,1,0,1
ELBON,1,0,1
ELBOR,1,0,1
ELBRETH,1,0,1
ELBU,1,0,1
ELBUT,1,0,1
ELBUTH,1,0,1
ELBYS,1,0,1
ELCANO,1,0,1
ELCELI,1,0,1
ELCELINA,1,0,1
ELCHY,1,0,1
ELCIDAS,1,0,1
ELCIER,1,0,1
ELCILIA,1,0,1
ELCINDA,1,0,1
ELCIO,1,0,1
ELCIY,1,0,1
ELCLY,1,0,1
ELCOT,1,0,1
ELCRECIA,1,0,1
ELCRENA,1,0,1
ELCRESA,1,0,1
ELCTERIA,1,0,1
ELDA DAMARIZ,1,0,1
ELDA DE JESUS,1,0,1
ELDA JULIETA,1,0,1
ELDA MARINA,1,0,1
ELDAARIEL,1,0,1
ELDAH,1,0,1
ELDAIR,1,0,1
ELDALI,1,0,1
ELDAS,1,0,1
ELDDER,1,0,1
ELDEBIA,1,0,1
ELDECINA,1,0,1
ELDEER,1,0,1
ELDEFONZA,1,0,1
ELDEFONZO,1,0,1
ELDELMA,1,0,1
ELDEMERA,1,0,1
ELDEMIDA,1,0,1
ELDEMIR,1,0,1
ELDEMIRA,1,0,1
ELDENE,1,0,1
ELDERMIN,1,0,1
ELDEROSA,1,0,1
ELDERS,1,0,1
ELDESENIA,1,0,1
ELDEY,1,0,1
ELDIBAN,1,0,1
ELDIBANDO,1,0,1
ELDIBRANDA,1,0,1
ELDILFO,1,0,1
ELDIONIS,1,0,1
ELDISA,1,0,1
ELDITA,1,0,1
ELDIVRANDO,1,0,1
ELDLIN,1,0,1
ELDNA,1,0,1
ELDOMISIA,1,0,1
ELDOMITILA  DE,1,0,1
ELDRIDGE,1,0,1
ELDRIS,1,0,1
ELDRUY,1,0,1
ELDUIN,1,0,1
ELDULFO,1,0,1
ELDUMILIA,1,0,1
ELDUVIS,1,0,1
ELDYIN,1,0,1
ELEADA,1,0,1
ELEADIN,1,0,1
ELEANDRO,1,0,1
ELEANIAS,1,0,1
ELEANO,1,0,1
ELEARDINA,1,0,1
ELEARQUINO,1,0,1
ELEARSI,1,0,1
ELEAS,1,0,1
ELEASAS,1,0,1
ELEASTINA,1,0,1
ELEAZY,1,0,1
ELEBALDO,1,0,1
ELEBAR,1,0,1
ELEBIAS,1,0,1
ELEBIN,1,0,1
ELECCY,1,0,1
ELECIA,1,0,1
ELECK,1,0,1
ELECTECIA,1,0,1
ELECTEREO,1,0,1
ELECTICIO,1,0,1
ELECTIS,1,0,1
ELEDELMAN,1,0,1
ELEDESMAN,1,0,1
ELEDORA,1,0,1
ELEDORO,1,0,1
ELEFICIA,1,0,1
ELEFREDIS,1,0,1
ELEGIA,1,0,1
ELEGNY,1,0,1
ELEILA,1,0,1
ELEISI,1,0,1
ELEISMA,1,0,1
ELEISTER,1,0,1
ELEIZA,1,0,1
ELEIZER,1,0,1
ELEJOVITO,1,0,1
ELELIO,1,0,1
ELELIS,1,0,1
ELEMENCIA,1,0,1
ELEMIL,1,0,1
ELEMILSON,1,0,1
ELEMIN,1,0,1
ELEMIRA,1,0,1
ELEMIRES,1,0,1
ELENAIDUY,1,0,1
ELENALDO,1,0,1
ELENAR,1,0,1
ELENCIA,1,0,1
ELENDA,1,0,1
ELENEA,1,0,1
ELENER,1,0,1
ELENID,1,0,1
ELENIDA,1,0,1
ELENIDALIA,1,0,1
ELENMIRIA,1,0,1
ELEODIA,1,0,1
ELEOMARA,1,0,1
ELEONCIO,1,0,1
ELEONDINO,1,0,1
ELEONEY,1,0,1
ELEONILA,1,0,1
ELEONSO,1,0,1
ELEONZA,1,0,1
ELEONZO,1,0,1
ELEPINA,1,0,1
ELEPOLDIO,1,0,1
ELEREDA,1,0,1
ELERESA,1,0,1
ELEROSA,1,0,1
ELESA,1,0,1
ELESABETH,1,0,1
ELESBI,1,0,1
ELESTE,1,0,1
ELESTERIA,1,0,1
ELESTES,1,0,1
ELESTRE,1,0,1
ELESVIA,1,0,1
ELETINA,1,0,1
ELEUCITO,1,0,1
ELEUCTERIA,1,0,1
ELEUPICIO,1,0,1
ELEUSTERIO,1,0,1
ELEVEC,1,0,1
ELEXANDRE,1,0,1
ELEXAR,1,0,1
ELEXICA,1,0,1
ELEXSALIDES,1,0,1
ELEYCI,1,0,1
ELEYDE,1,0,1
ELEYDIZ,1,0,1
ELEYNE,1,0,1
ELEYO,1,0,1
ELEYSON,1,0,1
ELEYZA,1,0,1
ELEZAR,1,0,1
ELFE,1,0,1
ELFIO,1,0,1
ELFIRIO,1,0,1
ELFITA,1,0,1
ELFIY,1,0,1
ELFLE,1,0,1
ELFRED,1,0,1
ELFRES,1,0,1
ELFRI,1,0,1
ELFRIEDE,1,0,1
ELFRIGDA,1,0,1
ELFROCINA,1,0,1
ELFRY,1,0,1
ELGAN,1,0,1
ELGARD,1,0,1
ELGAS,1,0,1
ELGEN,1,0,1
ELGHARD,1,0,1
ELGICA,1,0,1
ELGIM,1,0,1
ELGIS,1,0,1
ELGRAR,1,0,1
ELGRESA,1,0,1
ELGUA,1,0,1
ELGUAN,1,0,1
ELGUI,1,0,1
ELGUIR,1,0,1
ELGUIS,1,0,1
ELHA,1,0,1
ELHAM,1,0,1
ELHYEL,1,0,1
ELI DE JESUS,1,0,1
ELIA   MARIA,1,0,1
ELIABERTHA,1,0,1
ELIACIO,1,0,1
ELIADA,1,0,1
ELIADIDIS,1,0,1
ELIADIN,1,0,1
ELIAMINDA,1,0,1
ELIANA VICTORIA,1,0,1
ELIANAI,1,0,1
ELIANIP,1,0,1
ELIANNA,1,0,1
ELIANORA,1,0,1
ELIAQUIAN,1,0,1
ELIAQUIM,1,0,1
ELIARKIN,1,0,1
ELIAS DE JESUS,1,0,1
ELIASARO,1,0,1
ELIAVID,1,0,1
ELIAZARO,1,0,1
ELIBAIRO,1,0,1
ELIBAR,1,0,1
ELIBEM,1,0,1
ELIBERA,1,0,1
ELIBIGILDA,1,0,1
ELIBRY,1,0,1
ELICANO,1,0,1
ELICCI,1,0,1
ELICEDI,1,0,1
ELICEF,1,0,1
ELICIAR,1,0,1
ELICID,1,0,1
ELICOS,1,0,1
ELICSELA,1,0,1
ELICTZ,1,0,1
ELIDA DEL CARME,1,0,1
ELIDA MARIA,1,0,1
ELIDAN,1,0,1
ELIDAS,1,0,1
ELIDEFONSO,1,0,1
ELIDELDA,1,0,1
ELIDENAY,1,0,1
ELIDERMA,1,0,1
ELIDESENIA,1,0,1
ELIDONIO,1,0,1
ELIDULBINA,1,0,1
ELIDUTINA,1,0,1
ELIDYS,1,0,1
ELIECIER,1,0,1
ELIEDO,1,0,1
ELIEETE,1,0,1
ELIEM,1,0,1
ELIEN,1,0,1
ELIESTHER,1,0,1
ELIETIS,1,0,1
ELIEVER,1,0,1
ELIEZETH,1,0,1
ELIFACITA,1,0,1
ELIFECET,1,0,1
ELIFELEC,1,0,1
ELIFET,1,0,1
ELIFONZO,1,0,1
ELIGDA,1,0,1
ELIGIDO,1,0,1
ELIGNA,1,0,1
ELIGNO,1,0,1
ELIGORIO,1,0,1
ELIGTON,1,0,1
ELIHACHIN,1,0,1
ELIKA,1,0,1
ELILAIDA,1,0,1
ELILLAS,1,0,1
ELILU,1,0,1
ELILY,1,0,1
ELIMBER,1,0,1
ELIMELECH,1,0,1
ELIMEN,1,0,1
ELIMILET,1,0,1
ELIMINDA,1,0,1
ELIMMER,1,0,1
ELINDER,1,0,1
ELINDO,1,0,1
ELINSON,1,0,1
ELINY,1,0,1
ELIO DE JESUS,1,0,1
ELIOBE,1,0,1
ELIOBETH,1,0,1
ELIODARDO,1,0,1
ELIODER,1,0,1
ELIODID,1,0,1
ELIODIN,1,0,1
ELIODINA,1,0,1
ELIODITA,1,0,1
ELIODY,1,0,1
ELIOENAIN,1,0,1
ELIOMARY,1,0,1
ELIOMER,1,0,1
ELION,1,0,1
ELIONA,1,0,1
ELIONAN,1,0,1
ELIONDINA,1,0,1
ELIONDINO,1,0,1
ELIONI,1,0,1
ELIONILO,1,0,1
ELIONSIA,1,0,1
ELIORET,1,0,1
ELIORGINA,1,0,1
ELIOSA,1,0,1
ELIOTT,1,0,1
ELIOVES,1,0,1
ELIOVIGILDA,1,0,1
ELIOZA,1,0,1
ELIPCIO,1,0,1
ELIPIDIO,1,0,1
ELIPINO,1,0,1
ELIPIO,1,0,1
ELIPOLITO,1,0,1
ELIQUIN,1,0,1
ELIRIA,1,0,1
ELIRTA,1,0,1
ELISABETIS,1,0,1
ELISABINDA,1,0,1
ELISACHAN,1,0,1
ELISAFAT,1,0,1
ELISAMITA,1,0,1
ELISANIOS,1,0,1
ELISARIO,1,0,1
ELISAUL,1,0,1
ELISAURO,1,0,1
ELISAVINDA,1,0,1
ELISCET,1,0,1
ELISDIA,1,0,1
ELISEBALDO,1,0,1
ELISELDO,1,0,1
ELISES,1,0,1
ELISEYDA,1,0,1
ELISI,1,0,1
ELISIANO,1,0,1
ELISIDORO,1,0,1
ELISIEO,1,0,1
ELISIR,1,0,1
ELISMABETH,1,0,1
ELISMAN,1,0,1
ELISMELT,1,0,1
ELISO,1,0,1
ELISOR,1,0,1
ELISS,1,0,1
ELISSA MARIA,1,0,1
ELISTERIO,1,0,1
ELISY,1,0,1
ELITBET,1,0,1
ELITERIO,1,0,1
ELITINA,1,0,1
ELITO,1,0,1
ELITRUDES,1,0,1
ELITTA,1,0,1
ELITZAURD,1,0,1
ELIUBAR,1,0,1
ELIUCK,1,0,1
ELIUST,1,0,1
ELIVAN,1,0,1
ELIVANDO,1,0,1
ELIVELIA,1,0,1
ELIVERONICA,1,0,1
ELIVIA,1,0,1
ELIVIDA,1,0,1
ELIVIDIO,1,0,1
ELIVIN,1,0,1
ELIVISE,1,0,1
ELIXABEH,1,0,1
ELIXAVIER,1,0,1
ELIXCENIA,1,0,1
ELIXCES,1,0,1
ELIXERNOVER,1,0,1
ELIXINIA,1,0,1
ELIXINOVER,1,0,1
ELIXIS,1,0,1
ELIXONOVER,1,0,1
ELIXSER,1,0,1
ELIXZA,1,0,1
ELIYAK,1,0,1
ELIYERTO,1,0,1
ELIZABETHDEL,1,0,1
ELIZABETHY,1,0,1
ELIZABETS,1,0,1
ELIZABETTA,1,0,1
ELIZAEL,1,0,1
ELIZAFATH,1,0,1
ELIZANGELA,1,0,1
ELIZAVEC,1,0,1
ELIZAVEE,1,0,1
ELIZELDA,1,0,1
ELIZENE,1,0,1
ELIZENIA,1,0,1
ELIZENOVER,1,0,1
ELIZZETE,1,0,1
ELJICA,1,0,1
ELKAN,1,0,1
ELKCA,1,0,1
ELKEE,1,0,1
ELKER,1,0,1
ELKIA,1,0,1
ELKINS,1,0,1
ELLA  LUVINIA,1,0,1
ELLAIR,1,0,1
ELLANA,1,0,1
ELLENGTON,1,0,1
ELLEOT,1,0,1
ELLERTON,1,0,1
ELLIC,1,0,1
ELLINEOR,1,0,1
ELLIOTH,1,0,1
ELLMER,1,0,1
ELLNER,1,0,1
ELLORINE,1,0,1
ELLSERTH,1,0,1
ELLYIN,1,0,1
ELLYM,1,0,1
ELMADAN,1,0,1
ELMAINA,1,0,1
ELMALDINA,1,0,1
ELMAM,1,0,1
ELMANISAAC,1,0,1
ELMATULADA,1,0,1
ELMENCIA,1,0,1
ELMERD,1,0,1
ELMERE,1,0,1
ELMERITA,1,0,1
ELMESBI,1,0,1
ELMETERIO,1,0,1
ELMEY,1,0,1
ELMICER,1,0,1
ELMIDES,1,0,1
ELMIL,1,0,1
ELMILSA,1,0,1
ELMINACIO,1,0,1
ELMINSON,1,0,1
ELMINTO,1,0,1
ELMISELDA,1,0,1
ELMIT,1,0,1
ELMITH,1,0,1
ELMITS,1,0,1
ELMITT,1,0,1
ELMIXS,1,0,1
ELMONTH,1,0,1
ELMOT,1,0,1
ELN,1,0,1
ELNATINA,1,0,1
ELNAVETI,1,0,1
ELNI,1,0,1
ELNIDA,1,0,1
ELNIZ,1,0,1
ELNORA,1,0,1
ELNY,1,0,1
ELOAN,1,0,1
ELOBINA,1,0,1
ELOENIA,1,0,1
ELOGIA JOSEFA,1,0,1
ELOIY,1,0,1
ELOIZ,1,0,1
ELOLIBERTO,1,0,1
ELOLINA,1,0,1
ELOLLINA,1,0,1
ELOMI,1,0,1
ELOMILDA,1,0,1
ELOMN,1,0,1
ELONAY,1,0,1
ELONDINA,1,0,1
ELONDINO,1,0,1
ELONEA,1,0,1
ELONIS,1,0,1
ELONOR,1,0,1
ELOPINA,1,0,1
ELOPINIA,1,0,1
ELOQUIN,1,0,1
ELOR,1,0,1
ELORAINWS,1,0,1
ELORIO,1,0,1
ELORISTERIA,1,0,1
ELOSSE,1,0,1
ELOSTON,1,0,1
ELOTICIA,1,0,1
ELOUDES,1,0,1
ELOVIA,1,0,1
ELOYSO,1,0,1
ELPERIO,1,0,1
ELPHY,1,0,1
ELPIËA,1,0,1
ELPRAIDA,1,0,1
ELPROCINA,1,0,1
ELQUE,1,0,1
ELQUER,1,0,1
ELRE,1,0,1
ELREAG,1,0,1
ELRIC,1,0,1
ELRICK,1,0,1
ELRMES,1,0,1
ELRROLL,1,0,1
ELS,1,0,1
ELSA DORIS,1,0,1
ELSA TRINIDAD,1,0,1
ELSA YAMIRA,1,0,1
ELSADA,1,0,1
ELSADY,1,0,1
ELSAI,1,0,1
ELSAIAN,1,0,1
ELSALINA,1,0,1
ELSALUM,1,0,1
ELSAMARIBEL,1,0,1
ELSAMIRIA,1,0,1
ELSAN,1,0,1
ELSANIA,1,0,1
ELSAR,1,0,1
ELSAX,1,0,1
ELSBORTH,1,0,1
ELSEDO,1,0,1
ELSEE,1,0,1
ELSENA,1,0,1
ELSEQUIAS,1,0,1
ELSIC,1,0,1
ELSIDI,1,0,1
ELSIDORA,1,0,1
ELSIENARCISA,1,0,1
ELSIER,1,0,1
ELSILDA,1,0,1
ELSINDA,1,0,1
ELSINER,1,0,1
ELSIRES,1,0,1
ELSIRIS,1,0,1
ELSMAN,1,0,1
ELSNER,1,0,1
ELSOIMINA,1,0,1
ELSOLINA,1,0,1
ELSOM,1,0,1
ELSSER,1,0,1
ELSSIS,1,0,1
ELSWARD,1,0,1
ELSWIT,1,0,1
ELSY DE JESUS,1,0,1
ELSYA,1,0,1
ELSYBETH,1,0,1
ELSYDA,1,0,1
ELSYRA,1,0,1
ELTAN,1,0,1
ELTEIN,1,0,1
ELTIN,1,0,1
ELTIO,1,0,1
ELTRENA,1,0,1
ELTRINA,1,0,1
ELTRUDES,1,0,1
ELUCADIO,1,0,1
ELUCENIA,1,0,1
ELUCIPA,1,0,1
ELUCRECIO,1,0,1
ELUDE,1,0,1
ELUDI,1,0,1
ELUDINIO,1,0,1
ELUDONIA,1,0,1
ELUDYS,1,0,1
ELUIRA,1,0,1
ELUISA,1,0,1
ELULINA,1,0,1
ELUNICE,1,0,1
ELURDEN,1,0,1
ELUSARY,1,0,1
ELUSAY,1,0,1
ELUSERMO,1,0,1
ELUSINDA,1,0,1
ELUTEREO,1,0,1
ELVAINA,1,0,1
ELVANDINA,1,0,1
ELVANELY,1,0,1
ELVAS,1,0,1
ELVASIO,1,0,1
ELVEATO,1,0,1
ELVEDICTA,1,0,1
ELVEL,1,0,1
ELVELIO,1,0,1
ELVELY,1,0,1
ELVERT,1,0,1
ELVERY,1,0,1
ELVETIA,1,0,1
ELVETY,1,0,1
ELVEY,1,0,1
ELVHA,1,0,1
ELVIA   XIOMARA,1,0,1
ELVIA CONSUELO,1,0,1
ELVIA MARIA,1,0,1
ELVIAOFELIA,1,0,1
ELVIAS,1,0,1
ELVIDO,1,0,1
ELVIER,1,0,1
ELVIN   ANTONIO,1,0,1
ELVIN WILFREDO,1,0,1
ELVISIMO,1,0,1
ELVISTINO,1,0,1
ELVIX,1,0,1
ELWARTT,1,0,1
ELWEN,1,0,1
ELWES,1,0,1
ELWETERIO,1,0,1
ELWITH,1,0,1
ELWUER,1,0,1
ELXI,1,0,1
ELXIR,1,0,1
ELXIS,1,0,1
ELYA,1,0,1
ELYDIA,1,0,1
ELYDO,1,0,1
ELYE,1,0,1
ELYER,1,0,1
ELYGENIA,1,0,1
ELYMELEC,1,0,1
ELYODORO,1,0,1
ELYONAY,1,0,1
ELYORK,1,0,1
ELYSELDA,1,0,1
ELYUBANI,1,0,1
ELZBIETH,1,0,1
ELZETTE,1,0,1
ELZIMANDA,1,0,1
ELZY,1,0,1
EMAD,1,0,1
EMAGELISTA,1,0,1
EMAGIN,1,0,1
EMAILIAR,1,0,1
EMAIMA,1,0,1
EMAINA,1,0,1
EMALAINA,1,0,1
EMALDO,1,0,1
EMALIZETH,1,0,1
EMALU,1,0,1
EMANA,1,0,1
EMANDA,1,0,1
EMANUEL DE,1,0,1
EMARLENI,1,0,1
EMAS,1,0,1
EMAYLIN,1,0,1
EMBACANY,1,0,1
EMBERTA,1,0,1
EMBETINA,1,0,1
EMBLIS,1,0,1
EMEC,1,0,1
EMEDA,1,0,1
EMEDARDA,1,0,1
EMEDARDO,1,0,1
EMEGIDIO,1,0,1
EMEHOMI,1,0,1
EMEIRTA,1,0,1
EMELADIS,1,0,1
EMELANEA,1,0,1
EMELCIA,1,0,1
EMELDA JOAQUINA,1,0,1
EMELDIA,1,0,1
EMELDIN,1,0,1
EMELE,1,0,1
EMELET,1,0,1
EMELETINA,1,0,1
EMELIC,1,0,1
EMELIDO,1,0,1
EMELISTON,1,0,1
EMELITON,1,0,1
EMELIY,1,0,1
EMELIZ,1,0,1
EMELSAR,1,0,1
EMEMIAS,1,0,1
EMENALIA,1,0,1
EMENANDA,1,0,1
EMENDA,1,0,1
EMENDON,1,0,1
EMENECIA,1,0,1
EMENEGILDA,1,0,1
EMENI,1,0,1
EMENICIA,1,0,1
EMENY,1,0,1
EMEQUIO,1,0,1
EMERANCIA,1,0,1
EMERANO,1,0,1
EMERARIS,1,0,1
EMERCIA,1,0,1
EMERCINDA,1,0,1
EMEREJILDA,1,0,1
EMERGELIDA,1,0,1
EMERGENIO,1,0,1
EMERGILDA,1,0,1
EMERGILDO,1,0,1
EMERI,1,0,1
EMERIA,1,0,1
EMERICIANA,1,0,1
EMERIDES,1,0,1
EMERIE,1,0,1
EMERILIA,1,0,1
EMERISIA,1,0,1
EMERITH,1,0,1
EMERITIA,1,0,1
EMERIX,1,0,1
EMERLINA,1,0,1
EMEROLDA,1,0,1
EMERSI,1,0,1
EMERTON,1,0,1
EMERYK,1,0,1
EMETENI,1,0,1
EMETEREA,1,0,1
EMETODIO,1,0,1
EMETRIA,1,0,1
EMGMA,1,0,1
EMGY,1,0,1
EMIAS,1,0,1
EMIBLIO,1,0,1
EMICIA,1,0,1
EMICILIA,1,0,1
EMIDALE,1,0,1
EMIDAN,1,0,1
EMIDEMIA,1,0,1
EMIDENCE,1,0,1
EMIDIAM,1,0,1
EMIDIANA,1,0,1
EMIDONIA,1,0,1
EMIFIAN,1,0,1
EMIGCIA,1,0,1
EMIGDELI,1,0,1
EMIGDONIA,1,0,1
EMIGILIA,1,0,1
EMIGNIA,1,0,1
EMIL DAGOBERTO,1,0,1
EMILALIANO,1,0,1
EMILANIA,1,0,1
EMILCIA,1,0,1
EMILDAJUDITH,1,0,1
EMILEHY,1,0,1
EMILEY,1,0,1
EMILEYDI,1,0,1
EMILEZ,1,0,1
EMILGIA,1,0,1
EMILGON,1,0,1
EMILIA',1,0,1
EMILIA  MARITZA,1,0,1
EMILIA AZUCENA,1,0,1
EMILIA CRISTINA,1,0,1
EMILICITA,1,0,1
EMILIE,1,0,1
EMILINO,1,0,1
EMILIO TITO,1,0,1
EMILITA,1,0,1
EMILITAI,1,0,1
EMILITIO,1,0,1
EMILSAN,1,0,1
EMILSIA,1,0,1
EMILU,1,0,1
EMIM,1,0,1
EMIMOEL,1,0,1
EMINECIA,1,0,1
EMINELBA,1,0,1
EMINIS,1,0,1
EMINONDAS,1,0,1
EMINSON,1,0,1
EMINTO,1,0,1
EMIRELIDA,1,0,1
EMIRIANO,1,0,1
EMIRITA,1,0,1
EMIRSO,1,0,1
EMISS,1,0,1
EMITHZER,1,0,1
EMITIO,1,0,1
EMITIRIO,1,0,1
EMITRIO,1,0,1
EMITZER,1,0,1
EMIXAEL,1,0,1
EMIXDONIO,1,0,1
EMLY,1,0,1
EMMA AIDE,1,0,1
EMMA DE JESUS,1,0,1
EMMACULADA,1,0,1
EMMELY,1,0,1
EMMYLOU,1,0,1
EMNALY,1,0,1
EMNIA,1,0,1
EMNLY,1,0,1
EMOGENES,1,0,1
EMORA,1,0,1
EMPELINA,1,0,1
EMRAL,1,0,1
EMRRIQUE,1,0,1
EMSLE,1,0,1
EMSON,1,0,1
EMYDIA,1,0,1
EMYN,1,0,1
EMYR,1,0,1
EN,1,0,1
ENA ARGENTINA,1,0,1
ENACIO,1,0,1
ENAD,1,0,1
ENADEL,1,0,1
ENADEX,1,0,1
ENADIO,1,0,1
ENAHEMIS,1,0,1
ENAIDITA,1,0,1
ENALDA,1,0,1
ENALEIDA,1,0,1
ENALILA,1,0,1
ENALILIANA,1,0,1
ENALUZ,1,0,1
ENAMARIEN,1,0,1
ENAMIN,1,0,1
ENANDA,1,0,1
ENANELA,1,0,1
ENARD,1,0,1
ENARDO,1,0,1
ENARO,1,0,1
ENAS,1,0,1
ENBI,1,0,1
ENBULO,1,0,1
ENCARMACION,1,0,1
ENCARNACI0N,1,0,1
ENCE,1,0,1
ENCELENA,1,0,1
ENCI,1,0,1
ENCIELE,1,0,1
ENCIO,1,0,1
ENCLITON,1,0,1
ENDALDA,1,0,1
ENDALINO,1,0,1
ENDAVIDES,1,0,1
ENDBERTO,1,0,1
ENDELICIA,1,0,1
ENDEMERITA,1,0,1
ENDENGELBER,1,0,1
ENDERECIA,1,0,1
ENDES,1,0,1
ENDFIELD,1,0,1
ENDICIA,1,0,1
ENDIDA,1,0,1
ENDIDIA,1,0,1
ENDIL,1,0,1
ENDIOLITA,1,0,1
ENDIR,1,0,1
ENDIRA,1,0,1
ENDIZ,1,0,1
ENDNA,1,0,1
ENDRA,1,0,1
ENDRE,1,0,1
ENDREN,1,0,1
ENDRI,1,0,1
ENDRITO,1,0,1
ENE  LIDIO,1,0,1
ENEBERTO,1,0,1
ENEC,1,0,1
ENECCER,1,0,1
ENECENTO,1,0,1
ENECIO,1,0,1
ENED,1,0,1
ENEDEE,1,0,1
ENEDEN,1,0,1
ENEEH,1,0,1
ENEFTALI,1,0,1
ENEGELA,1,0,1
ENEGRACIA,1,0,1
ENEHEMI,1,0,1
ENEIL,1,0,1
ENEIN,1,0,1
ENELBERTO,1,0,1
ENELCIO,1,0,1
ENELDON,1,0,1
ENELLIS,1,0,1
ENELLY,1,0,1
ENELMIRA,1,0,1
ENELMIRO,1,0,1
ENELMIS,1,0,1
ENELVIA,1,0,1
ENEMACIA,1,0,1
ENEMECIA FAUSTA,1,0,1
ENEMEDICTO,1,0,1
ENEMERIA,1,0,1
ENEMICIA,1,0,1
ENEMILA,1,0,1
ENEMIR,1,0,1
ENEO,1,0,1
EN-ER,1,0,1
ENERANDA,1,0,1
ENERBERTA,1,0,1
ENERIQUE,1,0,1
ENERMELIDA,1,0,1
ENERMILDA,1,0,1
ENERYC,1,0,1
ENERZA,1,0,1
ENESIS,1,0,1
ENESTINA,1,0,1
ENESTRAL,1,0,1
ENETILA,1,0,1
ENETILIA,1,0,1
ENETT,1,0,1
ENEVIL,1,0,1
ENEXI,1,0,1
ENEXTILIA,1,0,1
ENEYSI,1,0,1
ENGADI,1,0,1
ENGEBERTA,1,0,1
ENGELA,1,0,1
ENGELIZA,1,0,1
ENGELL,1,0,1
ENGELLS,1,0,1
ENGENDREN,1,0,1
ENGENIA,1,0,1
ENGENSY,1,0,1
ENGIE,1,0,1
ENGINIO,1,0,1
ENGIRIO,1,0,1
ENGLANDINA,1,0,1
ENGLE,1,0,1
ENGLET,1,0,1
ENGLI,1,0,1
ENGLICH,1,0,1
ENGLIS,1,0,1
ENGNY,1,0,1
ENGRABIEL,1,0,1
ENGRANCIA,1,0,1
ENGREED,1,0,1
ENGRID,1,0,1
ENGRIDS,1,0,1
ENGROCIO,1,0,1
ENGRY,1,0,1
ENGUELH,1,0,1
ENHNA,1,0,1
ENHNER,1,0,1
ENIARA,1,0,1
ENICDO,1,0,1
ENICERIO,1,0,1
ENICH,1,0,1
ENIDES,1,0,1
ENIGDIA,1,0,1
ENIGDO,1,0,1
ENIH,1,0,1
ENILDARIO,1,0,1
ENILDO,1,0,1
ENIMA,1,0,1
ENIMIO,1,0,1
ENIREY,1,0,1
ENISAEL,1,0,1
ENISITA,1,0,1
ENISX,1,0,1
ENITASANTOS,1,0,1
ENITZA,1,0,1
ENJELBERT,1,0,1
ENJOLI,1,0,1
ENLE,1,0,1
ENLEDALILO,1,0,1
ENLEMA,1,0,1
ENLIBERTO,1,0,1
ENLIN,1,0,1
ENLLY,1,0,1
ENMA DEL CARMEN,1,0,1
ENMA SUYAPA,1,0,1
ENMAEL,1,0,1
ENMAN,1,0,1
ENMANERY,1,0,1
ENMANOEL,1,0,1
ENMEL,1,0,1
ENMEMORIA,1,0,1
ENMERSON,1,0,1
ENMIDIDA,1,0,1
ENMIL,1,0,1
ENMILITINA,1,0,1
ENMIN,1,0,1
ENMMA,1,0,1
ENMMY,1,0,1
ENMON,1,0,1
ENMUA,1,0,1
ENNALITA,1,0,1
ENNAT,1,0,1
ENNAUN,1,0,1
ENNEDID,1,0,1
ENNEDIEL,1,0,1
ENNEDITA,1,0,1
ENNELIA,1,0,1
ENNES,1,0,1
ENNIDA,1,0,1
ENNIDE,1,0,1
ENNIEL,1,0,1
ENNILIA,1,0,1
ENNIN,1,0,1
ENNOE,1,0,1
ENNYDH,1,0,1
ENNYE,1,0,1
ENNYS,1,0,1
ENOAX,1,0,1
ENOBELIO,1,0,1
ENOCENTE,1,0,1
ENOCX,1,0,1
ENODORIA,1,0,1
ENOELI,1,0,1
ENOFRACIA,1,0,1
ENOH,1,0,1
ENOIDINA,1,0,1
ENOIN,1,0,1
ENOIS,1,0,1
ENOLD,1,0,1
ENOLIA,1,0,1
ENOLITA,1,0,1
ENOLIXIS,1,0,1
ENOLVA,1,0,1
ENOLVIA,1,0,1
ENOME,1,0,1
ENOMI,1,0,1
ENORITA,1,0,1
ENORY,1,0,1
ENOSEC,1,0,1
ENOVEBA,1,0,1
ENRIC,1,0,1
ENRICHETA,1,0,1
ENRICK,1,0,1
ENRICO CESAR,1,0,1
ENRIQUE RISEK,1,0,1
ENRIQUEE,1,0,1
ENRIQURE,1,0,1
ENRIQUTA,1,0,1
ENRISON,1,0,1
ENRIZ,1,0,1
ENRNY,1,0,1
ENRRIKETA,1,0,1
ENRRINOEL,1,0,1
ENRRIQUETO,1,0,1
ENRRIY,1,0,1
ENRRIZ,1,0,1
ENRRYN,1,0,1
ENRRYS,1,0,1
ENSA,1,0,1
ENSEN,1,0,1
ENSENIA,1,0,1
ENSIL,1,0,1
ENSITA,1,0,1
ENSMOR,1,0,1
ENSOR,1,0,1
ENSSON,1,0,1
ENSUCRACIA,1,0,1
ENTEMO,1,0,1
ENTIMIO,1,0,1
ENTINIO,1,0,1
ENTOR,1,0,1
ENTREBERTA,1,0,1
ENTYL,1,0,1
ENUAS,1,0,1
ENUEDA,1,0,1
ENUEL,1,0,1
ENUHEMIA,1,0,1
ENUIMIA,1,0,1
ENUS,1,0,1
ENVANGELINA,1,0,1
ENVIN,1,0,1
ENVISIDIA,1,0,1
ENVOR,1,0,1
ENWIS,1,0,1
ENXIS,1,0,1
ENYEE,1,0,1
ENYELA,1,0,1
ENYER,1,0,1
ENYIEL,1,0,1
ENYIL,1,0,1
ENYIR,1,0,1
EOBAD,1,0,1
EOBAN,1,0,1
EOBDULIA,1,0,1
EOBILDA,1,0,1
EODORA,1,0,1
EOFROCINO,1,0,1
EOJARA,1,0,1
EOLANDA,1,0,1
EOLANDO,1,0,1
EOLEA,1,0,1
EON,1,0,1
EONEY,1,0,1
EONICE,1,0,1
EONICIA,1,0,1
EORGIA,1,0,1
EORI,1,0,1
EORL,1,0,1
EOSMAR,1,0,1
EOTILIA,1,0,1
EOVALDA,1,0,1
EOVIDIO,1,0,1
EPAGITA,1,0,1
EPDONILIA,1,0,1
EPEDINA,1,0,1
EPEPAËA,1,0,1
EPERDINIA,1,0,1
EPIDAURO,1,0,1
EPIDIA,1,0,1
EPIFENIA,1,0,1
EPIFENIO,1,0,1
EPIFONIO,1,0,1
EPIGDIO,1,0,1
EPIGENIA,1,0,1
EPILMENIO,1,0,1
EPIMEMIO,1,0,1
EPINEL,1,0,1
EPISFANIA,1,0,1
EPISFMENIO,1,0,1
EPITELIA,1,0,1
EPPIDIO,1,0,1
EPRAIN,1,0,1
EPRIL,1,0,1
EPRINA,1,0,1
EPROCINA,1,0,1
EPROFADITO,1,0,1
EPSASICA,1,0,1
EPSEL,1,0,1
EPTALI,1,0,1
EPXIS,1,0,1
EQSEQUIEL,1,0,1
EQUIDEL,1,0,1
EQUIMOR,1,0,1
EQUISMENIA,1,0,1
EQUIVILIN,1,0,1
ER NORMAN,1,0,1
ERABIO,1,0,1
ERACHIN,1,0,1
ERACIA,1,0,1
ERACRIDES,1,0,1
ERADIA DE JESUS,1,0,1
ERADINA,1,0,1
ERADINE,1,0,1
ERADIS,1,0,1
ERAILEN,1,0,1
ERAILIN,1,0,1
ERALD,1,0,1
ERALDI,1,0,1
ERALITO,1,0,1
ERANKLIN,1,0,1
ERAPTIVO,1,0,1
ERARIO,1,0,1
ERASMINDA,1,0,1
ERASMINO,1,0,1
ERASMUS,1,0,1
ERAUCIS,1,0,1
ERAUDINA,1,0,1
ERBACIA,1,0,1
ERBANDO,1,0,1
ERBELINDA,1,0,1
ERBENDINA,1,0,1
ERBENIA,1,0,1
ERBER,1,0,1
ERBESTINA,1,0,1
ERBINDONE,1,0,1
ERCELA,1,0,1
ERCELID,1,0,1
ERCELLE,1,0,1
ERCEN,1,0,1
ERCIKA,1,0,1
ERCILEO,1,0,1
ERCILIA DE,1,0,1
ERCIN,1,0,1
ERCLUIN,1,0,1
ERCOLE,1,0,1
ERDELINIA,1,0,1
ERDER JOAQUIN,1,0,1
ERDEVEDINDA,1,0,1
ERDILIA,1,0,1
ERDINE,1,0,1
ERDINIA,1,0,1
ERDMES,1,0,1
ERDOËA,1,0,1
ERDOCIA,1,0,1
ERDOMILIA,1,0,1
ERDUVIN,1,0,1
ERE,1,0,1
EREËA,1,0,1
EREBELIA,1,0,1
ERECA,1,0,1
ERECELIA,1,0,1
ERECELINDA,1,0,1
ERECHSEN,1,0,1
ERECKA,1,0,1
ERECON,1,0,1
ERED,1,0,1
EREDI,1,0,1
EREDIO,1,0,1
EREDIS,1,0,1
EREDITO,1,0,1
EREGILIA,1,0,1
EREIN,1,0,1
EREINA,1,0,1
ERELDILDA,1,0,1
EREMUNDO,1,0,1
ERENESTINO,1,0,1
ERENESTRO,1,0,1
ERENIAS,1,0,1
ERENIS,1,0,1
ERENTE,1,0,1
ERERIS,1,0,1
ERERVINDA,1,0,1
ERESERIS,1,0,1
ERESMIRO,1,0,1
ERESMITA,1,0,1
ERESMO,1,0,1
ERESNALDA,1,0,1
EREYSI,1,0,1
ERGAN,1,0,1
ERGARDO,1,0,1
ERGEN,1,0,1
ERGENIS,1,0,1
ERGGI,1,0,1
ERGIE,1,0,1
ERGIL,1,0,1
ERGUEN,1,0,1
ERHYE,1,0,1
ERIAN,1,0,1
ERIBELDA,1,0,1
ERIBELY,1,0,1
ERICA DE LA FE,1,0,1
ERICCIA,1,0,1
ERICELYS,1,0,1
ERICENIA,1,0,1
ERICHA,1,0,1
ERICILDA,1,0,1
ERICON,1,0,1
ERICS,1,0,1
ERICXA,1,0,1
ERICXON,1,0,1
ERIDANIA,1,0,1
ERIEX,1,0,1
ERIGELBERTA,1,0,1
ERIH,1,0,1
ERIHK,1,0,1
ERIHN,1,0,1
ERIKE,1,0,1
ERIKH,1,0,1
ERIKHA,1,0,1
ERIKL,1,0,1
ERIKSELIS,1,0,1
ERIKZON,1,0,1
ERILD,1,0,1
ERIMAN,1,0,1
ERIMITA,1,0,1
ERINAN,1,0,1
ERINDA,1,0,1
ERINE,1,0,1
ERINH,1,0,1
ERIOTILDE,1,0,1
ERIPA,1,0,1
ERIQUIO,1,0,1
ERISAIDA,1,0,1
ERISBERTO,1,0,1
ERISCELIA,1,0,1
ERISDELI,1,0,1
ERISMELING,1,0,1
ERISMO,1,0,1
ERISMUNDO,1,0,1
ERISNALDO,1,0,1
ERISNELDO,1,0,1
ERISTINA,1,0,1
ERITEL,1,0,1
ERITKA,1,0,1
ERITS,1,0,1
ERITXA,1,0,1
ERIVE,1,0,1
ERIVELIO,1,0,1
ERIXCELDA,1,0,1
ERIXH,1,0,1
ERIXS,1,0,1
ERIXY,1,0,1
ERIY,1,0,1
ERIZON,1,0,1
ERJIN,1,0,1
ERKA,1,0,1
ERKINDA,1,0,1
ERKIS,1,0,1
ERKWINDA,1,0,1
ERLALDO,1,0,1
ERLAM,1,0,1
ERLANS,1,0,1
ERLEE,1,0,1
ERLEER,1,0,1
ERLEND,1,0,1
ERLENDA,1,0,1
ERLENIA,1,0,1
ERLER,1,0,1
ERLEX,1,0,1
ERLEY,1,0,1
ERLEZ,1,0,1
ERLIA,1,0,1
ERLICH,1,0,1
ERLIES,1,0,1
ERLIGN,1,0,1
ERLIH,1,0,1
ERLIK,1,0,1
ERLILIDA,1,0,1
ERLINDA DEJESUS,1,0,1
ERLINDA MARIA,1,0,1
ERLINES,1,0,1
ERLINGS,1,0,1
ERLINGT,1,0,1
ERLIOMAN,1,0,1
ERLIONOR,1,0,1
ERLISCH,1,0,1
ERLISS,1,0,1
ERLO,1,0,1
ERLYIN,1,0,1
ERLYM,1,0,1
ERLYNDA,1,0,1
ERMAIM,1,0,1
ERMAIRA,1,0,1
ERMALIS,1,0,1
ERMANUEL,1,0,1
ERMARENDALDO,1,0,1
ERMECITA,1,0,1
ERMEDILIA,1,0,1
ERMEES,1,0,1
ERMELIRIO,1,0,1
ERMELIS,1,0,1
ERMELIT,1,0,1
ERMENCIO,1,0,1
ERMENDINA,1,0,1
ERMENEGINDO,1,0,1
ERMENELI,1,0,1
ERMENS,1,0,1
ERMERAGINO,1,0,1
ERMERLINDA,1,0,1
ERMERSON,1,0,1
ERMESINDA,1,0,1
ERMESLENDO,1,0,1
ERMESLINDA,1,0,1
ERMETAËO,1,0,1
ERMETANEO,1,0,1
ERMETERIO,1,0,1
ERMETINA,1,0,1
ERMEX,1,0,1
ERMEZ,1,0,1
ERMIANDA,1,0,1
ERMID,1,0,1
ERMIDALQUIN,1,0,1
ERMIGENES,1,0,1
ERMIGNO,1,0,1
ERMILANDIA,1,0,1
ERMILINDA,1,0,1
ERMILTO,1,0,1
ERMINALDA,1,0,1
ERMINDIA,1,0,1
ERMINE,1,0,1
ERMINEL,1,0,1
ERMINES,1,0,1
ERMINO,1,0,1
ERMINOHEL,1,0,1
ERMINS,1,0,1
ERMINTON,1,0,1
ERMINUIA,1,0,1
ERMIRNA,1,0,1
ERMISA,1,0,1
ERMISELA,1,0,1
ERMITAËA,1,0,1
ERMITANA,1,0,1
ERMITANEO,1,0,1
ERMITE,1,0,1
ERMITTE,1,0,1
ERMIZENDA,1,0,1
ERMUN,1,0,1
ERMUNDO,1,0,1
ERNACIA,1,0,1
ERNACIO,1,0,1
ERNECIA,1,0,1
ERNEDIN,1,0,1
ERNEGILDO,1,0,1
ERNENSTINA,1,0,1
ERNEST FRAN,1,0,1
ERNESTERLI,1,0,1
ERNESTINITA,1,0,1
ERNESTO DE JESU,1,0,1
ERNESTOO,1,0,1
ERNESTRA,1,0,1
ERNICENDA,1,0,1
ERNIXS,1,0,1
ERNO,1,0,1
ERNON,1,0,1
ERNUL,1,0,1
ERNULIA,1,0,1
ERNUN,1,0,1
EROCLITO,1,0,1
EROCTIVA,1,0,1
ERODIC,1,0,1
ERODILDA,1,0,1
ERODINIA,1,0,1
ERODITHA,1,0,1
ERODIX,1,0,1
ERODYS,1,0,1
EROIN,1,0,1
EROITO,1,0,1
EROIZA,1,0,1
EROLITA,1,0,1
EROMINTA,1,0,1
ERONA,1,0,1
ERONILDA,1,0,1
ERONIMA,1,0,1
EROOL,1,0,1
EROPACITA,1,0,1
ERORIZ,1,0,1
EROSIDIO,1,0,1
EROSIMA,1,0,1
EROSIS,1,0,1
EROTIDIA,1,0,1
EROTILIA,1,0,1
EROTINA,1,0,1
EROVITA,1,0,1
ERPINIO,1,0,1
ERQUIDIA,1,0,1
ERQUIMIDES,1,0,1
ERQUIRIO,1,0,1
ERRAHIN,1,0,1
ERRECK,1,0,1
ERRI,1,0,1
ERRIE,1,0,1
ERRIM,1,0,1
ERRIN,1,0,1
ERRLIN,1,0,1
ERRNA,1,0,1
ERROLD,1,0,1
ERROLL,1,0,1
ERROSA,1,0,1
ERRVIN,1,0,1
ERRY,1,0,1
ERRYN,1,0,1
ERSABI,1,0,1
ERSALINA,1,0,1
ERSELIA,1,0,1
ERSELITA,1,0,1
ERSER,1,0,1
ERSIA,1,0,1
ERSIDIS,1,0,1
ERSIS,1,0,1
ERSLEM,1,0,1
ERSOL   JOAQUIN,1,0,1
ERTAL,1,0,1
ERTILIO,1,0,1
ERTINDA,1,0,1
ERTO,1,0,1
ERTRUDES,1,0,1
ERTRUDIS,1,0,1
ERUBENIA,1,0,1
ERUBEYDA,1,0,1
ERUBI,1,0,1
ERUBINIO,1,0,1
ERUCINIA,1,0,1
ERUDES,1,0,1
ERUDICE,1,0,1
ERUDIDA,1,0,1
ERUL,1,0,1
ERULFO,1,0,1
ERULTINA,1,0,1
ERUNDENA,1,0,1
ERUSTIDA,1,0,1
ERUTINA,1,0,1
ERUYN,1,0,1
ERVELINA,1,0,1
ERVELITA,1,0,1
ERVENIA,1,0,1
ERVWIN,1,0,1
ERWAN,1,0,1
ERWET,1,0,1
ERWIIN,1,0,1
ERWIM,1,0,1
ERWIND,1,0,1
ERWINZ,1,0,1
ERWITH,1,0,1
ERWIUN,1,0,1
ERWUIGN,1,0,1
ERWUIM,1,0,1
ERXILIA,1,0,1
ERYCK,1,0,1
ERZIN,1,0,1
ERZOND,1,0,1
ESABELL,1,0,1
ESADI,1,0,1
ESADORA,1,0,1
ESAID,1,0,1
ESAIDA,1,0,1
ESALTACION,1,0,1
ESAR,1,0,1
ESAUDA,1,0,1
ESAYDA,1,0,1
ESBELY,1,0,1
ESBEN,1,0,1
ESBERTA,1,0,1
ESBI,1,0,1
ESBIA,1,0,1
ESCALENDIA,1,0,1
ESCALENDY,1,0,1
ESCALOR,1,0,1
ESCALUDINA,1,0,1
ESCARLEHT,1,0,1
ESCARLINA,1,0,1
ESCENCION,1,0,1
ESCHENIDE,1,0,1
ESCIN,1,0,1
ESCOSIA,1,0,1
ESCOTE,1,0,1
ESCOTT,1,0,1
ESCULANA,1,0,1
ESDBELIN,1,0,1
ESDBIN,1,0,1
ESDEAS,1,0,1
ESDEL,1,0,1
ESDELA,1,0,1
ESDELIA,1,0,1
ESDGAR,1,0,1
ESDIAS,1,0,1
ESDILIO,1,0,1
ESDORA,1,0,1
ESDUILH,1,0,1
ESDUIN,1,0,1
ESDUITH,1,0,1
ESDUVINA,1,0,1
ESDYS,1,0,1
ESEËA,1,0,1
ESEBERIANO,1,0,1
ESEBIO,1,0,1
ESEDELIA,1,0,1
ESELDA,1,0,1
ESELDINA,1,0,1
ESELENIA,1,0,1
ESELINA,1,0,1
ESELIO,1,0,1
ESELSA,1,0,1
ESENCIO,1,0,1
ESENCION,1,0,1
ESENERYS,1,0,1
ESEPERANZA,1,0,1
ESFIGENIA,1,0,1
ESFRIN,1,0,1
ESGLA,1,0,1
ESGLIS,1,0,1
ESGUAL,1,0,1
ESGUAR,1,0,1
ESHBAN,1,0,1
ESHLER,1,0,1
ESHTEER,1,0,1
ESICION,1,0,1
ESIDALIA,1,0,1
ESIDES,1,0,1
ESIELA,1,0,1
ESIFELIA,1,0,1
ESILITA,1,0,1
ESIMINA,1,0,1
ESIN,1,0,1
ESIO,1,0,1
ESIPLINA,1,0,1
ESIR,1,0,1
ESIRIS,1,0,1
ESKARLE,1,0,1
ESKARLETT,1,0,1
ESKARLY,1,0,1
ESKART,1,0,1
ESKER,1,0,1
ESLABIO,1,0,1
ESLADIO,1,0,1
ESLADIS,1,0,1
ESLANDIER,1,0,1
ESLANIA,1,0,1
ESLANUBIL,1,0,1
ESLE,1,0,1
ESLEINER,1,0,1
ESLENA,1,0,1
ESLENDA,1,0,1
ESLER,1,0,1
ESLERA,1,0,1
ESLICK,1,0,1
ESLILEDIS,1,0,1
ESLIMILENA,1,0,1
ESLINDER,1,0,1
ESLINDO,1,0,1
ESLINUVIA,1,0,1
ESLIO,1,0,1
ESLIX,1,0,1
ESLLY,1,0,1
ESLONDA,1,0,1
ESLOR,1,0,1
ESLOVIN,1,0,1
ESLOY,1,0,1
ESLUVINA,1,0,1
ESLWORTH,1,0,1
ESMAB,1,0,1
ESMACEL,1,0,1
ESMADELA,1,0,1
ESMAHIRA,1,0,1
ESMAILA,1,0,1
ESMALEN,1,0,1
ESMARAIDA,1,0,1
ESMARAIDO,1,0,1
ESMARIN,1,0,1
ESMARIS,1,0,1
ESMARY,1,0,1
ESMAYER,1,0,1
ESMEDINA,1,0,1
ESMELDIN,1,0,1
ESMELIK,1,0,1
ESMELYM,1,0,1
ESMEN,1,0,1
ESMENDA,1,0,1
ESMENIS,1,0,1
ESMENY,1,0,1
ESMERAHI,1,0,1
ESMERAMINO,1,0,1
ESMERICA,1,0,1
ESMERSON,1,0,1
ESMERTIN,1,0,1
ESMICELDA,1,0,1
ESMIEGLA,1,0,1
ESMIGHTALIN,1,0,1
ESMILADY,1,0,1
ESMILDO,1,0,1
ESMILENY,1,0,1
ESMILORA,1,0,1
ESMILSEN,1,0,1
ESMILTO,1,0,1
ESMILTON,1,0,1
ESMINIA,1,0,1
ESMIRIAN,1,0,1
ESMIRIO,1,0,1
ESMIRLA,1,0,1
ESMIS,1,0,1
ESMIXA,1,0,1
ESMRALDA,1,0,1
ESNAHIRE,1,0,1
ESNAR,1,0,1
ESNELA,1,0,1
ESNELBI,1,0,1
ESNELDO,1,0,1
ESNELIDA,1,0,1
ESNESTOR,1,0,1
ESNEYDI,1,0,1
ESNIL,1,0,1
ESNILIA,1,0,1
ESNIN,1,0,1
ESNOC,1,0,1
ESNY,1,0,1
ESOFIA,1,0,1
ESOIN,1,0,1
ESOLDA,1,0,1
ESOR,1,0,1
ESPAEL,1,0,1
ESPAMINONDAS,1,0,1
ESPAMINONDO,1,0,1
ESPAYSO,1,0,1
ESPECATACION,1,0,1
ESPECEL,1,0,1
ESPECIM,1,0,1
ESPECTACIONA,1,0,1
ESPEDICION,1,0,1
ESPEITA,1,0,1
ESPERA,1,0,1
ESPERITO,1,0,1
ESPERNANZA,1,0,1
ESPILBIO,1,0,1
ESPINOZAMARIA,1,0,1
ESPIRIDUN,1,0,1
ESPOCIA,1,0,1
ESPOZARIO,1,0,1
ESPRIN,1,0,1
ESQUEL,1,0,1
ESQUID,1,0,1
ESQUIT,1,0,1
ESRIC,1,0,1
ESRRA,1,0,1
ESRRON,1,0,1
ESSAL,1,0,1
ESSAUL,1,0,1
ESSI,1,0,1
ESSIKA,1,0,1
ESSMY,1,0,1
ESSON,1,0,1
ESTA,1,0,1
ESTACHEL,1,0,1
ESTALIM,1,0,1
ESTALIS,1,0,1
ESTALISNAO,1,0,1
ESTALLUL,1,0,1
ESTALON,1,0,1
ESTALVIN,1,0,1
ESTALVINA,1,0,1
ESTANDLI,1,0,1
ESTANGLIL,1,0,1
ESTANILSLAO,1,0,1
ESTANISLAGA,1,0,1
ESTANISLAHO,1,0,1
ESTANISLAU,1,0,1
ESTANLIG,1,0,1
ESTANRLLY,1,0,1
ESTANSILAO,1,0,1
ESTASNILADO,1,0,1
ESTASNILAO,1,0,1
ESTAUDILADO,1,0,1
ESTEBA,1,0,1
ESTEBANIA,1,0,1
ESTEBAR,1,0,1
ESTEBER,1,0,1
ESTEBERTA,1,0,1
ESTEDIA,1,0,1
ESTEDMAN,1,0,1
ESTEEBY,1,0,1
ESTEFENI,1,0,1
ESTEFFANY,1,0,1
ESTEFIN,1,0,1
ESTEILA,1,0,1
ESTELBINDA,1,0,1
ESTELIANO,1,0,1
ESTELIM,1,0,1
ESTELITO,1,0,1
ESTELVIS,1,0,1
ESTEMIA,1,0,1
ESTENGEL,1,0,1
ESTENOLVIA,1,0,1
ESTER    B,1,0,1
ESTERBERTA,1,0,1
ESTERELIA,1,0,1
ESTERGINA,1,0,1
ESTERMELINDA,1,0,1
ESTERNILA,1,0,1
ESTERVIDA,1,0,1
ESTERY,1,0,1
ESTESLA,1,0,1
ESTEYLA,1,0,1
ESTEYMI,1,0,1
ESTHER  MARIA,1,0,1
ESTHERLICE,1,0,1
ESTHERLINA,1,0,1
ESTHERT,1,0,1
ESTI-A,1,0,1
ESTIBALIA,1,0,1
ESTIBETH,1,0,1
ESTIBITA,1,0,1
ESTIBVEN,1,0,1
ESTIFANA,1,0,1
ESTILITO,1,0,1
ESTIMO,1,0,1
ESTINENCIA,1,0,1
ESTINO,1,0,1
ESTIR,1,0,1
ESTIVALY,1,0,1
ESTIVIS,1,0,1
ESTOLIA,1,0,1
ESTONIN,1,0,1
ESTORFIDIA,1,0,1
ESTORLIN,1,0,1
ESTRALI,1,0,1
ESTREBERTHA,1,0,1
ESTRELY,1,0,1
ESTREVERTA,1,0,1
ESTREYA,1,0,1
ESTRIBER,1,0,1
ESTRIMES,1,0,1
ESTRINGILIA,1,0,1
ESTROBERTO,1,0,1
ESTUBERTA,1,0,1
ESTURVIDES,1,0,1
ESTYVENSON,1,0,1
ESUSTACIO,1,0,1
ESVAN,1,0,1
ESVELDA,1,0,1
ESVELY,1,0,1
ESVINTA,1,0,1
ESVY,1,0,1
ESWAL,1,0,1
ESWAR,1,0,1
ESWER,1,0,1
ESWRING,1,0,1
ESXAU,1,0,1
ESYLE,1,0,1
ESZEQUIEL,1,0,1
ETACY,1,0,1
ETANISLADO,1,0,1
ETBAT,1,0,1
ETDA,1,0,1
ETDOMILIO,1,0,1
ETEDBOLDA,1,0,1
ETEHEL,1,0,1
ETELCITA,1,0,1
ETELEA,1,0,1
ETELHVINA,1,0,1
ETELIN,1,0,1
ETELSI,1,0,1
ETELVIA,1,0,1
ETELVO,1,0,1
ETENCITA,1,0,1
ETER,1,0,1
ETH,1,0,1
ETHA,1,0,1
ETHAN,1,0,1
ETHEL LEONARDA,1,0,1
ETHELEN,1,0,1
ETHELING,1,0,1
ETHELRIDGE,1,0,1
ETHELS,1,0,1
ETHELT,1,0,1
ETHELVINDA,1,0,1
ETHELWOLDA,1,0,1
ETHETH,1,0,1
ETHI,1,0,1
ETHIL,1,0,1
ETHIS,1,0,1
ETHLE,1,0,1
ETHLYIN,1,0,1
ETHLYING,1,0,1
ETHON,1,0,1
ETHULINE,1,0,1
ETHYL,1,0,1
ETICIA,1,0,1
ETICIANA,1,0,1
ETILIA,1,0,1
ETILIANO,1,0,1
ETINARIO,1,0,1
ETINGA,1,0,1
ETLENA,1,0,1
ETLHING,1,0,1
ETLIE,1,0,1
ETLIM,1,0,1
ETLIR,1,0,1
ETLLING,1,0,1
ETLY,1,0,1
ETMA,1,0,1
ETMY,1,0,1
ETNA MARIA,1,0,1
ETNER,1,0,1
ETNESTOR,1,0,1
ETNIS,1,0,1
ETNNY,1,0,1
ETREC,1,0,1
ETRIANA,1,0,1
ETRONA,1,0,1
ETRUDEZ,1,0,1
ETSIDES,1,0,1
ETTAMAL,1,0,1
ETTHIHEY,1,0,1
ETTIE,1,0,1
ETTINA,1,0,1
ETTLIN,1,0,1
ETTLING,1,0,1
EUANELIA,1,0,1
EUBEL,1,0,1
EUBEMIA,1,0,1
EUBILIO,1,0,1
EUBINA,1,0,1
EUBLIN,1,0,1
EUCACIA,1,0,1
EUCADY,1,0,1
EUCARIS,1,0,1
EUCDILIO,1,0,1
EUCED,1,0,1
EUCIBIO,1,0,1
EUCIDES,1,0,1
EUCLIVES,1,0,1
EUCRESIO,1,0,1
EUCTIMIA,1,0,1
EUDALIO,1,0,1
EUDARDA,1,0,1
EUDECIO,1,0,1
EUDEE,1,0,1
EUDEEN,1,0,1
EUDEMI,1,0,1
EUDI,1,0,1
EUDIA,1,0,1
EUDIDES,1,0,1
EUDILANDI,1,0,1
EUDILFIDO,1,0,1
EUDIN,1,0,1
EUDINIO,1,0,1
EUDIQUIO,1,0,1
EUDOGIO,1,0,1
EUDOLFO,1,0,1
EUDOLIA,1,0,1
EUDOM,1,0,1
EUDOMIDIA,1,0,1
EUDOMILA,1,0,1
EUDOMINIO,1,0,1
EUDON,1,0,1
EUDONICIA,1,0,1
EUDONIS,1,0,1
EUDORITA,1,0,1
EUDUALDO,1,0,1
EUDUBINA,1,0,1
EUEGENIO,1,0,1
EUELYN,1,0,1
EUEXDENIA,1,0,1
EUFANIA,1,0,1
EUFASIA,1,0,1
EUFEMIANA,1,0,1
EUFENIANO,1,0,1
EUFEVIA,1,0,1
EUFINA,1,0,1
EUFORSINA,1,0,1
EUFRACIDA,1,0,1
EUFRAGIO,1,0,1
EUFRASCINA,1,0,1
EUFRASIMA,1,0,1
EUFRAUDICIO,1,0,1
EUFRECINA,1,0,1
EUFRES,1,0,1
EUFRESINA,1,0,1
EUFRESINIA,1,0,1
EUGDILIA,1,0,1
EUGDOCIA,1,0,1
EUGELA,1,0,1
EUGELBERTA,1,0,1
EUGELBERTO,1,0,1
EUGENCIO,1,0,1
EUGENIAMARIA,1,0,1
EUGILBERTO,1,0,1
EUGLIDES,1,0,1
EUGLIN,1,0,1
EUGLOGIA,1,0,1
EUIL,1,0,1
EUIS,1,0,1
EUJEDO,1,0,1
EUJEMIA,1,0,1
EUJINIA,1,0,1
EULACIO,1,0,1
EULADIA,1,0,1
EULAFIO,1,0,1
EULAGIO,1,0,1
EULAH,1,0,1
EULAILO,1,0,1
EULALA,1,0,1
EULALEA,1,0,1
EULALY,1,0,1
EULALYA,1,0,1
EULANIO,1,0,1
EULECTERIO,1,0,1
EULEFENIA,1,0,1
EULER,1,0,1
EULETERIA,1,0,1
EULHER,1,0,1
EULILA,1,0,1
EULIMG,1,0,1
EULISE,1,0,1
EULIVERIA,1,0,1
EULOCIA,1,0,1
EULOPIO,1,0,1
EULORIA,1,0,1
EULOTINA,1,0,1
EULY,1,0,1
EUMBLIS,1,0,1
EUMENIA,1,0,1
EUMENILDA,1,0,1
EUMNICE,1,0,1
EUNICEC,1,0,1
EUNICET,1,0,1
EUNICIE,1,0,1
EUNIDES,1,0,1
EUNISA,1,0,1
EUNOFRA,1,0,1
EUOCTAVIO,1,0,1
EUOFRONCINA,1,0,1
EUPERIO,1,0,1
EUQUIRIA,1,0,1
EURAL,1,0,1
EURAMIA,1,0,1
EURANCINA,1,0,1
EURCELL,1,0,1
EURDILIA,1,0,1
EUREKA,1,0,1
EUREN,1,0,1
EURGELIA,1,0,1
EURIMEDA,1,0,1
EURINDINA,1,0,1
EUROPA,1,0,1
EUROPAGITA,1,0,1
EUROS,1,0,1
EUROTIDA,1,0,1
EURRIS,1,0,1
EURRY,1,0,1
EURTILIO,1,0,1
EUSBALDO,1,0,1
EUSBERTA,1,0,1
EUSEBIA DE,1,0,1
EUSIDE,1,0,1
EUSMANDO,1,0,1
EUSMILDA,1,0,1
EUSON,1,0,1
EUSTABIO,1,0,1
EUSTACIANA,1,0,1
EUSTANCIA,1,0,1
EUSTANCIO,1,0,1
EUSTAQIO,1,0,1
EUSTAQUI,1,0,1
EUSTINIO,1,0,1
EUSTINO,1,0,1
EUSTIQUIANO,1,0,1
EUSTOLIO,1,0,1
EUSTOQUIO,1,0,1
EUTILIO,1,0,1
EUTIMA,1,0,1
EUTIMINIO,1,0,1
EUTOR,1,0,1
EUUCEBIA,1,0,1
EUVALDINA,1,0,1
EUVALDINO,1,0,1
EUVELIA,1,0,1
EUVIGILDA,1,0,1
EUVIGILDO,1,0,1
EUXEBIA,1,0,1
EUXEBIO,1,0,1
EUXTALIA,1,0,1
EVA    MARIA,1,0,1
EVA CATALINA,1,0,1
EVA MAGDALENA,1,0,1
EVA MODESTA,1,0,1
EVACILIA,1,0,1
EVADINQUIS,1,0,1
EVADITO,1,0,1
EVADUVINA,1,0,1
EVAES,1,0,1
EVALDO,1,0,1
EVALGIXSA,1,0,1
EVALI,1,0,1
EVALILIA,1,0,1
EVALOU,1,0,1
EVALU,1,0,1
EVALUT,1,0,1
EVAMALI,1,0,1
EVAMELIA,1,0,1
EVAMELY,1,0,1
EVAMINDA,1,0,1
EVANDILIO,1,0,1
EVANDONALDO,1,0,1
EVANELIZ,1,0,1
EVANELLY,1,0,1
EVANGELITO,1,0,1
EVANGISTA,1,0,1
EVANIA,1,0,1
EVANTINA,1,0,1
EVANUEL,1,0,1
EVARD,1,0,1
EVARDINA,1,0,1
EVARGELINA,1,0,1
EVARILDA,1,0,1
EVARILDO,1,0,1
EVARIXTA,1,0,1
EVARUX,1,0,1
EVEDELIA,1,0,1
EVEDIK,1,0,1
EVEDIO,1,0,1
EVEIN,1,0,1
EVEITA,1,0,1
EVEJENDA,1,0,1
EVEJILDA,1,0,1
EVELDO,1,0,1
EVELEEN,1,0,1
EVELENTH,1,0,1
EVELHYM,1,0,1
EVELIANA,1,0,1
EVELIANO,1,0,1
EVELICA,1,0,1
EVELICE,1,0,1
EVELICSIA,1,0,1
EVELIDEN,1,0,1
EVELINCIA,1,0,1
EVELINGTON,1,0,1
EVELIO DE JESUS,1,0,1
EVELISYS,1,0,1
EVELIUTH,1,0,1
EVELIY,1,0,1
EVELIZARIO,1,0,1
EVELKYN,1,0,1
EVELMIN,1,0,1
EVELNER,1,0,1
EVELSI,1,0,1
EVELYA,1,0,1
EVELYC,1,0,1
EVELYETO,1,0,1
EVELYGN,1,0,1
EVELYM,1,0,1
EVENDER,1,0,1
EVENERIO,1,0,1
EVENIEL,1,0,1
EVENIN,1,0,1
EVENIO,1,0,1
EVENLYN,1,0,1
EVENNIA,1,0,1
EVENS,1,0,1
EVENSON,1,0,1
EVENZ,1,0,1
EVERALIN,1,0,1
EVERANGER,1,0,1
EVERCITO,1,0,1
EVEREJISTA,1,0,1
EVEREST,1,0,1
EVERGIL,1,0,1
EVERGILIO,1,0,1
EVERGITA,1,0,1
EVERIANO,1,0,1
EVERILDIS,1,0,1
EVERINO,1,0,1
EVERIS,1,0,1
EVERISTA,1,0,1
EVERJILDO,1,0,1
EVERJOY,1,0,1
EVERSITA,1,0,1
EVERSSON,1,0,1
EVERST,1,0,1
EVERSY,1,0,1
EVERTOAMOS,1,0,1
EVERTY,1,0,1
EVESLINDA,1,0,1
EVETIS,1,0,1
EVETIT,1,0,1
EVEXA,1,0,1
EVEYLA,1,0,1
EVICTO,1,0,1
EVIDA,1,0,1
EVIDALIO,1,0,1
EVIE,1,0,1
EVIEL,1,0,1
EVIER,1,0,1
EVIGENIA,1,0,1
EVIGILIA,1,0,1
EVIGNIA,1,0,1
EVIHT,1,0,1
EVIK,1,0,1
EVILE,1,0,1
EVILIM,1,0,1
EVILMA,1,0,1
EVILNY,1,0,1
EVILYNA,1,0,1
EVIMIA,1,0,1
EVINLE,1,0,1
EVINORO,1,0,1
EVIRTH,1,0,1
EVITALINA,1,0,1
EVITER,1,0,1
EVITINIA,1,0,1
EVIXOLINA,1,0,1
EVLEYN,1,0,1
EVLING,1,0,1
EVLNER,1,0,1
EVLY,1,0,1
EVOLY,1,0,1
EVORCIO,1,0,1
EVSEY,1,0,1
EWALD,1,0,1
EWANS,1,0,1
EWDAR,1,0,1
EWDUIN,1,0,1
EWELYN,1,0,1
EWIB,1,0,1
EWILDRIN,1,0,1
EWINS,1,0,1
EWVIN,1,0,1
EXADILIA,1,0,1
EXAERES,1,0,1
EXAGESIMA,1,0,1
EXAIAS,1,0,1
EXAL,1,0,1
EXALY,1,0,1
EXANDAR,1,0,1
EXANIA,1,0,1
EXAQUELI,1,0,1
EXARD,1,0,1
EXARELI,1,0,1
EXAUGO,1,0,1
EXAVI,1,0,1
EXBIS,1,0,1
EXBRIN,1,0,1
EXBY,1,0,1
EXCEBIT,1,0,1
EXCEDA,1,0,1
EXCELENIA,1,0,1
EXCELSIOR,1,0,1
EXCENARDA,1,0,1
EXCENIA,1,0,1
EXCENIO,1,0,1
EXCEQUIAL,1,0,1
EXCY,1,0,1
EXDA,1,0,1
EXDER,1,0,1
EXDI,1,0,1
EXDIA,1,0,1
EXDIN,1,0,1
EXDOMINIA,1,0,1
EXDORIA,1,0,1
EXDORO,1,0,1
EXDULIO,1,0,1
EXDUNIO,1,0,1
EXEDES,1,0,1
EXEDIA,1,0,1
EXELECCION,1,0,1
EXELITA,1,0,1
EXEMELI,1,0,1
EXEMELIN,1,0,1
EXEN,1,0,1
EXENOBER,1,0,1
EXEQUEL,1,0,1
EXEQUIL,1,0,1
EXEQUIO,1,0,1
EXER,1,0,1
EXERBELIA,1,0,1
EXEVET,1,0,1
EXGUIN,1,0,1
EXHALON,1,0,1
EXIAS,1,0,1
EXICA,1,0,1
EXICRIO,1,0,1
EXIDIS,1,0,1
EXIDO,1,0,1
EXIDORA,1,0,1
EXILY,1,0,1
EXIMA,1,0,1
EXIMELE,1,0,1
EXIMO,1,0,1
EXIN,1,0,1
EXINE,1,0,1
EXIQUENIO,1,0,1
EXIRA,1,0,1
EXIX,1,0,1
EXLA,1,0,1
EXLAN,1,0,1
EXLGAR,1,0,1
EXMAR,1,0,1
EXMARI,1,0,1
EXMELINDA,1,0,1
EXMERAY,1,0,1
EXMERLIN,1,0,1
EXMESLIN,1,0,1
EXMI,1,0,1
EXMIC,1,0,1
EXMIDIO,1,0,1
EXMY,1,0,1
EXNA,1,0,1
EXNASIBES,1,0,1
EXNER,1,0,1
EXO,1,0,1
EXODO,1,0,1
EXODOS,1,0,1
EXOFINA,1,0,1
EXOL,1,0,1
EXOLAN,1,0,1
EXOMARA,1,0,1
EXOMINE,1,0,1
EXPECTA,1,0,1
EXPECTASION,1,0,1
EXPECTO,1,0,1
EXPEDITO,1,0,1
EXPRAIN,1,0,1
EXS,1,0,1
EXSABITH,1,0,1
EXSAEL,1,0,1
EXSAN,1,0,1
EXSANDAR,1,0,1
EXSAR,1,0,1
EXSE,1,0,1
EXSEL,1,0,1
EXSENIA,1,0,1
EXSEQUEIL,1,0,1
EXSIBIA,1,0,1
EXSIL,1,0,1
EXSILDA,1,0,1
EXSIMIA,1,0,1
EXSIS,1,0,1
EXSOMINA,1,0,1
EXSOMINIA,1,0,1
EXSOR,1,0,1
EXSUPERACION,1,0,1
EXSUPERANCIA,1,0,1
EXSY,1,0,1
EXTAIN,1,0,1
EXTALI,1,0,1
EXTELIA,1,0,1
EXTIBEN,1,0,1
EXTRALINA,1,0,1
EXU,1,0,1
EXUANE,1,0,1
EXVIL,1,0,1
EXVIN,1,0,1
EXWIN,1,0,1
EXZANDER,1,0,1
EXZAR,1,0,1
EXZELINA,1,0,1
EXZEQUIAS,1,0,1
EXZER,1,0,1
EXZU,1,0,1
EXZUANY,1,0,1
EYBA,1,0,1
EYBEE,1,0,1
EYBER,1,0,1
EYBERI,1,0,1
EYBIRE,1,0,1
EYBIY,1,0,1
EYDEN,1,0,1
EYDIA,1,0,1
EYDYE,1,0,1
EYDYS,1,0,1
EYENLLY,1,0,1
EYENS,1,0,1
EYER,1,0,1
EYFI,1,0,1
EYFRIDIS,1,0,1
EYIS,1,0,1
EYLIEN,1,0,1
EYLIS,1,0,1
EYLYN,1,0,1
EYMAN,1,0,1
EYMER,1,0,1
EYMMY,1,0,1
EYNMA,1,0,1
EYNY,1,0,1
EYONEL,1,0,1
EYSAM,1,0,1
EYSI,1,0,1
EYSTAN,1,0,1
EYSY,1,0,1
EYTALY,1,0,1
EYTIN,1,0,1
EYUMEDES,1,0,1
EZAL,1,0,1
EZBON,1,0,1
EZCEQUIAS,1,0,1
EZERQUIEL,1,0,1
EZIO,1,0,1
EZITA,1,0,1
EZLIA,1,0,1
EZONA,1,0,1
EZQUIEL,1,0,1
EZRRI,1,0,1
EZZARD,1,0,1
FÉLIX,1,0,1
FABEYAN,1,0,1
FABIAM,1,0,1
FABIANIE,1,0,1
FABIEN,1,0,1
FABIO  NEIN,1,0,1
FABIOLA   DEL,1,0,1
FABIOLA  ALICIA,1,0,1
FABLIANA,1,0,1
FABLIANO,1,0,1
FABRE,1,0,1
FABRIANO,1,0,1
FABRICIOABRICIO,1,0,1
FABRINO,1,0,1
FABRISTELA,1,0,1
FABRIZA,1,0,1
FABRY,1,0,1
FABUSTINO,1,0,1
FABY,1,0,1
FACHNER,1,0,1
FACIANO,1,0,1
FACNY,1,0,1
FACTITINA,1,0,1
FACTO,1,0,1
FACUNCO,1,0,1
FADDE,1,0,1
FADDYS,1,0,1
FADE,1,0,1
FADIA,1,0,1
FADINA,1,0,1
FADIS,1,0,1
FADMA,1,0,1
FADYA,1,0,1
FAEDIS,1,0,1
FAFVIEL,1,0,1
FAHAMAR,1,0,1
FAILISIO,1,0,1
FAINTH,1,0,1
FAIRBANKS,1,0,1
FAIS,1,0,1
FAISTER,1,0,1
FAIZURY,1,0,1
FALBIA,1,0,1
FALCAO,1,0,1
FALCOMEDES,1,0,1
FALCOMERI,1,0,1
FALCOMERY,1,0,1
FALCON,1,0,1
FALCONEIRE,1,0,1
FALCONERIO,1,0,1
FALCONIERI,1,0,1
FALEC,1,0,1
FALI,1,0,1
FALICITA,1,0,1
FALIN,1,0,1
FALMA,1,0,1
FAMBER,1,0,1
FAMELIS,1,0,1
FAMIN,1,0,1
FAMINA,1,0,1
FAMINIO,1,0,1
FAMOCIA,1,0,1
FAMORA,1,0,1
FANA,1,0,1
FANAEL,1,0,1
FANDY,1,0,1
FANICELA,1,0,1
FANITT,1,0,1
FANIZ,1,0,1
FANKLIN,1,0,1
FANLY,1,0,1
FANNCY,1,0,1
FANNDY,1,0,1
FANNE,1,0,1
FANNNY,1,0,1
FANNY ANGELICA,1,0,1
FANNYNA,1,0,1
FANS,1,0,1
FANY WALESSKA,1,0,1
FANYA,1,0,1
FANYN,1,0,1
FANYNA,1,0,1
FANYY,1,0,1
FAQUIZI,1,0,1
FARAEL,1,0,1
FARAI,1,0,1
FARAJ,1,0,1
FARAON,1,0,1
FARAW,1,0,1
FARCILIA,1,0,1
FAREK,1,0,1
FARENH,1,0,1
FARETH,1,0,1
FAREX,1,0,1
FARI,1,0,1
FARICH,1,0,1
FARIDEH,1,0,1
FARIH,1,0,1
FARINGS,1,0,1
FARINTON,1,0,1
FARITA,1,0,1
FARIZ,1,0,1
FARLA,1,0,1
FARLIM,1,0,1
FARLY,1,0,1
FARNKLIN,1,0,1
FARRA,1,0,1
FARRON,1,0,1
FARSIS,1,0,1
FARSON,1,0,1
FARYN,1,0,1
FASCIRA,1,0,1
FASILENIA,1,0,1
FASIRA,1,0,1
FASKAN,1,0,1
FASTINIANO,1,0,1
FASUTINO,1,0,1
FASUTO,1,0,1
FATH,1,0,1
FATI,1,0,1
FATIA,1,0,1
FATIL,1,0,1
FATIMA DE JESUS,1,0,1
FATIMA MARIA,1,0,1
FATIN,1,0,1
FATTY,1,0,1
FATYA,1,0,1
FAUDANIO,1,0,1
FAUDILIO,1,0,1
FAUDUA,1,0,1
FAUDY,1,0,1
FAUMATURGO,1,0,1
FAURY,1,0,1
FAUSEDES,1,0,1
FAUSIN,1,0,1
FAUSTIDIAN,1,0,1
FAUSTITA,1,0,1
FAUSTO DE LOS,1,0,1
FAUSTORINA,1,0,1
FAUSTULA,1,0,1
FAUTISNO,1,0,1
FAUTOR,1,0,1
FAUTSO,1,0,1
FAUTT,1,0,1
FAVON,1,0,1
FAVORITA,1,0,1
FAVRISIANO,1,0,1
FAXTO,1,0,1
FAYCIE,1,0,1
FAYDRO,1,0,1
FAYIZ,1,0,1
FAYTHE,1,0,1
FAYVY,1,0,1
FAZY,1,0,1
FEANNY,1,0,1
FEBEE,1,0,1
FEBELINA,1,0,1
FEBES,1,0,1
FEBILITA,1,0,1
FEBLES,1,0,1
FECILIDAD,1,0,1
FECSAL,1,0,1
FECUNDINO,1,0,1
FEDAYIN,1,0,1
FEDDIE,1,0,1
FEDDY,1,0,1
FEDELIA,1,0,1
FEDELINO,1,0,1
FEDELMIA,1,0,1
FEDERICK,1,0,1
FEDERICKA,1,0,1
FEDERIO,1,0,1
FEDES,1,0,1
FEDESBINDA,1,0,1
FEDESBINDO,1,0,1
FEDESMINDA,1,0,1
FEDIBERTO,1,0,1
FEDINNA,1,0,1
FEDIRICO,1,0,1
FEDISBINDA,1,0,1
FEDISMAN,1,0,1
FEDISVINDA,1,0,1
FEDOROVICH,1,0,1
FEDRICO,1,0,1
FEDRIK,1,0,1
FEDRO,1,0,1
FEDVINDO,1,0,1
FEDWA,1,0,1
FEDY,1,0,1
FEE,1,0,1
FEELINA,1,0,1
FEENDA,1,0,1
FEERODITA,1,0,1
FEGGISORA,1,0,1
FEHELYN,1,0,1
FEIGA,1,0,1
FEIPSAL,1,0,1
FEIRUS,1,0,1
FEISEL,1,0,1
FEIX,1,0,1
FEIZER,1,0,1
FELAGIO,1,0,1
FELARDINO,1,0,1
FELARI,1,0,1
FELDINANDO,1,0,1
FELDMAN,1,0,1
FELDY,1,0,1
FELEN,1,0,1
FELEX,1,0,1
FELEXI,1,0,1
FELEZ,1,0,1
FELIACIANO,1,0,1
FELICEO,1,0,1
FELICIANA DE,1,0,1
FELICIDIO,1,0,1
FELICIETA,1,0,1
FELICINA,1,0,1
FELICISIMA,1,0,1
FELICISIMO,1,0,1
FELIDONIO,1,0,1
FELIE,1,0,1
FELILIA,1,0,1
FELIO,1,0,1
FELIPA EMELINA,1,0,1
FELIPARIO,1,0,1
FELIPITA,1,0,1
FELIPO,1,0,1
FELIPONE,1,0,1
FELISANDER,1,0,1
FELISARIO,1,0,1
FELISBERTO,1,0,1
FELISILA,1,0,1
FELISTO,1,0,1
FELITZA,1,0,1
FELIU,1,0,1
FELIX  MELANIA,1,0,1
FELIX ADALBERTO,1,0,1
FELIX ANTONIO,1,0,1
FELIX BERTO,1,0,1
FELIX DONALDO,1,0,1
FELIXBERTO,1,0,1
FELIXISMAEL,1,0,1
FELIXSARIO,1,0,1
FELIXTO,1,0,1
FELIZIANO,1,0,1
FELIZOTE,1,0,1
FELLY,1,0,1
FELMA,1,0,1
FELMAR,1,0,1
FELMIN,1,0,1
FELMIS,1,0,1
FELMOR,1,0,1
FELONILO,1,0,1
FELOPAINA,1,0,1
FELSOMINA,1,0,1
FELSON,1,0,1
FELTON,1,0,1
FELVIN,1,0,1
FELYPE,1,0,1
FEMANDO,1,0,1
FEMELISA,1,0,1
FEMIL,1,0,1
FEMIO,1,0,1
FENA,1,0,1
FENACINDO,1,0,1
FENDINARD,1,0,1
FENDIS,1,0,1
FENEDES,1,0,1
FENEIRA,1,0,1
FENENNA,1,0,1
FENI,1,0,1
FENIA,1,0,1
FENID,1,0,1
FENIGNA,1,0,1
FENILDA,1,0,1
FENLEY,1,0,1
FENNIZ,1,0,1
FEODELMA,1,0,1
FEOFILO,1,0,1
FEOMIA,1,0,1
FERBACIO,1,0,1
FERBELIA,1,0,1
FERBI,1,0,1
FERBIES,1,0,1
FERDESBINDA,1,0,1
FERDESVINDA,1,0,1
FERDI,1,0,1
FERDIS,1,0,1
FERELINA,1,0,1
FERENKS,1,0,1
FERESINA,1,0,1
FERESLINDA,1,0,1
FERESVINDA,1,0,1
FERESVINDO,1,0,1
FERITT,1,0,1
FERLASALIS,1,0,1
FERLES,1,0,1
FERLINY,1,0,1
FERMANIA,1,0,1
FERMIA,1,0,1
FERMILDA,1,0,1
FERMINANDO,1,0,1
FERMINE,1,0,1
FERMINIO,1,0,1
FERMINO,1,0,1
FERMUDEY,1,0,1
FERNALDA,1,0,1
FERNANDO III,1,0,1
FERNARDA,1,0,1
FERNARDINO,1,0,1
FERNYS,1,0,1
FERON,1,0,1
FERRERO,1,0,1
FERRESBINDO,1,0,1
FERRICK,1,0,1
FERROFINO,1,0,1
FERRY,1,0,1
FERSIS,1,0,1
FERTIN,1,0,1
FERVI,1,0,1
FERVILFIDA,1,0,1
FERVIS,1,0,1
FERYD,1,0,1
FERZON,1,0,1
FESBRINDO,1,0,1
FESLY,1,0,1
FESSICA,1,0,1
FESTER,1,0,1
FESTILA,1,0,1
FETEX,1,0,1
FETIS,1,0,1
FEUDA,1,0,1
FEVE,1,0,1
FEX,1,0,1
FEXAR,1,0,1
FEYCER,1,0,1
FEYDY,1,0,1
FEYGA,1,0,1
FEYSEL,1,0,1
FEYZER,1,0,1
FFARAH,1,0,1
FGRANCKLIN,1,0,1
FHANCY,1,0,1
FHANY,1,0,1
FHARETT,1,0,1
FHENIX,1,0,1
FHONNIE,1,0,1
FHORIPE,1,0,1
FIALELI,1,0,1
FIALFAR,1,0,1
FIBE,1,0,1
FIBELITA,1,0,1
FIBERIA,1,0,1
FIBORT,1,0,1
FIBY,1,0,1
FIDADELFA,1,0,1
FIDAEL,1,0,1
FIDALIS,1,0,1
FIDEAS,1,0,1
FIDEDINNA,1,0,1
FIDELA,1,0,1
FIDELENIA,1,0,1
FIDELIANA,1,0,1
FIDELMO,1,0,1
FIDELSI,1,0,1
FIDELVIDA,1,0,1
FIDELVINA,1,0,1
FIDENIA,1,0,1
FIDENIO,1,0,1
FIDERIO,1,0,1
FIDERMIN,1,0,1
FIDERMINA,1,0,1
FIDERMINDA,1,0,1
FIDES,1,0,1
FIDESLINDA,1,0,1
FIDIBERTA,1,0,1
FIDILBERTO,1,0,1
FIDIOS,1,0,1
FIDIRMINDA,1,0,1
FIDONCIO,1,0,1
FIEDKA,1,0,1
FIEDOLERBINA,1,0,1
FIELINA,1,0,1
FIELMO,1,0,1
FIGENCIO,1,0,1
FIGLODERFINA,1,0,1
FIGLORVINA,1,0,1
FIGMY,1,0,1
FILABEL,1,0,1
FILADEFIA,1,0,1
FILADEL,1,0,1
FILADELFIO,1,0,1
FILADELIO,1,0,1
FILADELMO,1,0,1
FILADOLFO,1,0,1
FILANDEZ,1,0,1
FILANDRO,1,0,1
FILANO,1,0,1
FILDER,1,0,1
FILEBERTO,1,0,1
FILEONILA,1,0,1
FILERTO,1,0,1
FILIBRAND,1,0,1
FILIBRANDA,1,0,1
FILIDONIO,1,0,1
FILIMOR,1,0,1
FILINA,1,0,1
FILINMON,1,0,1
FILIO,1,0,1
FILIP,1,0,1
FILIPAI,1,0,1
FILIPE,1,0,1
FILIPH,1,0,1
FILIPIO,1,0,1
FILIS,1,0,1
FILIVALDO,1,0,1
FILIVARDO,1,0,1
FILIX,1,0,1
FILMIA,1,0,1
FILNO,1,0,1
FILODERMINA,1,0,1
FILONIA,1,0,1
FILONILIA,1,0,1
FILOTEO,1,0,1
FILSA,1,0,1
FIMAS,1,0,1
FIMELINA,1,0,1
FIMIA,1,0,1
FIMIN,1,0,1
FIMY,1,0,1
FINA,1,0,1
FINDRO,1,0,1
FINER,1,0,1
FINKENBINDES,1,0,1
FINLADER,1,0,1
FINLANDIS,1,0,1
FIOLINA,1,0,1
FIOLIS,1,0,1
FIONA,1,0,1
FIORDA,1,0,1
FIRAZ,1,0,1
FIRELY,1,0,1
FIRLIX,1,0,1
FIRO,1,0,1
FIROBERTO,1,0,1
FISIT,1,0,1
FISSMY,1,0,1
FITALINA,1,0,1
FITINA,1,0,1
FITO DE JESUS,1,0,1
FITZBERTH,1,0,1
FIXO,1,0,1
FIYI,1,0,1
FLABIE,1,0,1
FLADA,1,0,1
FLAIN,1,0,1
FLAMIANO,1,0,1
FLANCLIN,1,0,1
FLANDIL,1,0,1
FLANDIX,1,0,1
FLANMERGOR,1,0,1
FLANQUIN,1,0,1
FLANSY,1,0,1
FLANYA,1,0,1
FLAULIA,1,0,1
FLAURIANO,1,0,1
FLAVIA MELISA,1,0,1
FLEBIL,1,0,1
FLEDIDA,1,0,1
FLEMINGS,1,0,1
FLERIRIDA,1,0,1
FLETESHER,1,0,1
FLIGOLVINA,1,0,1
FLOBER,1,0,1
FLODIA,1,0,1
FLOIZA,1,0,1
FLOMERIS,1,0,1
FLONIA,1,0,1
FLONICELDA,1,0,1
FLONIGA,1,0,1
FLONORATA,1,0,1
FLONUIR,1,0,1
FLOR DE,1,0,1
FLOR DE AZALEA,1,0,1
FLOR ESMINDA,1,0,1
FLOR MARIANA,1,0,1
FLORADELMA,1,0,1
FLORAGELY,1,0,1
FLORAIDA,1,0,1
FLORAIRALLMA,1,0,1
FLORAMANDA,1,0,1
FLORAMIN,1,0,1
FLORANGELI,1,0,1
FLORANNA,1,0,1
FLORANS,1,0,1
FLORDALIZZA,1,0,1
FLORDERINA,1,0,1
FLORDESIA,1,0,1
FLORDINA,1,0,1
FLORE,1,0,1
FLOREANO,1,0,1
FLORECELDA,1,0,1
FLORECIA,1,0,1
FLORECILLA,1,0,1
FLORECIO,1,0,1
FLOREFICENIA,1,0,1
FLOREIDIA,1,0,1
FLORENILA,1,0,1
FLORENSA,1,0,1
FLORENSIO,1,0,1
FLORENTE,1,0,1
FLORES MIL,1,0,1
FLORES MILDA,1,0,1
FLORESEL,1,0,1
FLORESELA,1,0,1
FLORESENIA,1,0,1
FLORESGLORIA,1,0,1
FLORESJOSE,1,0,1
FLORESLINDA,1,0,1
FLORESMIL,1,0,1
FLORESMINDA,1,0,1
FLORESTER,1,0,1
FLORESTINA,1,0,1
FLORETES,1,0,1
FLORETINO,1,0,1
FLOREZMILA,1,0,1
FLORHIDALMA,1,0,1
FLORIALMA,1,0,1
FLORIBEC,1,0,1
FLORIBERTO,1,0,1
FLORICENTA,1,0,1
FLORIDA JISSELA,1,0,1
FLORIDADINA,1,0,1
FLORIDALFA,1,0,1
FLORIDALMIS,1,0,1
FLORIDAMA,1,0,1
FLORIDANIA,1,0,1
FLORIDARIA,1,0,1
FLORIDASMAN,1,0,1
FLORIDEX,1,0,1
FLORIDIA,1,0,1
FLORIDILMA,1,0,1
FLORIFA,1,0,1
FLORIGENY,1,0,1
FLORILA,1,0,1
FLORILFIO,1,0,1
FLORIMBERTO,1,0,1
FLORIMELDA,1,0,1
FLORIMINDA,1,0,1
FLORIMON,1,0,1
FLORINALDA,1,0,1
FLORINCELBA,1,0,1
FLORINCIA,1,0,1
FLORINDALIA,1,0,1
FLORIRARDA,1,0,1
FLORIRCY,1,0,1
FLORISBEY,1,0,1
FLORISBINDA,1,0,1
FLORISELVIA,1,0,1
FLORISINDA,1,0,1
FLORISMILDA,1,0,1
FLORISNILDA,1,0,1
FLORISOL,1,0,1
FLORISSELDA,1,0,1
FLORISSELE,1,0,1
FLORISTERY,1,0,1
FLORISTILA,1,0,1
FLORITE,1,0,1
FLORIVET,1,0,1
FLORIZ,1,0,1
FLORIZA,1,0,1
FLORIZOL,1,0,1
FLORLINDA,1,0,1
FLORMINA,1,0,1
FLORNILA,1,0,1
FLORSITA,1,0,1
FLORTINA,1,0,1
FLORYSELDA,1,0,1
FLORYSELL,1,0,1
FLOSSY,1,0,1
FLOTINDA,1,0,1
FLOURENCE,1,0,1
FLOYD PATTERSON,1,0,1
FLUBI,1,0,1
FLUBIS,1,0,1
FLUBY,1,0,1
FLUSSIE,1,0,1
FOCH,1,0,1
FOHODIL,1,0,1
FOLMER,1,0,1
FOLOMENA,1,0,1
FOLSKAN,1,0,1
FOMER,1,0,1
FONI,1,0,1
FOOK,1,0,1
FORAN,1,0,1
FORCE,1,0,1
FOREMAN,1,0,1
FOREN,1,0,1
FORENCIA,1,0,1
FORGE,1,0,1
FORGEN,1,0,1
FORIDALMA,1,0,1
FORLEY,1,0,1
FORLINDA,1,0,1
FORMA,1,0,1
FORMELINDA,1,0,1
FORTAN,1,0,1
FORTINIA,1,0,1
FORTY,1,0,1
FOSI,1,0,1
FOSLINN,1,0,1
FOSSIE,1,0,1
FOTIS,1,0,1
FRABELL,1,0,1
FRACA,1,0,1
FRACCEDIS,1,0,1
FRACKLIN,1,0,1
FRACTUOSO,1,0,1
FRADA,1,0,1
FRADEL,1,0,1
FRADIA,1,0,1
FRADILIA,1,0,1
FRADIO,1,0,1
FRAGIDIA,1,0,1
FRAGIL,1,0,1
FRAICY,1,0,1
FRAILAN,1,0,1
FRAINITO,1,0,1
FRAINLI,1,0,1
FRAISELINA,1,0,1
FRAJIL,1,0,1
FRAK,1,0,1
FRALDADIT,1,0,1
FRAMBLIN,1,0,1
FRAMCISCA,1,0,1
FRAMNER,1,0,1
FRAMY,1,0,1
FRAN DEL CID,1,0,1
FRANA,1,0,1
FRANBEL,1,0,1
FRANBLYN,1,0,1
FRANC  JOSE,1,0,1
FRANCAMA,1,0,1
FRANCEAN,1,0,1
FRANCEEN,1,0,1
FRANCELIE,1,0,1
FRANCELITA,1,0,1
FRANCESA,1,0,1
FRANCESCO,1,0,1
FRANCESKA,1,0,1
FRANCEYS,1,0,1
FRANCIA   GINES,1,0,1
FRANCIASCO,1,0,1
FRANCICSCO,1,0,1
FRANCIS BEATRIZ,1,0,1
FRANCISBETH,1,0,1
FRANCISCA DE,1,0,1
FRANCISCA DE LA,1,0,1
FRANCISCIO,1,0,1
FRANCISCOS,1,0,1
FRANCISE,1,0,1
FRANCISH,1,0,1
FRANCISIS,1,0,1
FRANCISQUITO,1,0,1
FRANCIX,1,0,1
FRANCIZ,1,0,1
FRANCKEN,1,0,1
FRANCKIN,1,0,1
FRANCKY,1,0,1
FRANCLI,1,0,1
FRANCLIM,1,0,1
FRANCOSCO,1,0,1
FRANCSCA,1,0,1
FRANCU,1,0,1
FRANCYSS,1,0,1
FRANDES,1,0,1
FRANDIN,1,0,1
FRANDIS,1,0,1
FRANELI,1,0,1
FRANFLIN,1,0,1
FRANGELA,1,0,1
FRANGI,1,0,1
FRANGIO,1,0,1
FRANGLIN,1,0,1
FRANICISCA,1,0,1
FRANICISCO,1,0,1
FRANING,1,0,1
FRANIX,1,0,1
FRANJIEH,1,0,1
FRANJIL,1,0,1
FRANKALEXIS,1,0,1
FRANKEL,1,0,1
FRANKELER,1,0,1
FRANKFURT,1,0,1
FRANKILN,1,0,1
FRANKINO,1,0,1
FRANKLEEN,1,0,1
FRANKLIG,1,0,1
FRANKLIN EBERTO,1,0,1
FRANKLIND,1,0,1
FRANKLIS,1,0,1
FRANKLYN LEONEL,1,0,1
FRANKSSIA,1,0,1
FRANLIN,1,0,1
FRANNY,1,0,1
FRANOISE,1,0,1
FRANQUER,1,0,1
FRANQUIEL,1,0,1
FRANQUILINA,1,0,1
FRANQULIN,1,0,1
FRANSELA,1,0,1
FRANSELY,1,0,1
FRANSEN,1,0,1
FRANSFIGURACION,1,0,1
FRANSHI,1,0,1
FRANSSIS,1,0,1
FRANTY,1,0,1
FRANX,1,0,1
FRANXIS,1,0,1
FRANYIC,1,0,1
FRANYS,1,0,1
FRASCIS,1,0,1
FRASIER,1,0,1
FRASSIER,1,0,1
FRATELY,1,0,1
FRATERNIDAD,1,0,1
FRAUCK,1,0,1
FRAUDELIO,1,0,1
FRAUDINA,1,0,1
FRAUDULIO,1,0,1
FRAULEING,1,0,1
FRAUS,1,0,1
FRAUSTIN,1,0,1
FRAUSTINO,1,0,1
FRAUTINE,1,0,1
FRAWKLIN,1,0,1
FRAXEDES,1,0,1
FRAXI,1,0,1
FRAXSEDES,1,0,1
FRAYCITO,1,0,1
FRAYLIE,1,0,1
FRAYLIN,1,0,1
FRAYNALIN,1,0,1
FRE,1,0,1
FREAY,1,0,1
FREBONIO,1,0,1
FREDAD,1,0,1
FREDAVINDA,1,0,1
FREDDESPINDO,1,0,1
FREDEBINDO,1,0,1
FREDEL,1,0,1
FREDELBINDO,1,0,1
FREDELIANA,1,0,1
FREDELPINDA,1,0,1
FREDEMAN,1,0,1
FREDEPCINDA,1,0,1
FREDERMINDO,1,0,1
FREDESA,1,0,1
FREDESBRINDO,1,0,1
FREDESVINTA,1,0,1
FREDEY,1,0,1
FREDGRAN,1,0,1
FREDICHSON,1,0,1
FREDIER,1,0,1
FREDIK,1,0,1
FREDILBERTO,1,0,1
FREDIMINDA,1,0,1
FREDIR,1,0,1
FREDISAN,1,0,1
FREDISBERTO,1,0,1
FREDISBUNDA,1,0,1
FREDISIDRO,1,0,1
FREDISILDA,1,0,1
FREDISMUNDO,1,0,1
FREDITS,1,0,1
FREDIVINDO,1,0,1
FREDIVINTO,1,0,1
FREDIXS,1,0,1
FREDIYS,1,0,1
FREDIZVINDA,1,0,1
FREDLIN,1,0,1
FREDOL,1,0,1
FREDSVINDA,1,0,1
FREDYL,1,0,1
FREEDA,1,0,1
FREELMAN,1,0,1
FREEMAN,1,0,1
FREESVINDA,1,0,1
FREFIS,1,0,1
FREIDIE,1,0,1
FREILIN,1,0,1
FREINI,1,0,1
FREISBIN,1,0,1
FREISI,1,0,1
FREISIS,1,0,1
FREISSA,1,0,1
FREIXANETH,1,0,1
FRELDY,1,0,1
FRELES,1,0,1
FRELEX,1,0,1
FRELIAN,1,0,1
FRELLY,1,0,1
FREMAS,1,0,1
FREMELINDA,1,0,1
FREN KLIN,1,0,1
FRENCIA,1,0,1
FRENDHIA,1,0,1
FRENDYS,1,0,1
FRENELIN,1,0,1
FRENERI,1,0,1
FRENIN,1,0,1
FRENIS,1,0,1
FRENLYN,1,0,1
FRENQUIS,1,0,1
FRENSILAINA,1,0,1
FREPY,1,0,1
FRERLY,1,0,1
FRERMIN,1,0,1
FRESDESLINDA,1,0,1
FRESDESVINDA,1,0,1
FRESIS,1,0,1
FRESSY,1,0,1
FRETIN,1,0,1
FRETS,1,0,1
FREYA,1,0,1
FREYBIN,1,0,1
FREYDELL,1,0,1
FREYDI,1,0,1
FREYDY,1,0,1
FREYIA,1,0,1
FREYSER,1,0,1
FREYSIS,1,0,1
FREZER,1,0,1
FRIDDA,1,0,1
FRIEDDA,1,0,1
FRIEDMAN,1,0,1
FRIGIDA,1,0,1
FRIGILDA,1,0,1
FRIGILIA,1,0,1
FRIJIDIO,1,0,1
FRIMILO,1,0,1
FRINA,1,0,1
FRIODELIA,1,0,1
FRIRIA,1,0,1
FRISMAN,1,0,1
FRITZI,1,0,1
FRIX,1,0,1
FRNAKLIN,1,0,1
FRNKLIN,1,0,1
FROCINE,1,0,1
FRODIN,1,0,1
FRODYN,1,0,1
FROEBEL,1,0,1
FROHILAN,1,0,1
FROILA,1,0,1
FRONCISCA,1,0,1
FRONDA,1,0,1
FRONLY,1,0,1
FRONNIE,1,0,1
FRORENCIA,1,0,1
FRORIDALMA,1,0,1
FRORINDA,1,0,1
FROSION,1,0,1
FROYLA,1,0,1
FROYLIANA,1,0,1
FROYLIN,1,0,1
FRREDDI,1,0,1
FRUBIA,1,0,1
FRUDENCIA,1,0,1
FRUDI,1,0,1
FRUMECIO,1,0,1
FRUTO DE JESUS,1,0,1
FRUTOS,1,0,1
FRUYLIN,1,0,1
FRYDELVINA,1,0,1
FRYNNE,1,0,1
FSAUL,1,0,1
FUADE,1,0,1
FUATH,1,0,1
FUCINDO,1,0,1
FUEJEL,1,0,1
FUGAL,1,0,1
FUGCIANO,1,0,1
FUHAD,1,0,1
FUIN,1,0,1
FULCEDA,1,0,1
FULCEDES,1,0,1
FULJENCIA,1,0,1
FULVIUS,1,0,1
FUMILA,1,0,1
FUN,1,0,1
FUNGENCIO,1,0,1
FUNJNY,1,0,1
FURJENCIO,1,0,1
FURN,1,0,1
FUSTO,1,0,1
FYDIS,1,0,1
GABE,1,0,1
GABEE,1,0,1
GABIETH,1,0,1
GABINO ALBERTO,1,0,1
GABIRELA,1,0,1
GABO,1,0,1
GABRELI,1,0,1
GABRICELA,1,0,1
GABRIELA MARIA,1,0,1
GABRIELIE,1,0,1
GABRIELITA,1,0,1
GABRIELO,1,0,1
GABRIEN,1,0,1
GABRIN,1,0,1
GACENIA,1,0,1
GACHAN,1,0,1
GACHEEN,1,0,1
GACIBIE,1,0,1
GACOBO,1,0,1
GADA,1,0,1
GADALIAS,1,0,1
GADDIS,1,0,1
GADDY,1,0,1
GADELIA,1,0,1
GADFRE,1,0,1
GADIA,1,0,1
GADIELA,1,0,1
GADIN,1,0,1
GADMER,1,0,1
GADVIN,1,0,1
GAEMME,1,0,1
GAFET,1,0,1
GAGBY,1,0,1
GAGLIOSTRO,1,0,1
GAICER,1,0,1
GAILEN,1,0,1
GAILITA,1,0,1
GAIMEN,1,0,1
GAINZA,1,0,1
GAIRIO,1,0,1
GAIRLER,1,0,1
GAIVEN,1,0,1
GALAAD,1,0,1
GALAD,1,0,1
GALADYS,1,0,1
GALAL,1,0,1
GALAWETH,1,0,1
GALAYAT,1,0,1
GALBES,1,0,1
GALDIN,1,0,1
GALEMERIO,1,0,1
GALID,1,0,1
GALILLAS,1,0,1
GALINORA,1,0,1
GALKIN,1,0,1
GALMAR,1,0,1
GALMER,1,0,1
GALONORMA,1,0,1
GALTON,1,0,1
GALVEN,1,0,1
GALWEEL,1,0,1
GAMABEL,1,0,1
GAMABIEL,1,0,1
GAMALIE,1,0,1
GAMALL,1,0,1
GANDHY,1,0,1
GANE,1,0,1
GANELIE,1,0,1
GANEST,1,0,1
GANETH,1,0,1
GANIRIA,1,0,1
GANVENCIO,1,0,1
GANZALO,1,0,1
GAO,1,0,1
GAPHET,1,0,1
GARANEL,1,0,1
GARARDO,1,0,1
GARBOTH,1,0,1
GARBURTH,1,0,1
GARCIALUZMARINA,1,0,1
GARCIAMIRIS,1,0,1
GARCIAS,1,0,1
GARDELIS,1,0,1
GARDENE,1,0,1
GARDLEY,1,0,1
GARE,1,0,1
GAREM,1,0,1
GARET,1,0,1
GAREZ,1,0,1
GARGACHO,1,0,1
GARGE,1,0,1
GARHLENDY,1,0,1
GARIE,1,0,1
GARINELL,1,0,1
GARITZA,1,0,1
GARLEN,1,0,1
GARLINA,1,0,1
GARLINDO,1,0,1
GARLING,1,0,1
GARLITO,1,0,1
GARLYN,1,0,1
GARLYNG,1,0,1
GARMAN,1,0,1
GARMENDIA,1,0,1
GARMINDIA,1,0,1
GARNELIA,1,0,1
GARNIGON,1,0,1
GARON,1,0,1
GARPAR,1,0,1
GARRETT,1,0,1
GARREY,1,0,1
GARSON,1,0,1
GARVE,1,0,1
GARYBRACKNNELL,1,0,1
GASBER,1,0,1
GASBIN,1,0,1
GASENDY,1,0,1
GASI,1,0,1
GASIBY,1,0,1
GASLIN,1,0,1
GASPACIO,1,0,1
GASQUILE,1,0,1
GASSNER,1,0,1
GASSY,1,0,1
GASVIN,1,0,1
GASY,1,0,1
GASZI,1,0,1
GATCHELA,1,0,1
GATDYELA,1,0,1
GATSBY,1,0,1
GAUDDY,1,0,1
GAUDENICIO,1,0,1
GAUDEROCIO,1,0,1
GAUDHY,1,0,1
GAUDIOSO,1,0,1
GAURY,1,0,1
GAUSSEN,1,0,1
GAUSTINO,1,0,1
GAVER,1,0,1
GAVILDO,1,0,1
GAVRIEL,1,0,1
GAWARD,1,0,1
GAWIN,1,0,1
GAYBIS,1,0,1
GAYLA,1,0,1
GAYLANE,1,0,1
GAYLEEN,1,0,1
GAYME,1,0,1
GAYTAN,1,0,1
GAYVE,1,0,1
GAZAR,1,0,1
GAZI,1,0,1
GAZPAR,1,0,1
GCIBI,1,0,1
GDINIA,1,0,1
GEA,1,0,1
GEALY,1,0,1
GEAM,1,0,1
GEAN,1,0,1
GEANI,1,0,1
GEANIA,1,0,1
GEANNINY,1,0,1
GEANNYE,1,0,1
GEANO,1,0,1
GEANSY,1,0,1
GEAOVANNY,1,0,1
GEARLING,1,0,1
GEARSON,1,0,1
GEBDALIA,1,0,1
GEBIMEL,1,0,1
GEBIN,1,0,1
GEBRIL,1,0,1
GEBRIN,1,0,1
GECHONIAS,1,0,1
GECIL,1,0,1
GECIO,1,0,1
GECONDI,1,0,1
GECSAN,1,0,1
GECSE,1,0,1
GECSI,1,0,1
GECY,1,0,1
GEDAIAS,1,0,1
GEDDEON,1,0,1
GEDIA,1,0,1
GEDIL,1,0,1
GEDISMUNDO,1,0,1
GEDIT,1,0,1
GEDITH,1,0,1
GEDIZA,1,0,1
GEDNEER,1,0,1
GEDONY,1,0,1
GEDRI,1,0,1
GEDRICK,1,0,1
GEDRYS,1,0,1
GEDUBANI,1,0,1
GEDUG,1,0,1
GEDUICH,1,0,1
GEDUIN,1,0,1
GEDUVINA,1,0,1
GEDVIR,1,0,1
GEENGER,1,0,1
GEENIN,1,0,1
GEENY,1,0,1
GEERLIN,1,0,1
GEESSELI,1,0,1
GEESSELL,1,0,1
GEESSY,1,0,1
GEFFRI,1,0,1
GEFFRY,1,0,1
GEFIS,1,0,1
GEFREY,1,0,1
GEFRI,1,0,1
GEFRIN,1,0,1
GEFRYR,1,0,1
GEFSTE,1,0,1
GEGBINA,1,0,1
GEGNI,1,0,1
GEGNY,1,0,1
GEHELIN,1,0,1
GEHEMELING,1,0,1
GEHILIN,1,0,1
GEHOVAMY,1,0,1
GEIBBY,1,0,1
GEIBE,1,0,1
GEICEL,1,0,1
GEICER,1,0,1
GEIDIM,1,0,1
GEIDIN,1,0,1
GEIDYH,1,0,1
GEIDYS,1,0,1
GEILA,1,0,1
GEILOR,1,0,1
GEIMIE,1,0,1
GEINES,1,0,1
GEINIS,1,0,1
GEINLY,1,0,1
GEINNY,1,0,1
GEINRRE,1,0,1
GEISA,1,0,1
GEISELL,1,0,1
GEISI,1,0,1
GEISLA,1,0,1
GEISSON,1,0,1
GEISTWEIT,1,0,1
GEIVI,1,0,1
GEIZA,1,0,1
GEIZI,1,0,1
GEKSI,1,0,1
GEL,1,0,1
GELADIA,1,0,1
GELAXIO,1,0,1
GELBA,1,0,1
GELBARD,1,0,1
GELBART,1,0,1
GELBEX,1,0,1
GELBYS,1,0,1
GELCER,1,0,1
GELDADIA,1,0,1
GELDAR,1,0,1
GELDERLAND,1,0,1
GELDIN,1,0,1
GELDRIZ,1,0,1
GELDUVY,1,0,1
GELDY,1,0,1
GELEIN,1,0,1
GELEVIN,1,0,1
GELFIDA,1,0,1
GELGUIA,1,0,1
GELINI,1,0,1
GELINT,1,0,1
GELISA,1,0,1
GELISERIO,1,0,1
GELITZA,1,0,1
GELLEN,1,0,1
GELLER,1,0,1
GELLMI,1,0,1
GELLY,1,0,1
GELMAR,1,0,1
GELMART,1,0,1
GELMERT,1,0,1
GELMOR,1,0,1
GELMOS,1,0,1
GELNNIS,1,0,1
GELSA,1,0,1
GELSIA,1,0,1
GELSSON,1,0,1
GELSYN,1,0,1
GELSYS,1,0,1
GELTER,1,0,1
GELTON,1,0,1
GELTRUDES,1,0,1
GELUMENA,1,0,1
GELVE,1,0,1
GELVIM,1,0,1
GELWIN,1,0,1
GELYM,1,0,1
GELZEL,1,0,1
GEMA ISABEL,1,0,1
GEMALIEL,1,0,1
GEMANUEL,1,0,1
GEMBES,1,0,1
GEME,1,0,1
GEMELINDA,1,0,1
GEMENES,1,0,1
GEMEOR,1,0,1
GEMER,1,0,1
GEMILSA,1,0,1
GEMINI,1,0,1
GEMINIANO,1,0,1
GEMMI,1,0,1
GEMMIL,1,0,1
GEMNIA,1,0,1
GEMNIE,1,0,1
GEMRAL,1,0,1
GEMRRI,1,0,1
GEMRY,1,0,1
GEMSY,1,0,1
GENACLAT,1,0,1
GENADIA,1,0,1
GENAEL,1,0,1
GENAHIN,1,0,1
GENAIRA,1,0,1
GENALIE,1,0,1
GENARDA,1,0,1
GENARIA,1,0,1
GENARIO,1,0,1
GENARITA,1,0,1
GENARITO,1,0,1
GENAYDA,1,0,1
GENCI,1,0,1
GENCIANA,1,0,1
GENDA,1,0,1
GENDI,1,0,1
GENDIA,1,0,1
GENDIY,1,0,1
GENDREY,1,0,1
GENDRIN,1,0,1
GENECIAS,1,0,1
GENEDONI,1,0,1
GENEI,1,0,1
GENERI,1,0,1
GENERIS,1,0,1
GENERY,1,0,1
GENETTE,1,0,1
GENEVIVE,1,0,1
GENEXI,1,0,1
GENGER,1,0,1
GENGLA,1,0,1
GENGLIN,1,0,1
GENGNY,1,0,1
GENHRI,1,0,1
GENICIA,1,0,1
GENID,1,0,1
GENIN,1,0,1
GENIO,1,0,1
GENIR,1,0,1
GENIVIEVE,1,0,1
GENIVY,1,0,1
GENLIN,1,0,1
GENMIS,1,0,1
GENMY,1,0,1
GENNATHAN,1,0,1
GENNETT,1,0,1
GENNEVIEVE,1,0,1
GENNIES,1,0,1
GENNIFER,1,0,1
GENNIN,1,0,1
GENNRY,1,0,1
GENNSY,1,0,1
GENOBEBO,1,0,1
GENOEVA,1,0,1
GENOHEMY,1,0,1
GENORA,1,0,1
GENOROSA,1,0,1
GENOVEL,1,0,1
GENOVEN,1,0,1
GENOVIEVE,1,0,1
GENRRHY,1,0,1
GENRRYS,1,0,1
GENSA,1,0,1
GENSESLAO,1,0,1
GENSIS,1,0,1
GENSO,1,0,1
GENSSI,1,0,1
GENTON,1,0,1
GENUE,1,0,1
GENULFO,1,0,1
GENZEL,1,0,1
GEOBAN,1,0,1
GEOBERTA,1,0,1
GEOBINA,1,0,1
GEOBIS,1,0,1
GEOBITA,1,0,1
GEODANA,1,0,1
GEODINA,1,0,1
GEOLINDA,1,0,1
GEOMECIDRO,1,0,1
GEOMY,1,0,1
GEON,1,0,1
GEONARIS,1,0,1
GEONIE,1,0,1
GEORDINA,1,0,1
GEORFREY,1,0,1
GEORGEANA,1,0,1
GEORGENA,1,0,1
GEORGIE,1,0,1
GEORGIO,1,0,1
GEORGIOS,1,0,1
GEORGO,1,0,1
GEORIGINA,1,0,1
GEORJA,1,0,1
GEORJE,1,0,1
GEORJIA,1,0,1
GEORLENI,1,0,1
GEORLENIS,1,0,1
GEORYA,1,0,1
GEORYANA,1,0,1
GEOVALINDA,1,0,1
GEOVANMY,1,0,1
GEOVANNINE,1,0,1
GEOVARMINNA,1,0,1
GEOVENNI,1,0,1
GEOVI,1,0,1
GEOVVANY,1,0,1
GEPCENIA,1,0,1
GEPSI,1,0,1
GEPTRUDIS,1,0,1
GERACIA,1,0,1
GERAD,1,0,1
GERAIAS,1,0,1
GERALDITA,1,0,1
GERALICIA,1,0,1
GERALITA,1,0,1
GERALMINA,1,0,1
GERAMEL,1,0,1
GERAMIAS,1,0,1
GERAMILLAS,1,0,1
GERAN,1,0,1
GERANEO,1,0,1
GERANY,1,0,1
GERARDILIO,1,0,1
GERARDO MARTIN,1,0,1
GERARDOZ,1,0,1
GERARL,1,0,1
GERARO,1,0,1
GERARY,1,0,1
GERASMO,1,0,1
GERAZIO,1,0,1
GERBASIA,1,0,1
GERBET,1,0,1
GERBIR,1,0,1
GERBIS,1,0,1
GERCEL,1,0,1
GERCEN,1,0,1
GERCIAN,1,0,1
GERCIE,1,0,1
GERCILIA,1,0,1
GERDER,1,0,1
GERDRUDIS,1,0,1
GERDYN,1,0,1
GEREEN,1,0,1
GEREMAI,1,0,1
GEREMY,1,0,1
GEREN,1,0,1
GERES,1,0,1
GERESMINDA,1,0,1
GERGAN,1,0,1
GERGE,1,0,1
GERGLY,1,0,1
GERHSON,1,0,1
GERI,1,0,1
GERIBERTO,1,0,1
GERIC,1,0,1
GERICA,1,0,1
GERILAIS,1,0,1
GERINELDO,1,0,1
GERIS,1,0,1
GERJIN,1,0,1
GERLADINA,1,0,1
GERLER,1,0,1
GERLES,1,0,1
GERLET,1,0,1
GERLI,1,0,1
GERLIA,1,0,1
GERLINDA,1,0,1
GERMANDINA,1,0,1
GERMANDO,1,0,1
GERMANICO,1,0,1
GERMANLI,1,0,1
GERME,1,0,1
GERMEY,1,0,1
GERMIDA,1,0,1
GERMIE,1,0,1
GERMIL,1,0,1
GERMINCIA,1,0,1
GERMITO,1,0,1
GERMO,1,0,1
GERMON,1,0,1
GERMYN,1,0,1
GERMYS,1,0,1
GERNIN,1,0,1
GERNIS,1,0,1
GERNY,1,0,1
GEROAN,1,0,1
GEROL,1,0,1
GEROLD,1,0,1
GEROLDINA,1,0,1
GERONIMASOFIA,1,0,1
GERONOLINA,1,0,1
GERONSIO,1,0,1
GERORFINA,1,0,1
GEROVOHAM,1,0,1
GERRA,1,0,1
GERRILLE,1,0,1
GERRIN,1,0,1
GERRON,1,0,1
GERSENIA,1,0,1
GERSER,1,0,1
GERSHA,1,0,1
GERSIMIA,1,0,1
GERSING,1,0,1
GERSONN,1,0,1
GERSSONN,1,0,1
GERSTZAN,1,0,1
GERT,1,0,1
GERTA,1,0,1
GERTI,1,0,1
GERTRUDI,1,0,1
GERTRUDIX,1,0,1
GERTRUDY,1,0,1
GERTRURES,1,0,1
GERTULIO,1,0,1
GERTY,1,0,1
GERUY,1,0,1
GERVELIO,1,0,1
GERVEN,1,0,1
GERVERD,1,0,1
GERVYN,1,0,1
GERYLEE,1,0,1
GERZEU,1,0,1
GERZO,1,0,1
GERZZON,1,0,1
GESAN,1,0,1
GESBER,1,0,1
GESDY,1,0,1
GESELLA,1,0,1
GESIAH,1,0,1
GESIFREDO,1,0,1
GESIKA,1,0,1
GESLA,1,0,1
GESLEY,1,0,1
GESLI,1,0,1
GESLIA,1,0,1
GESLIAS,1,0,1
GESMER,1,0,1
GESNA,1,0,1
GESNET,1,0,1
GESNY,1,0,1
GESOMEL,1,0,1
GESSAY,1,0,1
GESSEM,1,0,1
GESSER,1,0,1
GESSIKA,1,0,1
GESSINA,1,0,1
GESTER,1,0,1
GESUAR,1,0,1
GESVALDO,1,0,1
GESYKA,1,0,1
GETDALIA,1,0,1
GETER,1,0,1
GETNY,1,0,1
GETSEL,1,0,1
GETSEMANUEL,1,0,1
GETSMANI,1,0,1
GETSY,1,0,1
GETXOMINA,1,0,1
GETZEL,1,0,1
GETZIA,1,0,1
GETZON,1,0,1
GEUBLE,1,0,1
GEUGENIO,1,0,1
GEUH,1,0,1
GEUNIE,1,0,1
GEUSSEPE,1,0,1
GEUTERIO,1,0,1
GEVANMI,1,0,1
GEVANNY,1,0,1
GEVOVEVA,1,0,1
GEXA,1,0,1
GEXAIDA,1,0,1
GEXDES,1,0,1
GEXICA,1,0,1
GEXIEL,1,0,1
GEXNIT,1,0,1
GEXSI,1,0,1
GEXSOL,1,0,1
GEXY,1,0,1
GEYBIS,1,0,1
GEYCEL,1,0,1
GEYDA,1,0,1
GEYDE,1,0,1
GEYDIES,1,0,1
GEYDIN,1,0,1
GEYIBIL,1,0,1
GEYLI,1,0,1
GEYLIN,1,0,1
GEYMA,1,0,1
GEYMI,1,0,1
GEYNE,1,0,1
GEYNER,1,0,1
GEYRA,1,0,1
GEYSA,1,0,1
GEYSEL,1,0,1
GEYSET,1,0,1
GEYSIN,1,0,1
GEYSIS,1,0,1
GEYSON,1,0,1
GEYVIE,1,0,1
GEYVIS,1,0,1
GEYZA,1,0,1
GEYZEL,1,0,1
GEZEL,1,0,1
GEZMAN,1,0,1
GEZMIN,1,0,1
GEZSABEL,1,0,1
GHANDY,1,0,1
GHARIS,1,0,1
GHAZI,1,0,1
GHENRRY,1,0,1
GHENY,1,0,1
GHERONIMO,1,0,1
GHERRIN,1,0,1
GHERSON,1,0,1
GHESSIKA,1,0,1
GHIBBENS,1,0,1
GHICELA,1,0,1
GHINA,1,0,1
GHOSEPS,1,0,1
GIAMPAOLO,1,0,1
GIAN CLAUDIO,1,0,1
GIAN FRANCO,1,0,1
GIANINY,1,0,1
GIANNA,1,0,1
GIANY,1,0,1
GIAURA,1,0,1
GIBALDO,1,0,1
GIBSAM,1,0,1
GICELY,1,0,1
GICENIA,1,0,1
GICIMY,1,0,1
GICLE,1,0,1
GICLIS,1,0,1
GICSY,1,0,1
GICZA,1,0,1
GIDALTHI,1,0,1
GIDGET,1,0,1
GIDIO,1,0,1
GIE,1,0,1
GIEIMY,1,0,1
GIESAR,1,0,1
GIESELA,1,0,1
GIESIS,1,0,1
GIESLER,1,0,1
GIESSY,1,0,1
GIEYSIS,1,0,1
GIEZE,1,0,1
GIEZIS,1,0,1
GIGI,1,0,1
GIGLIOLA,1,0,1
GIGLO,1,0,1
GIGLYOLA,1,0,1
GIGNA,1,0,1
GIGSY,1,0,1
GIKSIA,1,0,1
GIL      JORDAN,1,0,1
GILANTONIA,1,0,1
GILANUVIA,1,0,1
GILARY,1,0,1
GILBAR,1,0,1
GILBERIA,1,0,1
GILBERSON,1,0,1
GILBIN,1,0,1
GILDA FRANCISCA,1,0,1
GILDA VITALIA,1,0,1
GILDANO,1,0,1
GILDEBRANDO,1,0,1
GILDEGURD,1,0,1
GILDELISA,1,0,1
GILDREED,1,0,1
GILDRIN,1,0,1
GILDRY,1,0,1
GILDRYN,1,0,1
GILDYS,1,0,1
GILENIA,1,0,1
GILES,1,0,1
GILHIAM,1,0,1
GILIANA,1,0,1
GILILAN,1,0,1
GILIMON,1,0,1
GILIS,1,0,1
GILLEAM,1,0,1
GILLENO,1,0,1
GILLERMA,1,0,1
GILLIAMS,1,0,1
GILLIANS,1,0,1
GILLIANT,1,0,1
GILMALENIA,1,0,1
GILME,1,0,1
GILMEN,1,0,1
GILMOR,1,0,1
GILNELIA,1,0,1
GILNER,1,0,1
GILNMA,1,0,1
GILNSTONS,1,0,1
GILROEL,1,0,1
GILROY,1,0,1
GILSER,1,0,1
GILSIA,1,0,1
GILSIAN,1,0,1
GILSODONI,1,0,1
GILSTON,1,0,1
GILSY,1,0,1
GILTER,1,0,1
GILTO,1,0,1
GILTONG,1,0,1
GILVECIO,1,0,1
GILVEL,1,0,1
GILVERIO,1,0,1
GILVOR,1,0,1
GIME,1,0,1
GIMENES,1,0,1
GIMENG,1,0,1
GIMER,1,0,1
GIMIJIM,1,0,1
GIMILDA,1,0,1
GIMIS,1,0,1
GIMNA,1,0,1
GIN,1,0,1
GINA  LUCIA,1,0,1
GINBERLI,1,0,1
GINDY,1,0,1
GINELLE,1,0,1
GINER,1,0,1
GINIO,1,0,1
GINLEN,1,0,1
GINMAR,1,0,1
GINMEN,1,0,1
GINMY,1,0,1
GINNA TATIANA,1,0,1
GINNES,1,0,1
GINNETTE,1,0,1
GINOLBERTO,1,0,1
GINOVE,1,0,1
GINOVELIO,1,0,1
GINOVINA,1,0,1
GINRY,1,0,1
GINSBERG,1,0,1
GIOBAMNA,1,0,1
GIOHANA,1,0,1
GION,1,0,1
GIOVAMNI,1,0,1
GIOVANNIE,1,0,1
GIOVEL,1,0,1
GIOVINEZZA,1,0,1
GIPPSY,1,0,1
GIPSEL,1,0,1
GIPSON,1,0,1
GIRAN,1,0,1
GIRE,1,0,1
GIRES,1,0,1
GIRETHA,1,0,1
GIRIAN,1,0,1
GIRIO,1,0,1
GIRLA,1,0,1
GIRLEEN,1,0,1
GIRLES,1,0,1
GIRLI,1,0,1
GIROBERTO,1,0,1
GIRSAN,1,0,1
GIRTH,1,0,1
GISABLO,1,0,1
GISELI,1,0,1
GISER,1,0,1
GISIL,1,0,1
GISLEN,1,0,1
GISLENIA,1,0,1
GISSEELL,1,0,1
GISZETTA,1,0,1
GITER,1,0,1
GITLIS,1,0,1
GITSSY,1,0,1
GITZI,1,0,1
GITZY,1,0,1
GIUBETH,1,0,1
GIUCENIA,1,0,1
GIULIA,1,0,1
GIULIANA,1,0,1
GIUSSEPPEE,1,0,1
GIVANILDO,1,0,1
GIVANNI,1,0,1
GIVANS,1,0,1
GIVVIANA,1,0,1
GIXA,1,0,1
GIXCY,1,0,1
GIXENIA,1,0,1
GIXIA,1,0,1
GIXSYS,1,0,1
GIXY,1,0,1
GIXZA,1,0,1
GIZELLA,1,0,1
GIZETH,1,0,1
GLAADYS,1,0,1
GLABA,1,0,1
GLABIS,1,0,1
GLACELINA,1,0,1
GLACIRA,1,0,1
GLADDEN,1,0,1
GLADES,1,0,1
GLADHIS,1,0,1
GLADHYS,1,0,1
GLADICELA,1,0,1
GLADIL,1,0,1
GLADIMI,1,0,1
GLADIN,1,0,1
GLADIP,1,0,1
GLADIS ANA,1,0,1
GLADIS DEL,1,0,1
GLADIS NOEMI,1,0,1
GLADISMIR,1,0,1
GLADISMUNDA,1,0,1
GLADISTAN,1,0,1
GLADISVINDA,1,0,1
GLADITH,1,0,1
GLADIYS,1,0,1
GLADUIS,1,0,1
GLADYBEL,1,0,1
GLADYES,1,0,1
GLADYIS,1,0,1
GLADYN,1,0,1
GLADYPS,1,0,1
GLADYSESPERANZA,1,0,1
GLADYSMARILU,1,0,1
GLADYSONEYDA,1,0,1
GLADYSS,1,0,1
GLADYSTEODORA,1,0,1
GLADYZSIOMARA,1,0,1
GLAGYS,1,0,1
GLAINDIN,1,0,1
GLALDYS,1,0,1
GLANDER,1,0,1
GLANDIA,1,0,1
GLANDINA,1,0,1
GLANDIS,1,0,1
GLANDOR,1,0,1
GLANI,1,0,1
GLANSIS,1,0,1
GLARDIN,1,0,1
GLARISSA,1,0,1
GLARIXEL,1,0,1
GLARIZ,1,0,1
GLARY,1,0,1
GLARYS,1,0,1
GLASIANO,1,0,1
GLASINA,1,0,1
GLASS,1,0,1
GLASTON,1,0,1
GLASTYN,1,0,1
GLATIS,1,0,1
GLAUDA,1,0,1
GLAUDELIO,1,0,1
GLAUDIA,1,0,1
GLAUDIS,1,0,1
GLAVIR,1,0,1
GLAYA,1,0,1
GLAYDI,1,0,1
GLAYDS,1,0,1
GLAYDYS,1,0,1
GLECIA,1,0,1
GLECIDA,1,0,1
GLECSIS,1,0,1
GLEDDY,1,0,1
GLEDI,1,0,1
GLEEM,1,0,1
GLEHIDI,1,0,1
GLEIBES,1,0,1
GLEIDE,1,0,1
GLEISI,1,0,1
GLELIAN,1,0,1
GLEMDY,1,0,1
GLEMENTINA,1,0,1
GLEMI,1,0,1
GLEMIA,1,0,1
GLEMYZ,1,0,1
GLENCITA,1,0,1
GLENCY,1,0,1
GLEND,1,0,1
GLENDA  FRANCIA,1,0,1
GLENDA ONEYDA,1,0,1
GLENDA SELENE,1,0,1
GLENDALY,1,0,1
GLENDAXIOMARA,1,0,1
GLENDE,1,0,1
GLENDER,1,0,1
GLENDINA,1,0,1
GLENDIZ,1,0,1
GLENDO,1,0,1
GLENDOLY,1,0,1
GLENDOR,1,0,1
GLENDORA,1,0,1
GLENE,1,0,1
GLENEIS,1,0,1
GLENER,1,0,1
GLENESS,1,0,1
GLENIDA,1,0,1
GLENIDO,1,0,1
GLENIDY,1,0,1
GLENIES,1,0,1
GLENIR,1,0,1
GLENISE,1,0,1
GLENISS,1,0,1
GLENNEY,1,0,1
GLENSI,1,0,1
GLENTON,1,0,1
GLENYN,1,0,1
GLEOBER,1,0,1
GLEOPHUS,1,0,1
GLERIN,1,0,1
GLERY,1,0,1
GLESBYA,1,0,1
GLESEDONIO,1,0,1
GLESI,1,0,1
GLESSIE,1,0,1
GLESSIENE,1,0,1
GLESTIM,1,0,1
GLESY,1,0,1
GLEVIZ,1,0,1
GLEYBI,1,0,1
GLEYBIS,1,0,1
GLEYFIN,1,0,1
GLEYMAN,1,0,1
GLEYSI,1,0,1
GLEZIN,1,0,1
GLHENDA,1,0,1
GLIANY,1,0,1
GLIAZAR,1,0,1
GLICELIO,1,0,1
GLICELY,1,0,1
GLICIRIO,1,0,1
GLIDDEN,1,0,1
GLIDEN,1,0,1
GLIDES,1,0,1
GLIDIA,1,0,1
GLIERNA,1,0,1
GLIGNI,1,0,1
GLIMNY,1,0,1
GLINDEN,1,0,1
GLINDYS,1,0,1
GLINE,1,0,1
GLINI,1,0,1
GLINIZ,1,0,1
GLINKA,1,0,1
GLINNYS,1,0,1
GLIREAN,1,0,1
GLIRIA,1,0,1
GLIRIS,1,0,1
GLISEIRO,1,0,1
GLISEO,1,0,1
GLISERIO,1,0,1
GLISINA,1,0,1
GLISSENIA,1,0,1
GLOBALDO,1,0,1
GLOBAR,1,0,1
GLOBEN,1,0,1
GLOCELY,1,0,1
GLOCELYS,1,0,1
GLODIMER,1,0,1
GLODIN,1,0,1
GLODIRIO,1,0,1
GLOENDY,1,0,1
GLOIRA,1,0,1
GLOJER,1,0,1
GLOMER,1,0,1
GLONDI,1,0,1
GLONDIN,1,0,1
GLONDIS,1,0,1
GLONDYS,1,0,1
GLONIS,1,0,1
GLORAI,1,0,1
GLORANIA,1,0,1
GLORBIN,1,0,1
GLORDINA,1,0,1
GLORE,1,0,1
GLOREDIANO,1,0,1
GLORESTILA,1,0,1
GLORIA  SINTIA,1,0,1
GLORIA GRACIBEL,1,0,1
GLORIA MARINA M,1,0,1
GLORIA VIRGILIA,1,0,1
GLORIAARGENTINA,1,0,1
GLORIABEL,1,0,1
GLORIACELESTINA,1,0,1
GLORIADEL,1,0,1
GLORIALINDA,1,0,1
GLORIAS,1,0,1
GLORIASARAI,1,0,1
GLORIBELL,1,0,1
GLORIBERLY,1,0,1
GLORICELY,1,0,1
GLORICINIO,1,0,1
GLORIDA,1,0,1
GLORIDMA,1,0,1
GLORIENTINA,1,0,1
GLORIETA,1,0,1
GLORINE,1,0,1
GLORINEIDA,1,0,1
GLORIOCINIO,1,0,1
GLORISMANA,1,0,1
GLORISMINDA,1,0,1
GLORIVET,1,0,1
GLORIX,1,0,1
GLORIZ,1,0,1
GLOROVEL,1,0,1
GLORYEL,1,0,1
GLOTRIA,1,0,1
GLOVIN,1,0,1
GLOVIS,1,0,1
GLUDIS,1,0,1
GLUSENVIC,1,0,1
GLUVEZ,1,0,1
GLYMAN,1,0,1
GLYN,1,0,1
GLYNY,1,0,1
GLYNYS,1,0,1
GLYRIAM,1,0,1
GNNIS,1,0,1
GOAQUIN,1,0,1
GOBEL,1,0,1
GOBELINDO,1,0,1
GOBERTINO,1,0,1
GOBINA,1,0,1
GOBINDA,1,0,1
GOBITA,1,0,1
GODANDIR,1,0,1
GODBIN,1,0,1
GODBINDA,1,0,1
GODELENA,1,0,1
GODFFREY,1,0,1
GODIER,1,0,1
GODIS,1,0,1
GODO FREDO,1,0,1
GODOFREDIS,1,0,1
GODONELSO,1,0,1
GODORFREO,1,0,1
GODOVALDO,1,0,1
GODRES,1,0,1
GODSMAN,1,0,1
GODUYN,1,0,1
GOFFOLIBITA,1,0,1
GOFRIETH,1,0,1
GOITA,1,0,1
GOLBAN,1,0,1
GOLBEL,1,0,1
GOLBY,1,0,1
GOLDAN,1,0,1
GOLDBERG,1,0,1
GOLDDIN,1,0,1
GOLDEEN,1,0,1
GOLFAR,1,0,1
GOLGI,1,0,1
GOLLA,1,0,1
GOLLIN,1,0,1
GOLMAR,1,0,1
GOLMEN,1,0,1
GOLMER,1,0,1
GOLMO,1,0,1
GOLORIA,1,0,1
GOLVIS,1,0,1
GOLVVER,1,0,1
GOLWEN,1,0,1
GOLWIN,1,0,1
GOMADY,1,0,1
GOMAS,1,0,1
GOMERCENDO,1,0,1
GOMESVILMA,1,0,1
GONAIDA,1,0,1
GONCELINA,1,0,1
GONERFIO,1,0,1
GONERI,1,0,1
GONG,1,0,1
GONI,1,0,1
GONIA,1,0,1
GONNGEL,1,0,1
GONZALEZMAYRA,1,0,1
GONZALINO,1,0,1
GONZALOLO,1,0,1
GOODVIN,1,0,1
GOOFEL,1,0,1
GOOLDA,1,0,1
GOOLDY,1,0,1
GORBIN,1,0,1
GORDEN,1,0,1
GORDOLA,1,0,1
GORFRED,1,0,1
GORGIA,1,0,1
GORJIA,1,0,1
GORKI,1,0,1
GORKIANA,1,0,1
GORLENI,1,0,1
GORLENY,1,0,1
GORLI,1,0,1
GORMY,1,0,1
GORSINA,1,0,1
GOSAFAT,1,0,1
GOSDEN,1,0,1
GOSE,1,0,1
GOSLEN,1,0,1
GOSME,1,0,1
GOSMER,1,0,1
GOTHIS,1,0,1
GOTIS,1,0,1
GOTLIET,1,0,1
GOTY,1,0,1
GOVINO,1,0,1
GOYA,1,0,1
GOZME,1,0,1
GRABROSKY,1,0,1
GRACEILA,1,0,1
GRACEKELLY,1,0,1
GRACELIANO,1,0,1
GRACELINA,1,0,1
GRACEY,1,0,1
GRACI,1,0,1
GRACIALA,1,0,1
GRACIE,1,0,1
GRACIELLA,1,0,1
GRACILIANA,1,0,1
GRACIMINEA,1,0,1
GRACINEANO,1,0,1
GRADELI,1,0,1
GRADELIS,1,0,1
GRADELIX,1,0,1
GRADUCENIA,1,0,1
GRADY,1,0,1
GRAFTON,1,0,1
GRAGORIO,1,0,1
GRAICY,1,0,1
GRAL,1,0,1
GRALVIN,1,0,1
GRAMISELDA,1,0,1
GRAMIT,1,0,1
GRAMY,1,0,1
GRANBEN,1,0,1
GRANCY,1,0,1
GRANDICIA,1,0,1
GRANGER,1,0,1
GRANIDELA,1,0,1
GRANISIO,1,0,1
GRANSI,1,0,1
GRANWEL,1,0,1
GRASCILIANO,1,0,1
GRASELIDA,1,0,1
GRASILIANO,1,0,1
GRASINIANO,1,0,1
GRASIVEL,1,0,1
GRASSO,1,0,1
GRAUBEN,1,0,1
GRAUVEN,1,0,1
GRAVILLE,1,0,1
GRAVIS,1,0,1
GRAYCI,1,0,1
GRAYDON,1,0,1
GRAYLOR,1,0,1
GRAZIA MATILDE,1,0,1
GRAZYA,1,0,1
GREBEL,1,0,1
GREBI,1,0,1
GREBID,1,0,1
GREBILL,1,0,1
GREBIT,1,0,1
GREBIZ,1,0,1
GRECEI,1,0,1
GRECELDA,1,0,1
GRECELIA,1,0,1
GRECI,1,0,1
GREDA,1,0,1
GREDI,1,0,1
GREDITH,1,0,1
GREDIX,1,0,1
GREDYL,1,0,1
GREDYZ,1,0,1
GREECE,1,0,1
GREEN  LEOFA,1,0,1
GREENCILIA,1,0,1
GREENE,1,0,1
GREES,1,0,1
GREESE,1,0,1
GREETHEL,1,0,1
GREEY,1,0,1
GREFEL,1,0,1
GREFHI,1,0,1
GREFIS,1,0,1
GREGGSI,1,0,1
GREGOHRY,1,0,1
GREGOLIANA,1,0,1
GREGORIA MARIA,1,0,1
GREGORIE,1,0,1
GREGRAY,1,0,1
GREGRORIA,1,0,1
GREGRORIO,1,0,1
GREHT,1,0,1
GREIBIN,1,0,1
GREIBYN,1,0,1
GREIGRA,1,0,1
GREILIN,1,0,1
GREINCE,1,0,1
GREIQUELI,1,0,1
GREISBY,1,0,1
GREIVI,1,0,1
GREIVIN,1,0,1
GREIVYN,1,0,1
GREIYSSY,1,0,1
GREIZY,1,0,1
GRELDINA,1,0,1
GREMBLIN,1,0,1
GREMILDA,1,0,1
GREMY,1,0,1
GREN,1,0,1
GRENA,1,0,1
GRENDYS,1,0,1
GRENILDA,1,0,1
GRENILIA,1,0,1
GRENLI,1,0,1
GRENOBEL,1,0,1
GRENUEL,1,0,1
GREOGRIO,1,0,1
GREORGINA,1,0,1
GREORIA,1,0,1
GREPSI,1,0,1
GRERORIA,1,0,1
GRERY,1,0,1
GRESCENCIO,1,0,1
GRESDEL,1,0,1
GRESIN,1,0,1
GRESIS,1,0,1
GRESSY,1,0,1
GRET,1,0,1
GRETCHIN,1,0,1
GRETHSEN,1,0,1
GRETI,1,0,1
GRETIS,1,0,1
GRETTA,1,0,1
GREULINY,1,0,1
GREURI,1,0,1
GREVIA,1,0,1
GREVILL,1,0,1
GREVLYN,1,0,1
GREVYNG,1,0,1
GREWIL,1,0,1
GREWY,1,0,1
GREXY,1,0,1
GREYBY,1,0,1
GREYDON,1,0,1
GREYNY,1,0,1
GREYSE,1,0,1
GREYSIS,1,0,1
GREYSIZ,1,0,1
GREYSSE,1,0,1
GREYTING,1,0,1
GREYVIN,1,0,1
GREYVIS,1,0,1
GREYVIZ,1,0,1
GREYVYN,1,0,1
GREYY,1,0,1
GRIBIL,1,0,1
GRIBY,1,0,1
GRIC,1,0,1
GRICEDILES,1,0,1
GRICELDE,1,0,1
GRICELDINA,1,0,1
GRICELIDE,1,0,1
GRIDYAN,1,0,1
GRIESS,1,0,1
GRIETA,1,0,1
GRIFELDA,1,0,1
GRIG,1,0,1
GRILLMA,1,0,1
GRIMBER,1,0,1
GRIME,1,0,1
GRIMY,1,0,1
GRINA,1,0,1
GRINDA,1,0,1
GRINDY,1,0,1
GRINDYS,1,0,1
GRINELDA,1,0,1
GRING,1,0,1
GRININ,1,0,1
GRINIS,1,0,1
GRINLEY,1,0,1
GRIOLMIS,1,0,1
GRIOLMY,1,0,1
GRIOLMYS,1,0,1
GRIRA,1,0,1
GRIS,1,0,1
GRISARENA,1,0,1
GRISELDI,1,0,1
GRISELH,1,0,1
GRISELT,1,0,1
GRISENIA,1,0,1
GRISILDO,1,0,1
GRISMERY,1,0,1
GRISNALDA,1,0,1
GRISPIN,1,0,1
GRISPINO,1,0,1
GRISSEEL,1,0,1
GRISSLY,1,0,1
GRITA,1,0,1
GRITCHEN,1,0,1
GRIZOL,1,0,1
GROBIN,1,0,1
GROBINS,1,0,1
GRODIA,1,0,1
GRODIL,1,0,1
GRODIVIL,1,0,1
GRODSBIN,1,0,1
GRODVING,1,0,1
GRODWIN,1,0,1
GROGMENDA,1,0,1
GROGORIO,1,0,1
GROHELIN,1,0,1
GROIBY,1,0,1
GRONBIN,1,0,1
GRONLY,1,0,1
GROOSBIN,1,0,1
GRORA,1,0,1
GRORVIN,1,0,1
GROSBI,1,0,1
GROSBING,1,0,1
GROSINA,1,0,1
GROSLIN,1,0,1
GROSMI,1,0,1
GROSNY,1,0,1
GROSSBIN,1,0,1
GROSSNIE,1,0,1
GROSUYN,1,0,1
GROSVING,1,0,1
GROSWYN,1,0,1
GROVIN,1,0,1
GROWIN,1,0,1
GROYBI,1,0,1
GROZBIN,1,0,1
GRUCILA,1,0,1
GRUELIN,1,0,1
GRULI,1,0,1
GRUMILDA,1,0,1
GRUMINDA,1,0,1
GRUSHESKA,1,0,1
GRUSVIN,1,0,1
GTIDALIA,1,0,1
GUACTEMO,1,0,1
GUADALUP+,1,0,1
GUADHY,1,0,1
GUADIC,1,0,1
GUADINIA,1,0,1
GUADULUPE,1,0,1
GUAITIN,1,0,1
GUALBERO,1,0,1
GUALDEMAN,1,0,1
GUALDETRUDES,1,0,1
GUALDISTRUDES,1,0,1
GUALFERTO,1,0,1
GUALHMAN,1,0,1
GUALI,1,0,1
GUALIER,1,0,1
GUALIN,1,0,1
GUALY,1,0,1
GUANA,1,0,1
GUANDY,1,0,1
GUANELA,1,0,1
GUANELGEN,1,0,1
GUANELJIR,1,0,1
GUANERJEN,1,0,1
GUANIS,1,0,1
GUAPP,1,0,1
GUARAK,1,0,1
GUARDA,1,0,1
GUARDATE,1,0,1
GUARDATRUDIZ,1,0,1
GUARDDER,1,0,1
GUARDE,1,0,1
GUARDIOLA,1,0,1
GUARDITRUDIS,1,0,1
GUARIN,1,0,1
GUARINO,1,0,1
GUARLAN,1,0,1
GUASNE,1,0,1
GUASNER,1,0,1
GUASTAVO,1,0,1
GUBEN,1,0,1
GUBENTINO,1,0,1
GUBERCINDO,1,0,1
GUBERNARDO,1,0,1
GUCLO,1,0,1
GUDADALUPE,1,0,1
GUDELFA,1,0,1
GUDIG,1,0,1
GUDIS,1,0,1
GUDVELIA,1,0,1
GUDY,1,0,1
GUEBARA,1,0,1
GUEBRAL,1,0,1
GUEBY,1,0,1
GUEDIS,1,0,1
GUEDONI,1,0,1
GUEIDA,1,0,1
GUELBIN,1,0,1
GUELDRES,1,0,1
GUELMAR,1,0,1
GUELMY,1,0,1
GUELSON,1,0,1
GUELVI,1,0,1
GUEMBER,1,0,1
GUEMERCINDO,1,0,1
GUEMRCINDA,1,0,1
GUENARA,1,0,1
GUENDE,1,0,1
GUENDELINE,1,0,1
GUENDIZ,1,0,1
GUENDYS,1,0,1
GUENRY,1,0,1
GUENSELA,1,0,1
GUENSELAO,1,0,1
GUERARDO,1,0,1
GUERETO,1,0,1
GUERMINDA,1,0,1
GUERRERO,1,0,1
GUERTA,1,0,1
GUESANY,1,0,1
GUESLY,1,0,1
GUESSLER,1,0,1
GUESSLOR,1,0,1
GUETO,1,0,1
GUETSOMINA,1,0,1
GUEVIN,1,0,1
GUEXBY,1,0,1
GUEY,1,0,1
GUEYBOY,1,0,1
GUEYDI,1,0,1
GUEYDIS,1,0,1
GUEYSY,1,0,1
GUGDELIA,1,0,1
GUGLIELMO,1,0,1
GUIAMAR,1,0,1
GUIANNY,1,0,1
GUIAROL,1,0,1
GUIBALDO,1,0,1
GUIBER,1,0,1
GUIBERTO,1,0,1
GUIDALIA,1,0,1
GUIDBERTO,1,0,1
GUIDELVALDO,1,0,1
GUIDES,1,0,1
GUIDIN,1,0,1
GUIDIO,1,0,1
GUIDIONE,1,0,1
GUIENDE,1,0,1
GUIERMINA,1,0,1
GUIERRY,1,0,1
GUIFREDO,1,0,1
GUIHOBANI,1,0,1
GUILBORTH,1,0,1
GUILBOT,1,0,1
GUILEBALDA,1,0,1
GUILEONA,1,0,1
GUILERMINO,1,0,1
GUILEVALDA,1,0,1
GUILFREDI,1,0,1
GUILIANA,1,0,1
GUILIANS,1,0,1
GUILIANY,1,0,1
GUILIBALDA,1,0,1
GUILIETTA,1,0,1
GUILLAINE,1,0,1
GUILLENMARIO,1,0,1
GUILLER,1,0,1
GUILLERELDINA,1,0,1
GUILLERMINADEL,1,0,1
GUILLERMINDA,1,0,1
GUILLERMO R,1,0,1
GUILMARO,1,0,1
GUILME,1,0,1
GUILMIDA,1,0,1
GUILMO,1,0,1
GUILMOR,1,0,1
GUILSO,1,0,1
GUILTER,1,0,1
GUILTO,1,0,1
GUILVER,1,0,1
GUIMY,1,0,1
GUIN,1,0,1
GUINDY,1,0,1
GUINIS,1,0,1
GUINO,1,0,1
GUINTAR,1,0,1
GUIRIAN,1,0,1
GUIRLA,1,0,1
GUIRRE,1,0,1
GUISEDA,1,0,1
GUISELLI,1,0,1
GUISEPE,1,0,1
GUISEPNO,1,0,1
GUISEPPE,1,0,1
GUISLEIM,1,0,1
GUISSELY,1,0,1
GUISSILDA,1,0,1
GUISTON,1,0,1
GUITA,1,0,1
GUIVIDA,1,0,1
GUIYECIN,1,0,1
GUIYERMA,1,0,1
GUIZEL,1,0,1
GUIZZELLE,1,0,1
GULIA,1,0,1
GULLIVER,1,0,1
GULMAN,1,0,1
GULMARO,1,0,1
GULVIA,1,0,1
GUMBERTO,1,0,1
GUMECINDO,1,0,1
GUMENCINDO,1,0,1
GUMER,1,0,1
GUMERCILDO,1,0,1
GUMERCZNDO,1,0,1
GUMERINDO,1,0,1
GUMERNCINDA,1,0,1
GUMERNILDA,1,0,1
GUMERSILDO,1,0,1
GUMI,1,0,1
GUMIRCINDA,1,0,1
GUNDLIN,1,0,1
GUNIA,1,0,1
GUNIES,1,0,1
GUNY,1,0,1
GUODVING,1,0,1
GUOHUI,1,0,1
GUPANQUI,1,0,1
GURDIAN,1,0,1
GURES,1,0,1
GURGY,1,0,1
GURIE,1,0,1
GURINALDA,1,0,1
GURLINE,1,0,1
GURMENCINDO,1,0,1
GURMERCIO,1,0,1
GURTELL,1,0,1
GURY,1,0,1
GUSBERTA,1,0,1
GUSLER,1,0,1
GUSMA,1,0,1
GUSMADA,1,0,1
GUSMELI,1,0,1
GUSNALDO,1,0,1
GUSPALDO,1,0,1
GUST,1,0,1
GUSTADO,1,0,1
GUSTANO,1,0,1
GUSTAVE,1,0,1
GUSTAVO  ADOLFO,1,0,1
GUSTAVO ENRIQUE,1,0,1
GUSTAVOADOLFO,1,0,1
GUSTINIANO,1,0,1
GUSTVAO,1,0,1
GUTACIA,1,0,1
GUTIERREZ,1,0,1
GUTIERREZMARIA,1,0,1
GUTY,1,0,1
GUVANY,1,0,1
GUVENCIO,1,0,1
GUVER,1,0,1
GUY ANTOINE,1,0,1
GUYCIL,1,0,1
GUYLSON,1,0,1
GUZMARO,1,0,1
GWELDA,1,0,1
GWENDA,1,0,1
GWENDALYN,1,0,1
GWENDIE,1,0,1
GWENDOLEN,1,0,1
GWENDOLIN,1,0,1
GWENDY,1,0,1
GWILBERTO,1,0,1
GWYNNETH,1,0,1
GYLBERTO,1,0,1
GYNA,1,0,1
GYNEY,1,0,1
GYPSI,1,0,1
GYVEN,1,0,1
HAARLIN,1,0,1
HABA,1,0,1
HABACU,1,0,1
HABAL,1,0,1
HABANELL,1,0,1
HABBY,1,0,1
HABE,1,0,1
HABEN,1,0,1
HABERA,1,0,1
HABERSIA,1,0,1
HABIL,1,0,1
HABIS,1,0,1
HABISAY,1,0,1
HABITO,1,0,1
HABRANM,1,0,1
HABUNDIO,1,0,1
HACEL,1,0,1
HACELA,1,0,1
HACKELINE,1,0,1
HACOVI,1,0,1
HADA ANTONIA,1,0,1
HADA MARINA,1,0,1
HADABEL,1,0,1
HADAIN,1,0,1
HADALAI,1,0,1
HADALUZ,1,0,1
HADAR,1,0,1
HADARLY,1,0,1
HADASSA,1,0,1
HADDA,1,0,1
HADEE,1,0,1
HADEN,1,0,1
HADI,1,0,1
HADIGNA,1,0,1
HADINA,1,0,1
HADIZABEL,1,0,1
HADJ,1,0,1
HADNER,1,0,1
HADNNER,1,0,1
HADONAY,1,0,1
HADWIN,1,0,1
HADYD,1,0,1
HADYS,1,0,1
HAEDY,1,0,1
HAELYN,1,0,1
HAEMLY,1,0,1
HAENSEL,1,0,1
HAGA,1,0,1
HAGABIANO,1,0,1
HAGAN,1,0,1
HAGDY,1,0,1
HAGUAR,1,0,1
HAGUIT,1,0,1
HAHUM,1,0,1
HAICSA,1,0,1
HAIDDEE,1,0,1
HAIGTHER,1,0,1
HAILI,1,0,1
HAILIAN,1,0,1
HAIME,1,0,1
HAISA,1,0,1
HAISEN,1,0,1
HAISLAO,1,0,1
HAISSEL,1,0,1
HAITA,1,0,1
HAIXA,1,0,1
HAIYDEE,1,0,1
HAJI,1,0,1
HAKI,1,0,1
HALABINIA,1,0,1
HALACH,1,0,1
HALBAN,1,0,1
HALBER,1,0,1
HALBERT,1,0,1
HALBY,1,0,1
HALCYAN,1,0,1
HALDEN,1,0,1
HALDRIN,1,0,1
HALEDDYS,1,0,1
HALEIRA,1,0,1
HALEM,1,0,1
HALEMBERT,1,0,1
HALES,1,0,1
HALETH,1,0,1
HALETO,1,0,1
HALEX,1,0,1
HALFA,1,0,1
HALFRANK,1,0,1
HALI,1,0,1
HALIDA,1,0,1
HALIM,1,0,1
HALINTON,1,0,1
HALITH,1,0,1
HALLAX,1,0,1
HALLESSA,1,0,1
HALLIX,1,0,1
HALLOWELL,1,0,1
HALMA,1,0,1
HALMARK,1,0,1
HALOA,1,0,1
HALOW,1,0,1
HALPIN,1,0,1
HALSTED,1,0,1
HALSTHON,1,0,1
HALVIN,1,0,1
HALYL,1,0,1
HAMAR,1,0,1
HAMBAR,1,0,1
HAMBLETH,1,0,1
HAMBLIN,1,0,1
HAMBROCIO,1,0,1
HAMELIN,1,0,1
HAMELL,1,0,1
HAMIES,1,0,1
HAMILTHON,1,0,1
HAMIN,1,0,1
HAMINADAB,1,0,1
HAMPZY,1,0,1
HAMSEL,1,0,1
HAMSI,1,0,1
HAMTAR,1,0,1
HAMZI,1,0,1
HANAM,1,0,1
HANANIA,1,0,1
HANAY,1,0,1
HANCEL,1,0,1
HANCI,1,0,1
HAND,1,0,1
HANDELINA,1,0,1
HANDRY,1,0,1
HANDYS,1,0,1
HANE,1,0,1
HANELORE,1,0,1
HANIN,1,0,1
HANIS,1,0,1
HANKIE,1,0,1
HANKLIN,1,0,1
HANLAND,1,0,1
HANLET,1,0,1
HANMLETH,1,0,1
HANNAN,1,0,1
HANNEH,1,0,1
HANNIE,1,0,1
HANNINGTON,1,0,1
HANNOH,1,0,1
HANNS,1,0,1
HANNSIN,1,0,1
HANNSY,1,0,1
HANOI,1,0,1
HANORATO,1,0,1
HANSELL,1,0,1
HANSES,1,0,1
HANUER,1,0,1
HANVER,1,0,1
HANY,1,0,1
HANZEL,1,0,1
HAPPY,1,0,1
HARACIO,1,0,1
HARALD,1,0,1
HARAXI,1,0,1
HARBEEN,1,0,1
HARBERT,1,0,1
HARBIMS,1,0,1
HARBING,1,0,1
HARBIS,1,0,1
HARCELIA,1,0,1
HARCHE,1,0,1
HARDEN,1,0,1
HARDIN,1,0,1
HARDLY,1,0,1
HARDOL,1,0,1
HARDUBAL,1,0,1
HARDWICK,1,0,1
HARED,1,0,1
HAREESTH,1,0,1
HAREL,1,0,1
HARENS,1,0,1
HARENTON,1,0,1
HAREZY,1,0,1
HARGELIA,1,0,1
HARICLYA,1,0,1
HARIE,1,0,1
HARIELYA,1,0,1
HARIER,1,0,1
HARIETH,1,0,1
HARIETTE,1,0,1
HARING,1,0,1
HARINSON,1,0,1
HARINTON,1,0,1
HARISON,1,0,1
HARISTON,1,0,1
HARIT,1,0,1
HARLENG,1,0,1
HARLER,1,0,1
HARLIM,1,0,1
HARLINGTHONG,1,0,1
HARLIS,1,0,1
HARLLO,1,0,1
HARLLY,1,0,1
HARLYNZ,1,0,1
HARMANDO,1,0,1
HARMANDS,1,0,1
HARMELINDA,1,0,1
HARMI,1,0,1
HARMIN,1,0,1
HARNER,1,0,1
HARNEY,1,0,1
HARNI,1,0,1
HARRBEY,1,0,1
HARRIETTE,1,0,1
HARRIMON,1,0,1
HARRINGTON,1,0,1
HARRINSON,1,0,1
HARRIUS,1,0,1
HARROLD,1,0,1
HARRY SEN,1,0,1
HARSHALL,1,0,1
HARSLYN,1,0,1
HART,1,0,1
HARTEMIO,1,0,1
HARTWEL,1,0,1
HARVEN,1,0,1
HARVI,1,0,1
HARVIW,1,0,1
HARVYN,1,0,1
HARYS,1,0,1
HAS,1,0,1
HASBEL,1,0,1
HASBI,1,0,1
HASBY,1,0,1
HASIVE,1,0,1
HASKED,1,0,1
HASLIN,1,0,1
HASLY,1,0,1
HASMINY,1,0,1
HASQUEL,1,0,1
HASTER,1,0,1
HASTIN,1,0,1
HASTON,1,0,1
HASTOR,1,0,1
HASTRI,1,0,1
HASTRYD,1,0,1
HATEM,1,0,1
HATHERANN,1,0,1
HATKIN,1,0,1
HATTY,1,0,1
HATUEY,1,0,1
HATZA,1,0,1
HATZEL,1,0,1
HAUDI,1,0,1
HAUDIAS,1,0,1
HAUDRA,1,0,1
HAUEIN,1,0,1
HAULER,1,0,1
HAUSBERTO,1,0,1
HAUSEL,1,0,1
HAVAD,1,0,1
HAVELANGEL,1,0,1
HAVERT,1,0,1
HAVIA,1,0,1
HAVILIO,1,0,1
HAVIN,1,0,1
HAVIS,1,0,1
HAWALDA,1,0,1
HAWEIS,1,0,1
HAWORT,1,0,1
HAXELL,1,0,1
HAXON,1,0,1
HAYANIRA,1,0,1
HAYANTY,1,0,1
HAYAX,1,0,1
HAYBY,1,0,1
HAYDEELY,1,0,1
HAYDEER,1,0,1
HAYDEEY,1,0,1
HAYDEI,1,0,1
HAYDEL,1,0,1
HAYDHEE,1,0,1
HAYDIN,1,0,1
HAYDOLINA,1,0,1
HAYLEEN,1,0,1
HAYLEL,1,0,1
HAYLEN,1,0,1
HAYLETH,1,0,1
HAYLEY,1,0,1
HAYLON,1,0,1
HAYMAN,1,0,1
HAYMARA,1,0,1
HAYMOND,1,0,1
HAYNE,1,0,1
HAYSSER,1,0,1
HAYWAN,1,0,1
HAYZEEL,1,0,1
HAZAHEL,1,0,1
HAZCELY,1,0,1
HAZCH,1,0,1
HAZELINA,1,0,1
HAZMER,1,0,1
HCERLER,1,0,1
HEADLY,1,0,1
HEAIDY,1,0,1
HEAM,1,0,1
HEARLE,1,0,1
HEB,1,0,1
HEBBEL,1,0,1
HEBBER,1,0,1
HEBBERTH,1,0,1
HEBDOMILIO,1,0,1
HEBELIA,1,0,1
HEBENY,1,0,1
HEBERCITO,1,0,1
HEBERHT,1,0,1
HEBERILDA,1,0,1
HEBERLINDO,1,0,1
HEBERLUDIN,1,0,1
HEBERSELY,1,0,1
HEBERTL,1,0,1
HEBES,1,0,1
HEBETH,1,0,1
HEBIDAL,1,0,1
HEBIRT,1,0,1
HEBLEN,1,0,1
HEBLIS,1,0,1
HEBRAHAM,1,0,1
HECBERTH,1,0,1
HECBERTO,1,0,1
HECCTOR,1,0,1
HECDA,1,0,1
HECDEK,1,0,1
HECDELIO,1,0,1
HECER,1,0,1
HECLO,1,0,1
HECMIR,1,0,1
HECOR,1,0,1
HECOTR,1,0,1
HECRINDA,1,0,1
HECTA,1,0,1
HECTALICIA,1,0,1
HECTALY,1,0,1
HECTIMIO,1,0,1
HECTIN,1,0,1
HECTODIO,1,0,1
HECTOMILA,1,0,1
HECTONIEL,1,0,1
HECTONYEL,1,0,1
HECTOR   RENE,1,0,1
HECTOR  ANTONIO,1,0,1
HECTOR DE JESUS,1,0,1
HECTOR ONELIO,1,0,1
HECTOR TITO,1,0,1
HECTOR YANUARIO,1,0,1
HECTORIANO,1,0,1
HECTORO,1,0,1
HECTORTITO,1,0,1
HECTOS,1,0,1
HED,1,0,1
HEDAN,1,0,1
HEDAR,1,0,1
HEDBERT,1,0,1
HEDBERTA,1,0,1
HEDBIN,1,0,1
HEDDIE,1,0,1
HEDDY MAGALI,1,0,1
HEDELFIDA,1,0,1
HEDELIBERTO,1,0,1
HEDELIO,1,0,1
HEDELMIRO,1,0,1
HEDELMIS,1,0,1
HEDENIA,1,0,1
HEDERMILIO,1,0,1
HEDERMINIA,1,0,1
HEDES,1,0,1
HEDGARDO,1,0,1
HEDIEL,1,0,1
HEDIHT,1,0,1
HEDILDO,1,0,1
HEDILFREDO,1,0,1
HEDILL,1,0,1
HEDILSON,1,0,1
HEDIR,1,0,1
HEDIY,1,0,1
HEDLEN,1,0,1
HEDLEY,1,0,1
HEDLIN,1,0,1
HEDME,1,0,1
HEDMIZ,1,0,1
HEDMY,1,0,1
HEDNNA,1,0,1
HEDRA,1,0,1
HEDREN,1,0,1
HEDRICK,1,0,1
HEDUER,1,0,1
HEDUVIGES,1,0,1
HEDVAS,1,0,1
HEDYN,1,0,1
HEEDA,1,0,1
HEENRY,1,0,1
HEENZ,1,0,1
HEERMES,1,0,1
HEERTY,1,0,1
HEETSER,1,0,1
HEFREN,1,0,1
HEFSI,1,0,1
HEFZY,1,0,1
HEGAR,1,0,1
HEGAY,1,0,1
HEGBAN,1,0,1
HEGDOMILIA,1,0,1
HEGELS,1,0,1
HEGLIS,1,0,1
HEHEDIY,1,0,1
HEHT,1,0,1
HEHYDY,1,0,1
HEIBIC,1,0,1
HEICEL,1,0,1
HEIDA,1,0,1
HEIDDIN,1,0,1
HEIDHY,1,0,1
HEIDIN,1,0,1
HEIDIS,1,0,1
HEIDYLETICIA,1,0,1
HEIDYN,1,0,1
HEIDYS,1,0,1
HEIKOM,1,0,1
HEILAN,1,0,1
HEILBRON,1,0,1
HEILEN,1,0,1
HEILYS,1,0,1
HEINDDIN,1,0,1
HEINSTHYEN,1,0,1
HEIRYS,1,0,1
HEISBON,1,0,1
HEISI,1,0,1
HEISMAN,1,0,1
HEISOL,1,0,1
HEISSIL,1,0,1
HEISTIN,1,0,1
HEITAN,1,0,1
HEITY,1,0,1
HEIVETT,1,0,1
HEIZELL,1,0,1
HEIZZELL,1,0,1
HELAINE,1,0,1
HELAN,1,0,1
HELANDA,1,0,1
HELARDO,1,0,1
HELBERTH,1,0,1
HELBERTO,1,0,1
HELBIA,1,0,1
HELBIN,1,0,1
HELCI,1,0,1
HELCIDA,1,0,1
HELCIDES,1,0,1
HELCIS,1,0,1
HELDERS,1,0,1
HELDERT,1,0,1
HELDIFONSA,1,0,1
HELDIN,1,0,1
HELDIS,1,0,1
HELEA,1,0,1
HELECAN,1,0,1
HELECI,1,0,1
HELECTRA,1,0,1
HELEDORO,1,0,1
HELEMT,1,0,1
HELEN MARIE,1,0,1
HELENA MARIA,1,0,1
HELENS,1,0,1
HELEODAN,1,0,1
HELER,1,0,1
HELERMAN,1,0,1
HELEUTERIO,1,0,1
HELEVARDO,1,0,1
HELEXS,1,0,1
HELGAN,1,0,1
HELGAR,1,0,1
HELGE,1,0,1
HELGER,1,0,1
HELGUY,1,0,1
HELIANIS,1,0,1
HELIBARDO,1,0,1
HELIBEHT,1,0,1
HELIDO,1,0,1
HELIDORO,1,0,1
HELIE,1,0,1
HELIER,1,0,1
HELIM,1,0,1
HELINTON,1,0,1
HELIOGILDO,1,0,1
HELIONEL,1,0,1
HELIOPOLDO,1,0,1
HELIOVER,1,0,1
HELISBERTO,1,0,1
HELITA,1,0,1
HELIX,1,0,1
HELIZINIO,1,0,1
HELKHA,1,0,1
HELKIS,1,0,1
HELL,1,0,1
HELLER,1,0,1
HELLMUTH,1,0,1
HELLOWE,1,0,1
HELLTON,1,0,1
HELLYNS,1,0,1
HELMEL,1,0,1
HELMILDA,1,0,1
HELMINTA,1,0,1
HELMO,1,0,1
HELMOR,1,0,1
HELMSTEAD,1,0,1
HELMUD,1,0,1
HELMUN,1,0,1
HELMUNTZ,1,0,1
HELNER,1,0,1
HELODIA,1,0,1
HELODIORO,1,0,1
HELOISA,1,0,1
HELOMINIO,1,0,1
HELORY,1,0,1
HELOYDINA,1,0,1
HELSIAS,1,0,1
HELSIS,1,0,1
HELSOMINA,1,0,1
HELSSY,1,0,1
HELSYN,1,0,1
HELTHON,1,0,1
HELTOM,1,0,1
HELUA,1,0,1
HELUE,1,0,1
HELUI,1,0,1
HELVI,1,0,1
HELWIN,1,0,1
HELYDY,1,0,1
HELYSH,1,0,1
HEMA,1,0,1
HEMANUEL,1,0,1
HEMELECIA,1,0,1
HEMELINDA,1,0,1
HEMENEGILDA,1,0,1
HEMENELIO,1,0,1
HEMERECIANO,1,0,1
HEMEREJILDA,1,0,1
HEMERLIN,1,0,1
HEMERSONG,1,0,1
HEMERZON,1,0,1
HEMETERIA,1,0,1
HEMGMARRK,1,0,1
HEMI JACQUELINE,1,0,1
HEMIA,1,0,1
HEMILDA,1,0,1
HEMIN,1,0,1
HEMINDA,1,0,1
HEMIR,1,0,1
HEMIRLANDA,1,0,1
HEMMA,1,0,1
HEMMER,1,0,1
HEMNI,1,0,1
HEMORGELIO,1,0,1
HEMRRY,1,0,1
HEMSLEY,1,0,1
HEMYN,1,0,1
HENAC,1,0,1
HENADAD,1,0,1
HENAY,1,0,1
HENCY,1,0,1
HENDAL,1,0,1
HENDDOR,1,0,1
HENDHER,1,0,1
HENDI,1,0,1
HENDIR,1,0,1
HENDLEY,1,0,1
HENDRIC,1,0,1
HENDRICH,1,0,1
HENDRICKSON,1,0,1
HENDRIS,1,0,1
HENDRIZ,1,0,1
HENEMESIO,1,0,1
HENENSSY,1,0,1
HENER,1,0,1
HENERMILA,1,0,1
HENERMILO,1,0,1
HENFORD,1,0,1
HENGELBERTH,1,0,1
HENGLY,1,0,1
HENIE,1,0,1
HENIL,1,0,1
HENIN,1,0,1
HENIS,1,0,1
HENMAR,1,0,1
HENMER,1,0,1
HENMY,1,0,1
HENNDY,1,0,1
HENNES,1,0,1
HENNESSEY,1,0,1
HENNET,1,0,1
HENNIER,1,0,1
HENNINS,1,0,1
HENNRRY,1,0,1
HENOS,1,0,1
HENOVEBA,1,0,1
HENRE,1,0,1
HENRICH,1,0,1
HENRIECH,1,0,1
HENRIETTE,1,0,1
HENRIK,1,0,1
HENRIQUITO,1,0,1
HENRIYETTE,1,0,1
HENRREY,1,0,1
HENRRHI,1,0,1
HENRY  EFREN,1,0,1
HENRY FRANCISCO,1,0,1
HENRYANTONIO,1,0,1
HENRYARON,1,0,1
HENRYCH,1,0,1
HENRYETT,1,0,1
HENRYJAVIER,1,0,1
HENSELL,1,0,1
HENTIMO,1,0,1
HENTZEL,1,0,1
HENUA,1,0,1
HENUAR,1,0,1
HENYA,1,0,1
HENYL,1,0,1
HEODARIS,1,0,1
HEODORA,1,0,1
HEOSNOBIO,1,0,1
HEPAMINONDAS,1,0,1
HEPATIA,1,0,1
HEPHZIBAH,1,0,1
HEPOLITO,1,0,1
HEPSEN,1,0,1
HEQUIO,1,0,1
HER,1,0,1
HERA,1,0,1
HERABERTA,1,0,1
HERACLEA,1,0,1
HERACLI,1,0,1
HERACLITON,1,0,1
HERALY,1,0,1
HERAM,1,0,1
HERAXCELIDES,1,0,1
HERB,1,0,1
HERBANT,1,0,1
HERBELINDO,1,0,1
HERBERCH,1,0,1
HERBERG,1,0,1
HERBERHT,1,0,1
HERBERLINDA,1,0,1
HERBERTA,1,0,1
HERBET,1,0,1
HERBETH,1,0,1
HERBIL,1,0,1
HERBYN,1,0,1
HERCHEL,1,0,1
HERCIO,1,0,1
HERCION,1,0,1
HERCLAS,1,0,1
HERCTOR,1,0,1
HERCY,1,0,1
HERCYN,1,0,1
HERDAN,1,0,1
HERDE,1,0,1
HEREHEM,1,0,1
HEREK,1,0,1
HERENA,1,0,1
HERENCIO,1,0,1
HERENDYZ,1,0,1
HERENEO,1,0,1
HERERMINDA,1,0,1
HERESMINTA,1,0,1
HERGEL,1,0,1
HERGILDA,1,0,1
HERIAN,1,0,1
HERIBERTINA,1,0,1
HERIBETO,1,0,1
HERIBRHAM,1,0,1
HERICKO,1,0,1
HERIDA,1,0,1
HERIDOLFO,1,0,1
HERIEL,1,0,1
HERIGELDA,1,0,1
HERIGS,1,0,1
HERILBERTA,1,0,1
HERIMIRTA,1,0,1
HERING,1,0,1
HERIVERTA,1,0,1
HERIXSON,1,0,1
HERLAND,1,0,1
HERLEIS,1,0,1
HERLEY,1,0,1
HERLIAN,1,0,1
HERLIND,1,0,1
HERLINS,1,0,1
HERLITA,1,0,1
HERLITH,1,0,1
HERLIZ,1,0,1
HERLLAN,1,0,1
HERLO,1,0,1
HERLON,1,0,1
HERMAINIA,1,0,1
HERMALINDA,1,0,1
HERMANDA,1,0,1
HERMANORA,1,0,1
HERMAY,1,0,1
HERMEDES,1,0,1
HERMEGILDA,1,0,1
HERMEJILDA,1,0,1
HERMELA,1,0,1
HERMELDA,1,0,1
HERMELIA,1,0,1
HERMELICIA,1,0,1
HERMELIDO,1,0,1
HERMENINDA,1,0,1
HERMENINGILDA,1,0,1
HERMEREJILDA,1,0,1
HERMESLINDA,1,0,1
HERMESLINDO,1,0,1
HERMESS,1,0,1
HERMEX,1,0,1
HERMIA,1,0,1
HERMIDO,1,0,1
HERMILANDA,1,0,1
HERMILIANA,1,0,1
HERMILIOS,1,0,1
HERMINEGILDO,1,0,1
HERMINEO,1,0,1
HERMING,1,0,1
HERMINIANO,1,0,1
HERMINS,1,0,1
HERMINTO,1,0,1
HERMINTON,1,0,1
HERMIRDONIO,1,0,1
HERMISINDA,1,0,1
HERMISTON,1,0,1
HERMIT,1,0,1
HERMIX,1,0,1
HERMIZ,1,0,1
HERMOGEN,1,0,1
HERMOGES,1,0,1
HERMUNDO,1,0,1
HERNALDIN,1,0,1
HERNANDEZEDGAR,1,0,1
HERNANDEZHIGINI,1,0,1
HERNANDEZSUYAPA,1,0,1
HERNANDIDO,1,0,1
HERNANDINO,1,0,1
HERNARDO,1,0,1
HERNEXS,1,0,1
HERNICELDA,1,0,1
HERNIS,1,0,1
HERNNIE,1,0,1
HERNRY,1,0,1
HERNULFO,1,0,1
HERODEZ,1,0,1
HERODIAS,1,0,1
HERODICTA,1,0,1
HERODIDTA,1,0,1
HERODIOS,1,0,1
HEROHUKIGNA,1,0,1
HEROIDIA,1,0,1
HEROINA AZUCENA,1,0,1
HEROINO,1,0,1
HEROLINA,1,0,1
HERONIA,1,0,1
HEROT,1,0,1
HEROY,1,0,1
HERPEDIO,1,0,1
HERPIDIO,1,0,1
HERRICO,1,0,1
HERRIM,1,0,1
HERROTILA,1,0,1
HERRYPASCUAL,1,0,1
HERSAAM,1,0,1
HERSCHELL,1,0,1
HERSILIA,1,0,1
HERSILIO,1,0,1
HERSIN,1,0,1
HERSOLD,1,0,1
HERTH,1,0,1
HERTHA EILLEEN,1,0,1
HERTIN,1,0,1
HERTSAN,1,0,1
HERTZ,1,0,1
HERUNDINO,1,0,1
HERVACIA,1,0,1
HERVE,1,0,1
HERVEE,1,0,1
HERVES,1,0,1
HERVETT,1,0,1
HERVYE,1,0,1
HERVYN,1,0,1
HERWIH,1,0,1
HERWITH,1,0,1
HERWY,1,0,1
HERYD,1,0,1
HERYKA,1,0,1
HERYTH,1,0,1
HESAEL,1,0,1
HESAU,1,0,1
HESBA,1,0,1
HESBAN,1,0,1
HESDRAS,1,0,1
HESEL,1,0,1
HESELL,1,0,1
HESHMERTH,1,0,1
HESILEE,1,0,1
HESIQUIO,1,0,1
HESIS,1,0,1
HESMA,1,0,1
HESMENEGILDO,1,0,1
HESMERILDA,1,0,1
HESMIN,1,0,1
HESS,1,0,1
HESS LOPE,1,0,1
HESSELL,1,0,1
HESSI,1,0,1
HESSMAN,1,0,1
HESTOR,1,0,1
HESVIA,1,0,1
HESVIN,1,0,1
HESY,1,0,1
HETBEL,1,0,1
HETELIN,1,0,1
HETELVALDO,1,0,1
HETELVINA,1,0,1
HETH,1,0,1
HETHERENGTON,1,0,1
HETLEN,1,0,1
HETLIN,1,0,1
HETTIE,1,0,1
HETTMAN,1,0,1
HETZE,1,0,1
HETZER,1,0,1
HEULOFIO,1,0,1
HEURIDES,1,0,1
HEURIPIDES,1,0,1
HEVADILDO,1,0,1
HEVANMELINA,1,0,1
HEVARISTO,1,0,1
HEVEN,1,0,1
HEVERCIO,1,0,1
HEVERILDA,1,0,1
HEVERTH,1,0,1
HEVERTT,1,0,1
HEVID,1,0,1
HEVILA,1,0,1
HEVIN,1,0,1
HEVIS,1,0,1
HEVIT,1,0,1
HEWARD,1,0,1
HEWBERT,1,0,1
HEWIE,1,0,1
HEWIS,1,0,1
HEWIT,1,0,1
HEXAR,1,0,1
HEXEL,1,0,1
HEXELL,1,0,1
HEXEOMO,1,0,1
HEXI,1,0,1
HEXON,1,0,1
HEXRAI,1,0,1
HEXTOR,1,0,1
HEXY,1,0,1
HEY,1,0,1
HEYBYS,1,0,1
HEYDEL,1,0,1
HEYDHI,1,0,1
HEYER,1,0,1
HEYEVI,1,0,1
HEYLA,1,0,1
HEYLEM,1,0,1
HEYMER,1,0,1
HEYMY,1,0,1
HEYNI,1,0,1
HEYNIS,1,0,1
HEYNNER,1,0,1
HEYNOR,1,0,1
HEYRA,1,0,1
HEYRI,1,0,1
HEYSEL,1,0,1
HEYSELL,1,0,1
HEYSSEL,1,0,1
HEYSSY,1,0,1
HEYTAN,1,0,1
HEYTIN,1,0,1
HEYVERITH,1,0,1
HEYVIS,1,0,1
HEYVY,1,0,1
HEZEKIAH,1,0,1
HEZMAN,1,0,1
HEZSON,1,0,1
HEZZEL,1,0,1
HHIMY,1,0,1
HIALBI,1,0,1
HIANY,1,0,1
HIARA,1,0,1
HIAURA,1,0,1
HIAXQUIE,1,0,1
HIBBERT,1,0,1
HIBE,1,0,1
HIBELDA,1,0,1
HIBERT,1,0,1
HIBETHE,1,0,1
HIBIA,1,0,1
HIBIZ,1,0,1
HIBRAHIN,1,0,1
HIBRAIN,1,0,1
HIBSON,1,0,1
HIBYS,1,0,1
HICDOMELIA,1,0,1
HICELLE,1,0,1
HICIDRO,1,0,1
HICSAN,1,0,1
HICTA,1,0,1
HICTALITA,1,0,1
HID,1,0,1
HIDALVER,1,0,1
HIDELFONSA,1,0,1
HIDELI,1,0,1
HIDELSA,1,0,1
HIDENIA,1,0,1
HIDENORI,1,0,1
HIDEY,1,0,1
HIDILIA,1,0,1
HIDIOMEDEZ,1,0,1
HIDIS,1,0,1
HIDNA,1,0,1
HIDOLINA,1,0,1
HIDRO,1,0,1
HIDULFO,1,0,1
HIDVELA,1,0,1
HIDY,1,0,1
HIEDALY,1,0,1
HIESSA,1,0,1
HIESTER,1,0,1
HIFIS,1,0,1
HIGDA,1,0,1
HIGGINIO,1,0,1
HIGGUENS,1,0,1
HIGHLY,1,0,1
HIGNA,1,0,1
HIGO,1,0,1
HIGSI,1,0,1
HIGUELS,1,0,1
HIINGINIO,1,0,1
HIKE,1,0,1
HILACER,1,0,1
HILANA,1,0,1
HILANDER,1,0,1
HILARRY,1,0,1
HILARY,1,0,1
HILAUDA,1,0,1
HILAY,1,0,1
HILBEN,1,0,1
HILBES,1,0,1
HILCER,1,0,1
HILCI,1,0,1
HILCIO,1,0,1
HILDA DEL CARME,1,0,1
HILDA FATIMA,1,0,1
HILDA MARLENY,1,0,1
HILDALIA,1,0,1
HILDALINA,1,0,1
HILDALY,1,0,1
HILDARINA,1,0,1
HILDEBERT,1,0,1
HILDEBERTA,1,0,1
HILDEGAR,1,0,1
HILDEGARO,1,0,1
HILDELBERTO,1,0,1
HILDELFONSA,1,0,1
HILDELGARDO,1,0,1
HILDELIZA,1,0,1
HILDENIA,1,0,1
HILDERGARD,1,0,1
HILDEROSA,1,0,1
HILDES,1,0,1
HILDETRUDIS,1,0,1
HILDIFONSA,1,0,1
HILDING,1,0,1
HILDOBE,1,0,1
HILDOBRAN,1,0,1
HILDOLIRIO,1,0,1
HILDORAN,1,0,1
HILDOVER,1,0,1
HILDREBRANDO,1,0,1
HILDRED,1,0,1
HILDUVIN,1,0,1
HILDYS,1,0,1
HILEEL,1,0,1
HILER,1,0,1
HILEY,1,0,1
HILGARO,1,0,1
HILICIAS,1,0,1
HILICK,1,0,1
HILIODORO,1,0,1
HILIS,1,0,1
HILIVALDO,1,0,1
HILLENN,1,0,1
HILLIS,1,0,1
HILLISH,1,0,1
HILLROY,1,0,1
HILLSON,1,0,1
HILLY,1,0,1
HILMELDA,1,0,1
HILMES,1,0,1
HILMIA,1,0,1
HILRY,1,0,1
HILSEN,1,0,1
HILSER,1,0,1
HILSIAS,1,0,1
HILSIN,1,0,1
HILSIO,1,0,1
HILSIR,1,0,1
HILSTONG,1,0,1
HILSYE,1,0,1
HILSYSIA,1,0,1
HILTO,1,0,1
HILTOM,1,0,1
HILUE,1,0,1
HILUVINA,1,0,1
HILVAN,1,0,1
HILVINO,1,0,1
HILWE,1,0,1
HILZE,1,0,1
HILZON,1,0,1
HIM,1,0,1
HIMBERTO,1,0,1
HIMENIO,1,0,1
HIMERY,1,0,1
HIMGINIA,1,0,1
HIMI,1,0,1
HIMIA,1,0,1
HIMILCIE,1,0,1
HIMMEL,1,0,1
HIMMLER,1,0,1
HIMNA,1,0,1
HIMNO,1,0,1
HIMNOS,1,0,1
HIMY,1,0,1
HIN,1,0,1
HINACIO,1,0,1
HINCIA,1,0,1
HINDINBIRG,1,0,1
HINDIRIA,1,0,1
HINDONILDA,1,0,1
HINDULFA,1,0,1
HINENE,1,0,1
HINERIZ,1,0,1
HINGRE,1,0,1
HINGRI,1,0,1
HINGRIDS,1,0,1
HINGRY,1,0,1
HINGRYS,1,0,1
HINHUVER,1,0,1
HINIVET,1,0,1
HINMLER,1,0,1
HINMY,1,0,1
HINNA,1,0,1
HINNER,1,0,1
HINOCENCIO,1,0,1
HINVER,1,0,1
HIOHAMNELY,1,0,1
HIOJANA,1,0,1
HIONIS,1,0,1
HIPCEN,1,0,1
HIPOLINAR,1,0,1
HIPOLINARIA,1,0,1
HIPSA,1,0,1
HIPSEL,1,0,1
HIPSEN,1,0,1
HIPSIY,1,0,1
HIRALZA,1,0,1
HIRAUL,1,0,1
HIRAYDA,1,0,1
HIRCIA,1,0,1
HIRDA,1,0,1
HIRDO,1,0,1
HIRENEA,1,0,1
HIRENIA,1,0,1
HIRIAN,1,0,1
HIRIMAC,1,0,1
HIRLA,1,0,1
HIRLANDA,1,0,1
HIRLEN,1,0,1
HIRLIA,1,0,1
HIRLIN,1,0,1
HIRMEN,1,0,1
HIRMENCIA,1,0,1
HIRMINIA,1,0,1
HIRNA,1,0,1
HIROHITO,1,0,1
HIROLKI,1,0,1
HIROSHI,1,0,1
HIRSA,1,0,1
HIRSEL,1,0,1
HIRSY,1,0,1
HIRVIN,1,0,1
HIRVYN,1,0,1
HIRWIN,1,0,1
HISAI,1,0,1
HISANIA,1,0,1
HISBILA,1,0,1
HISCELA,1,0,1
HISELDA,1,0,1
HISIZ,1,0,1
HISLAAL,1,0,1
HISLEM,1,0,1
HISMAILE,1,0,1
HISMARY,1,0,1
HISNAYA,1,0,1
HISNEY,1,0,1
HISOLDE,1,0,1
HISPANO,1,0,1
HISSNIA,1,0,1
HISYZ,1,0,1
HITALA,1,0,1
HITIL,1,0,1
HITLE,1,0,1
HITO,1,0,1
HITZEL,1,0,1
HIUBER,1,0,1
HIUBETH,1,0,1
HIVANOVA,1,0,1
HIVEEL,1,0,1
HIVEN,1,0,1
HIVENIA,1,0,1
HIVET,1,0,1
HIVIZ,1,0,1
HIWBER,1,0,1
HIWY,1,0,1
HIXCIA,1,0,1
HIXDONIS,1,0,1
HIXSELA,1,0,1
HIYES,1,0,1
HIZOLDA,1,0,1
HIZZA,1,0,1
HJALMER,1,0,1
HJESSY,1,0,1
HJOLMAR,1,0,1
HNEYDA,1,0,1
HOARACIO,1,0,1
HOBANE,1,0,1
HOBEL,1,0,1
HOBELIA,1,0,1
HOBENIZ,1,0,1
HOBERDAM,1,0,1
HOBGLA,1,0,1
HOBIA,1,0,1
HOCELINA,1,0,1
HOCHIMINH,1,0,1
HOCHIMINN,1,0,1
HOCIAS,1,0,1
HOCIRIS,1,0,1
HODALIX,1,0,1
HODALMA,1,0,1
HODES,1,0,1
HODHALYS,1,0,1
HODILY,1,0,1
HODY,1,0,1
HOELZER,1,0,1
HOFFMANN,1,0,1
HOGLADINA,1,0,1
HOGLY,1,0,1
HOHANNA,1,0,1
HOHMNY,1,0,1
HOJAN,1,0,1
HOK,1,0,1
HOKLMAN,1,0,1
HOLARIA,1,0,1
HOLDARWIN,1,0,1
HOLDEMAR,1,0,1
HOLDER,1,0,1
HOLDI,1,0,1
HOLDMAN,1,0,1
HOLEN,1,0,1
HOLEYDA,1,0,1
HOLFITO,1,0,1
HOLGUER,1,0,1
HOLGUIN,1,0,1
HOLIN,1,0,1
HOLIVER,1,0,1
HOLIVERIO,1,0,1
HOLIVIA,1,0,1
HOLLER,1,0,1
HOLLOMAN,1,0,1
HOLLOWELL,1,0,1
HOLLSMAN,1,0,1
HOLMBERG,1,0,1
HOLMIN,1,0,1
HOLRBIN,1,0,1
HOLTAN,1,0,1
HOLTZMAN,1,0,1
HOLVEIN,1,0,1
HOLWAR,1,0,1
HOLWARD,1,0,1
HOLWEEN,1,0,1
HOMALDO,1,0,1
HOMARA,1,0,1
HOMBELINA,1,0,1
HOMEILIANA,1,0,1
HOMNER,1,0,1
HOMNIEL,1,0,1
HOMY,1,0,1
HONASSIS,1,0,1
HONATAHA,1,0,1
HONDINO,1,0,1
HONE,1,0,1
HONELVI,1,0,1
HONEMAN,1,0,1
HONESI,1,0,1
HONIDIA,1,0,1
HONILA,1,0,1
HONLLY,1,0,1
HONMEL,1,0,1
HONNELONE,1,0,1
HONNY,1,0,1
HONOMI,1,0,1
HONORACIO,1,0,1
HONORIANA,1,0,1
HONORID,1,0,1
HONORIZA,1,0,1
HONRADO,1,0,1
HONYS,1,0,1
HOOKER,1,0,1
HOOLMAN,1,0,1
HOPDULIA,1,0,1
HOPOLDO,1,0,1
HOPOLITA,1,0,1
HOPPE,1,0,1
HORALD,1,0,1
HORALDINA,1,0,1
HORALIS,1,0,1
HORAMI,1,0,1
HORAN,1,0,1
HORATIO,1,0,1
HORBEL,1,0,1
HORBELINDA,1,0,1
HORBIS,1,0,1
HORBIT,1,0,1
HORCIANO,1,0,1
HORCY,1,0,1
HORDULIO,1,0,1
HORELI,1,0,1
HORELINDA,1,0,1
HORENG,1,0,1
HORFELINDA,1,0,1
HORGEL,1,0,1
HORGINIO,1,0,1
HORIBRANDO,1,0,1
HORIETH,1,0,1
HORIN,1,0,1
HORINTINA,1,0,1
HORISO,1,0,1
HORISTILA,1,0,1
HORIXON,1,0,1
HORIZELA,1,0,1
HORLANTINA,1,0,1
HORLENY,1,0,1
HORLES,1,0,1
HORLINCK,1,0,1
HORLY,1,0,1
HORMA,1,0,1
HORMAL,1,0,1
HORMANDI,1,0,1
HORMELINDA,1,0,1
HORMIN,1,0,1
HORMINA,1,0,1
HORMUS,1,0,1
HORNAL,1,0,1
HORNOLIA,1,0,1
HOROCIA,1,0,1
HOROCIO,1,0,1
HORODES,1,0,1
HORODIAS,1,0,1
HORRACE,1,0,1
HORSOLINA,1,0,1
HORSTH,1,0,1
HORSY,1,0,1
HORTENCE,1,0,1
HORTENS,1,0,1
HORTENSE,1,0,1
HORTILA,1,0,1
HORTON,1,0,1
HORVEM,1,0,1
HORVEY,1,0,1
HORVILIA,1,0,1
HORY,1,0,1
HOSAMIN,1,0,1
HOSANNI,1,0,1
HOSBAN,1,0,1
HOSBEL,1,0,1
HOSCEANO,1,0,1
HOSEAS,1,0,1
HOSFFMAN,1,0,1
HOSHEMINN,1,0,1
HOSIEL,1,0,1
HOSLIN,1,0,1
HOSMAL,1,0,1
HOSMERY,1,0,1
HOSMINIO,1,0,1
HOSMONT,1,0,1
HOSSAN,1,0,1
HOSSHESSMIN,1,0,1
HOSSMANN,1,0,1
HOSTACIA,1,0,1
HOSTEN,1,0,1
HOSTENIS,1,0,1
HOSVER,1,0,1
HOSWAR,1,0,1
HOTENCIA,1,0,1
HOTTO,1,0,1
HOUDINE,1,0,1
HOUDULIO,1,0,1
HOUSEIN,1,0,1
HOUSEMAN,1,0,1
HOUSHANG,1,0,1
HOVET,1,0,1
HOVITA,1,0,1
HOVITERMUNDA,1,0,1
HOWEEL,1,0,1
HOWERD,1,0,1
HOWING,1,0,1
HOWKINS,1,0,1
HOYNY,1,0,1
HOZLANDO,1,0,1
HOZLI,1,0,1
HOZMAN,1,0,1
HOZMIN,1,0,1
HSU,1,0,1
HSUCHIL,1,0,1
HSYANG,1,0,1
HU,1,0,1
HUABAO,1,0,1
HUALDINA,1,0,1
HUALTER,1,0,1
HUAN,1,0,1
HUANDA,1,0,1
HUBAN,1,0,1
HUBBER,1,0,1
HUBENIA,1,0,1
HUBENS,1,0,1
HUBERLI,1,0,1
HUBERTIN,1,0,1
HUBERY,1,0,1
HUBH,1,0,1
HUBIA,1,0,1
HUBIEL,1,0,1
HUBITELIO,1,0,1
HUBMAN,1,0,1
HUBODORO,1,0,1
HUDELBA,1,0,1
HUDELIA,1,0,1
HUDIS,1,0,1
HUEBENS,1,0,1
HUEDELSO,1,0,1
HUELEN,1,0,1
HUENCE,1,0,1
HUENDER,1,0,1
HUENDIS,1,0,1
HUENDOLY,1,0,1
HUENY,1,0,1
HUERT,1,0,1
HUESLY,1,0,1
HUESVIN,1,0,1
HUET,1,0,1
HUETH,1,0,1
HUEWITH,1,0,1
HUFEMIA,1,0,1
HUGBERTO,1,0,1
HUGO SNTONIO,1,0,1
HUGODER,1,0,1
HUGUEL,1,0,1
HUGUETT,1,0,1
HUGUETTE,1,0,1
HUGUSTO,1,0,1
HUHERNE,1,0,1
HUIDA,1,0,1
HUIET,1,0,1
HUILIN,1,0,1
HUILSON,1,0,1
HUILZON,1,0,1
HUISMAN,1,0,1
HULBIA,1,0,1
HULDIS,1,0,1
HULICER,1,0,1
HULIO,1,0,1
HULMAN,1,0,1
HULMARIO,1,0,1
HULPANIA,1,0,1
HULSEN,1,0,1
HULSIEN,1,0,1
HULSTON,1,0,1
HULVIA,1,0,1
HUMALDO,1,0,1
HUMBENTINO,1,0,1
HUMBERLINDO,1,0,1
HUMBERTHA,1,0,1
HUMBERTTO,1,0,1
HUMENIL,1,0,1
HUMENILDA,1,0,1
HUMIER,1,0,1
HUMILIANA,1,0,1
HUMINIL,1,0,1
HUMOR,1,0,1
HUMPHERY,1,0,1
HUN,1,0,1
HUNGRIA,1,0,1
HUNGRINO,1,0,1
HUNIOR,1,0,1
HUNT,1,0,1
HUNTY,1,0,1
HUNVERTO,1,0,1
HURAYDA,1,0,1
HURBELINA,1,0,1
HURBURT,1,0,1
HURBY,1,0,1
HURCIL,1,0,1
HURDE,1,0,1
HURDIE,1,0,1
HURGENCIO,1,0,1
HURIS,1,0,1
HURLBUT,1,0,1
HURLICESS,1,0,1
HURLIS,1,0,1
HURSTLE,1,0,1
HURSULINA,1,0,1
HURSULO,1,0,1
HUSEBIO,1,0,1
HUSLY,1,0,1
HUSMINIA,1,0,1
HUSTASIA,1,0,1
HUSTON,1,0,1
HUSTRABERTA,1,0,1
HUSUEL,1,0,1
HUVENER,1,0,1
HUVILSON,1,0,1
HUYER,1,0,1
HUZAM,1,0,1
HUZIEL,1,0,1
HYACINT,1,0,1
HYALMER,1,0,1
HYDHELL,1,0,1
HYDI,1,0,1
HYENTIS,1,0,1
HYGOR,1,0,1
HYKAR,1,0,1
HYLARIO,1,0,1
HYLCE,1,0,1
HYLDA,1,0,1
HYLIN,1,0,1
HYLIS,1,0,1
HYMAN,1,0,1
HYOLANDA,1,0,1
IAAC,1,0,1
IALMARA,1,0,1
IANTY,1,0,1
IASAR,1,0,1
IBAAN,1,0,1
IBANA,1,0,1
IBANIS,1,0,1
IBARISTO,1,0,1
IBBIS,1,0,1
IBELU,1,0,1
IBENC,1,0,1
IBER,1,0,1
IBERMINIA,1,0,1
IBEROLY,1,0,1
IBERTER,1,0,1
IBESYA,1,0,1
IBETZ,1,0,1
IBEUNICE,1,0,1
IBEX,1,0,1
IBIA,1,0,1
IBICH,1,0,1
IBID,1,0,1
IBIE,1,0,1
IBIES,1,0,1
IBING,1,0,1
IBLAE,1,0,1
IBLEN,1,0,1
IBLEON,1,0,1
IBLIN,1,0,1
IBOMNE,1,0,1
IBONNI,1,0,1
IBRAHMN,1,0,1
IBRANT,1,0,1
IBRENDA,1,0,1
IBRHAN,1,0,1
IBRI,1,0,1
IBRING,1,0,1
IBRIS,1,0,1
IBSEL,1,0,1
IBTESAM,1,0,1
IBYS,1,0,1
ICAR,1,0,1
ICARO,1,0,1
ICCSA,1,0,1
ICDA,1,0,1
ICDALIA,1,0,1
ICELENE,1,0,1
ICELENIA,1,0,1
ICELIA,1,0,1
ICELIN,1,0,1
ICIDORO,1,0,1
ICIELDA,1,0,1
ICIEN,1,0,1
ICILDA,1,0,1
ICITA,1,0,1
ICKER,1,0,1
ICLAISA,1,0,1
ICLER,1,0,1
ICSADEL,1,0,1
ICSAEL,1,0,1
ICSAY,1,0,1
ICSEY,1,0,1
ICTALINO,1,0,1
ICTIANDRO,1,0,1
ICXY,1,0,1
ID,1,0,1
IDA ALMA,1,0,1
IDAENA,1,0,1
IDAFE,1,0,1
IDAGMA,1,0,1
IDAGRA,1,0,1
IDAIDA,1,0,1
IDAIS,1,0,1
IDALEE,1,0,1
IDALES,1,0,1
IDALIA     DEL,1,0,1
IDALIA AMPARO,1,0,1
IDALIDA,1,0,1
IDALIX,1,0,1
IDALMIC,1,0,1
IDALO,1,0,1
IDALVIS,1,0,1
IDANELIA,1,0,1
IDANELL,1,0,1
IDANID,1,0,1
IDANIIA,1,0,1
IDARIS,1,0,1
IDAS,1,0,1
IDATINA,1,0,1
IDAVAL,1,0,1
IDBELIA,1,0,1
IDBIN,1,0,1
IDBIS,1,0,1
IDDIANY,1,0,1
IDEANSO,1,0,1
IDEFONZO,1,0,1
IDELA,1,0,1
IDELBA,1,0,1
IDELCID,1,0,1
IDELCIO,1,0,1
IDELIN,1,0,1
IDELINDA,1,0,1
IDELIZA,1,0,1
IDELMANIA,1,0,1
IDELMO,1,0,1
IDELMYS,1,0,1
IDELSIS,1,0,1
IDELVINA,1,0,1
IDENCE,1,0,1
IDENIER,1,0,1
IDER,1,0,1
IDHEL,1,0,1
IDIALIA,1,0,1
IDIDIA,1,0,1
IDIFONSO,1,0,1
IDIGNORA,1,0,1
IDILVERTO,1,0,1
IDINERO,1,0,1
IDIOMIDEZ,1,0,1
IDIRA,1,0,1
IDITA,1,0,1
IDIXI,1,0,1
IDOLARIA,1,0,1
IDOLY,1,0,1
IDONAIDA,1,0,1
IDONIEL,1,0,1
IDONIZ,1,0,1
IDRAIL,1,0,1
IDRINA,1,0,1
IDRUDES,1,0,1
IDSOLINA,1,0,1
IDUBALDO,1,0,1
IDUBILA,1,0,1
IDUBINIA,1,0,1
IDUHAN,1,0,1
IDUIS,1,0,1
IDULMAN,1,0,1
IDUMINIA,1,0,1
IDUNIA,1,0,1
IDUVINDA,1,0,1
IDUVINES,1,0,1
IDVIN,1,0,1
IDVY,1,0,1
IEDILFONSO,1,0,1
IELBA,1,0,1
IELGUIN,1,0,1
IETET,1,0,1
IFAMIA,1,0,1
IFRACINA,1,0,1
IFRAHIM,1,0,1
IFROCINA,1,0,1
IGBERTO,1,0,1
IGCELDA,1,0,1
IGDAEL,1,0,1
IGDOMILIO,1,0,1
IGGRIS,1,0,1
IGILIA,1,0,1
IGLA,1,0,1
IGLAISA,1,0,1
IGLARIA,1,0,1
IGLATINA,1,0,1
IGLER,1,0,1
IGLERIA,1,0,1
IGLES,1,0,1
IGLESIA,1,0,1
IGLIAN,1,0,1
IGLIN,1,0,1
IGLO,1,0,1
IGLOFIO,1,0,1
IGNACI,1,0,1
IGNAS,1,0,1
IGNESS,1,0,1
IGNO,1,0,1
IGNOVERABLE,1,0,1
IGRED,1,0,1
IGREPINA,1,0,1
IGRID,1,0,1
IGSA,1,0,1
IGSI,1,0,1
IGSIA,1,0,1
IGSSIS,1,0,1
IGUEL,1,0,1
IGUINALDO,1,0,1
IGUINIA,1,0,1
IGXI,1,0,1
IGZA,1,0,1
IHEMIS,1,0,1
IHIMY,1,0,1
IHMA,1,0,1
IHONIA,1,0,1
IHRUSHO,1,0,1
IHRYNNA,1,0,1
IHSLE,1,0,1
IHTSA,1,0,1
IILDA,1,0,1
IIZZWA,1,0,1
IKA,1,0,1
IKER,1,0,1
IKSA,1,0,1
ILADA,1,0,1
ILAIDA,1,0,1
ILANA,1,0,1
ILAND,1,0,1
ILANDA,1,0,1
ILANDER,1,0,1
ILANI,1,0,1
ILARA,1,0,1
ILAS,1,0,1
ILCEN,1,0,1
ILCIADINA,1,0,1
ILCID,1,0,1
ILCIDES,1,0,1
ILCIE,1,0,1
ILCIES,1,0,1
ILCIN,1,0,1
ILCINIA,1,0,1
ILCIO,1,0,1
ILDARA,1,0,1
ILDEBRADO,1,0,1
ILDEBRAM,1,0,1
ILDEBRAND,1,0,1
ILDEBRIN,1,0,1
ILDEDGARDO,1,0,1
ILDEFIMZA,1,0,1
ILDEFOSA,1,0,1
ILDEGUNDA,1,0,1
ILDEL,1,0,1
ILDELGARDO,1,0,1
ILDEMIRA,1,0,1
ILDENCIA,1,0,1
ILDENFONSA,1,0,1
ILDENFONSO,1,0,1
ILDENIDA,1,0,1
ILDESRANDO,1,0,1
ILDETINA,1,0,1
ILDIBRANDO,1,0,1
ILDIGARDA,1,0,1
ILDIR,1,0,1
ILDIS,1,0,1
ILDOFONSO,1,0,1
ILDOLFIN,1,0,1
ILDOLIDIO,1,0,1
ILDOMILIA,1,0,1
ILDOMIRIA,1,0,1
ILDOR,1,0,1
ILDUVIN,1,0,1
ILDY,1,0,1
ILDYS,1,0,1
ILEALDO,1,0,1
ILEDA,1,0,1
ILEDIFONZO,1,0,1
ILEDIN,1,0,1
ILEIDY,1,0,1
ILENDA,1,0,1
ILEX,1,0,1
ILFRE,1,0,1
ILHSI,1,0,1
ILIACER,1,0,1
ILIANDY,1,0,1
ILIANG,1,0,1
ILIANOV,1,0,1
ILIANY,1,0,1
ILIC,1,0,1
ILICK,1,0,1
ILIDA,1,0,1
ILIDIA,1,0,1
ILIEH,1,0,1
ILINE,1,0,1
ILINIS,1,0,1
ILISA,1,0,1
ILISTNI,1,0,1
ILIX,1,0,1
ILIZABETT,1,0,1
ILLEANA,1,0,1
ILLICHS,1,0,1
ILLIN,1,0,1
ILLYCHS,1,0,1
ILLYNY,1,0,1
ILMANY,1,0,1
ILMIA,1,0,1
ILMO,1,0,1
ILOËA,1,0,1
ILOFIO,1,0,1
ILOVARIA,1,0,1
ILSAIAS,1,0,1
ILSANIA,1,0,1
ILSENIA,1,0,1
ILSILLA,1,0,1
ILSMENIA,1,0,1
ILSYS,1,0,1
ILUBANDO,1,0,1
ILUTE,1,0,1
ILUVINO,1,0,1
ILUVIO,1,0,1
ILVIDA,1,0,1
ILVIS,1,0,1
ILYHANOVA,1,0,1
ILYODAN,1,0,1
ILYS,1,0,1
ILZY,1,0,1
ILZZA,1,0,1
IMALEE,1,0,1
IMANIO,1,0,1
IMANOL,1,0,1
IMBER,1,0,1
IMBERTO,1,0,1
IMELIDA,1,0,1
IMELINDA,1,0,1
IMENES,1,0,1
IMENIA,1,0,1
IMERALDA,1,0,1
IMERARI,1,0,1
IMETH,1,0,1
IMEY,1,0,1
IMEYDA,1,0,1
IMGRIS,1,0,1
IMIDU,1,0,1
IMIER,1,0,1
IMILCE,1,0,1
IMIR,1,0,1
IMIRELLA,1,0,1
IMIS,1,0,1
IMLA,1,0,1
IMMA,1,0,1
IMMAR,1,0,1
IMNES,1,0,1
IMNETS,1,0,1
IMON,1,0,1
IMPRAL,1,0,1
IMPRESION,1,0,1
IMRAL,1,0,1
INA ISABEL,1,0,1
INAD,1,0,1
INADEC,1,0,1
INAGCIA,1,0,1
INALIN,1,0,1
INALIO,1,0,1
INALITA,1,0,1
INALVERTO,1,0,1
INAMAN,1,0,1
INARDO,1,0,1
INBELIN,1,0,1
INBERTA,1,0,1
INCA,1,0,1
INCERCION,1,0,1
INCI,1,0,1
INCILIANO,1,0,1
INCLATAN,1,0,1
INCRY,1,0,1
INDAEL,1,0,1
INDALINO,1,0,1
INDARI,1,0,1
INDELIA,1,0,1
INDER,1,0,1
INDERINA,1,0,1
INDGRID,1,0,1
INDHIS,1,0,1
INDIDIA,1,0,1
INDILA,1,0,1
INDILINA,1,0,1
INDIMIO,1,0,1
INDIN,1,0,1
INDIO,1,0,1
INDIST,1,0,1
INDISTO,1,0,1
INDIXA,1,0,1
INDOMILIA,1,0,1
INDRANY,1,0,1
INDRES,1,0,1
INDRIGD,1,0,1
INDUBIDIA,1,0,1
INDULFIDO,1,0,1
INE,1,0,1
INECA,1,0,1
INECIAS,1,0,1
INEEL,1,0,1
INEL,1,0,1
INELDO,1,0,1
INELIZ,1,0,1
INELLY,1,0,1
INELSO,1,0,1
INERYS,1,0,1
INES DE LA,1,0,1
INES DE LOS,1,0,1
INESILIA,1,0,1
INEYDA,1,0,1
INFIERE,1,0,1
INGA,1,0,1
INGACIA,1,0,1
INGEBORG,1,0,1
INGEL,1,0,1
INGID,1,0,1
INGIRD,1,0,1
INGLABERTA,1,0,1
INGLANDINA,1,0,1
INGLATINA,1,0,1
INGLIN,1,0,1
INGMAR,1,0,1
INGMER,1,0,1
INGNA,1,0,1
INGRASIA,1,0,1
INGREY,1,0,1
INGREYS,1,0,1
INGREZ,1,0,1
INGRICT,1,0,1
INGRID MARIA,1,0,1
INGRID MARIANEL,1,0,1
INGRID MELISSA,1,0,1
INGRID STELLE,1,0,1
INGRID VANESSA,1,0,1
INGRIDH,1,0,1
INGRIE,1,0,1
INGRILD,1,0,1
INGRING,1,0,1
INGRINTH,1,0,1
INGRISCH,1,0,1
INGRIY,1,0,1
INGVAR,1,0,1
INGY,1,0,1
INHIA,1,0,1
INIA,1,0,1
INICA,1,0,1
INICIA,1,0,1
INICILDA,1,0,1
INKERI,1,0,1
INMAN,1,0,1
INMAS,1,0,1
INMELY,1,0,1
INMENIA,1,0,1
INMES,1,0,1
INMGARD,1,0,1
INMIR,1,0,1
INNAFIA,1,0,1
INNELL,1,0,1
INNESS,1,0,1
INO,1,0,1
INOCIENCIO,1,0,1
INODELIO,1,0,1
INOELBI,1,0,1
INOELIS,1,0,1
INOFELIA,1,0,1
INOHEL,1,0,1
INOLDO,1,0,1
INORI,1,0,1
INOVE,1,0,1
INOVEVA,1,0,1
INPRONINA,1,0,1
INRRI,1,0,1
INRRIS,1,0,1
INRRY,1,0,1
INRU,1,0,1
INSALINA,1,0,1
INSEL,1,0,1
INSGRIDS,1,0,1
INSIS,1,0,1
INSRAEL,1,0,1
INSY,1,0,1
INTANIA,1,0,1
INTERIANO,1,0,1
INTIMO,1,0,1
INUBIS,1,0,1
INULVES,1,0,1
INVER,1,0,1
INVERCIO,1,0,1
INYER,1,0,1
INYERMAR,1,0,1
INZA,1,0,1
IO,1,0,1
IOANLY,1,0,1
IODESA,1,0,1
IOLEN,1,0,1
IOMILA,1,0,1
IONAGA,1,0,1
IONEY,1,0,1
IONY,1,0,1
IOURY,1,0,1
IOWA,1,0,1
IPLANTILA,1,0,1
IPLIS,1,0,1
IPRAIN,1,0,1
IPRECIA,1,0,1
IPSAI,1,0,1
IPSEN,1,0,1
IPSI,1,0,1
IPZA,1,0,1
IQUILEO,1,0,1
IRA ODESSA,1,0,1
IRACELI,1,0,1
IRACELIA,1,0,1
IRACLITO,1,0,1
IRADEL,1,0,1
IRAETH,1,0,1
IRAINA,1,0,1
IRAISA,1,0,1
IRAISTA,1,0,1
IRALPINA,1,0,1
IRAMAY,1,0,1
IRAVEL,1,0,1
IRAYMA,1,0,1
IRBIMG,1,0,1
IRBONY,1,0,1
IRBY,1,0,1
IRCY,1,0,1
IRDIN,1,0,1
IRDOLIRIO,1,0,1
IRDYN,1,0,1
IREAN,1,0,1
IRED,1,0,1
IREDIS,1,0,1
IREIDA,1,0,1
IRELDA,1,0,1
IRELIA,1,0,1
IREMA,1,0,1
IREMALICIA,1,0,1
IRENE DE JESUS,1,0,1
IRENEE,1,0,1
IRENEZ,1,0,1
IRENIO,1,0,1
IRENIS,1,0,1
IRESTELA,1,0,1
IRETH,1,0,1
IREX,1,0,1
IREZ,1,0,1
IREZGA,1,0,1
IREZI,1,0,1
IRGILIO,1,0,1
IRIAK,1,0,1
IRIANI,1,0,1
IRIAQUES,1,0,1
IRICELIA,1,0,1
IRIDA,1,0,1
IRIK,1,0,1
IRILEO,1,0,1
IRILIA,1,0,1
IRINALDA,1,0,1
IRINDA,1,0,1
IRINS,1,0,1
IRION,1,0,1
IRIR,1,0,1
IRISA,1,0,1
IRISBELSI,1,0,1
IRISCELA,1,0,1
IRISELA,1,0,1
IRISMAR,1,0,1
IRISMELDA,1,0,1
IRISNALDA,1,0,1
IRISNALDO,1,0,1
IRISOLINA,1,0,1
IRISY,1,0,1
IRIX,1,0,1
IRLE,1,0,1
IRLENA,1,0,1
IRLENY,1,0,1
IRLES,1,0,1
IRLETH,1,0,1
IRLIAN,1,0,1
IRLICH,1,0,1
IRLIS,1,0,1
IRLYS,1,0,1
IRMA DINORA,1,0,1
IRMA GUISELLE,1,0,1
IRMANDA,1,0,1
IRMARY,1,0,1
IRMELIA,1,0,1
IRMIDE,1,0,1
IRMIN,1,0,1
IRNALFO,1,0,1
IRNO,1,0,1
IROCHKA,1,0,1
IROD,1,0,1
IROHITA,1,0,1
IRONIE,1,0,1
IRRAETE,1,0,1
IRRAN,1,0,1
IRRAUL,1,0,1
IRREDY,1,0,1
IRRIS,1,0,1
IRSIS,1,0,1
IRSONE,1,0,1
IRSY,1,0,1
IRUIN,1,0,1
IRULA,1,0,1
IRUN,1,0,1
IRVANIA,1,0,1
IRVELDO,1,0,1
IRVI,1,0,1
IRVING JULLIAND,1,0,1
IRVINS,1,0,1
IRVYN,1,0,1
IRWA,1,0,1
IRWEIN,1,0,1
IRWYN,1,0,1
IS,1,0,1
ISAAEL,1,0,1
ISABEI,1,0,1
ISABELINDA,1,0,1
ISABETI,1,0,1
ISAC  DE JESUS,1,0,1
ISACFERNANDO,1,0,1
ISACIA,1,0,1
ISADA,1,0,1
ISADILLA,1,0,1
ISADRA,1,0,1
ISADYS,1,0,1
ISAELE,1,0,1
ISAERMA,1,0,1
ISAGUIAS,1,0,1
ISAHARAI,1,0,1
ISAHURO,1,0,1
ISAIAIS,1,0,1
ISAIEL,1,0,1
ISAIHAS,1,0,1
ISAIIS,1,0,1
ISAILA,1,0,1
ISAJ,1,0,1
ISALAIDA,1,0,1
ISALAINA,1,0,1
ISALIAS,1,0,1
ISAMARIS,1,0,1
ISAMBERTO,1,0,1
ISANDA,1,0,1
ISAO,1,0,1
ISARA,1,0,1
ISAUBRA,1,0,1
ISAUN,1,0,1
ISAURIN,1,0,1
ISAVAC,1,0,1
ISAYRA,1,0,1
ISBAL,1,0,1
ISBED,1,0,1
ISBELLY,1,0,1
ISBELTH,1,0,1
ISBI,1,0,1
ISCARIA,1,0,1
ISDAEL,1,0,1
ISDALIA,1,0,1
ISDANIA,1,0,1
ISDE-A,1,0,1
ISDELA,1,0,1
ISDEMIA,1,0,1
ISDENIDA,1,0,1
ISEDA,1,0,1
ISEIL,1,0,1
ISELANIA,1,0,1
ISELGY,1,0,1
ISELINDA,1,0,1
ISELORIA,1,0,1
ISEQUIEL,1,0,1
ISESSI,1,0,1
ISGARDO,1,0,1
ISHAND,1,0,1
ISHMAEL,1,0,1
ISHTAR,1,0,1
ISIADITA,1,0,1
ISICAYA,1,0,1
ISIDAO,1,0,1
ISIELA,1,0,1
ISILA,1,0,1
ISIMI,1,0,1
ISINA,1,0,1
ISIRY,1,0,1
ISISDRA,1,0,1
ISKLA,1,0,1
ISLABIA,1,0,1
ISLADA,1,0,1
ISLAEL,1,0,1
ISLANDINA,1,0,1
ISLANY,1,0,1
ISLAUDIA,1,0,1
ISLAY,1,0,1
ISLEMA,1,0,1
ISLENDI,1,0,1
ISLENE,1,0,1
ISLER,1,0,1
ISLIANA,1,0,1
ISLODIS,1,0,1
ISLSA,1,0,1
ISLYE,1,0,1
ISMABELITA,1,0,1
ISMAELITA,1,0,1
ISMAEN,1,0,1
ISMAERA,1,0,1
ISMAHEL,1,0,1
ISMAI,1,0,1
ISMAIA,1,0,1
ISMANDO,1,0,1
ISMANEL,1,0,1
ISMANR,1,0,1
ISMANRA,1,0,1
ISMARIE,1,0,1
ISMARILA,1,0,1
ISMARYS,1,0,1
ISMAYELA,1,0,1
ISMELDI,1,0,1
ISMELDIS,1,0,1
ISMELIDA,1,0,1
ISMELIE,1,0,1
ISMELINDA,1,0,1
ISMELL,1,0,1
ISMENIS,1,0,1
ISMERAIS,1,0,1
ISMON,1,0,1
ISNAERTO,1,0,1
ISNALDA,1,0,1
ISNALDO,1,0,1
ISNELDIA,1,0,1
ISNELLY,1,0,1
ISNIA,1,0,1
ISNNY,1,0,1
ISNOE,1,0,1
ISNOHEL,1,0,1
ISNUTO,1,0,1
ISOIDA,1,0,1
ISOLANA,1,0,1
ISOLDY,1,0,1
ISOLILA,1,0,1
ISORA,1,0,1
ISORAL,1,0,1
ISOVE,1,0,1
ISOVEIDA,1,0,1
ISOY,1,0,1
ISQUENIDES,1,0,1
ISRAELITA,1,0,1
ISRAILIN,1,0,1
ISRAILITA,1,0,1
ISRAL,1,0,1
ISRIS,1,0,1
ISRON,1,0,1
ISRRAUL,1,0,1
ISRREAL,1,0,1
ISRREL,1,0,1
ISSAU,1,0,1
ISSMAEL,1,0,1
ISSMARY,1,0,1
ISSOLDA,1,0,1
ISSON,1,0,1
ISSUR,1,0,1
ISTALINA,1,0,1
ISTANIA,1,0,1
ISTANICIA,1,0,1
ISTAYUL,1,0,1
ISTERIA,1,0,1
ISTIDO,1,0,1
ISTMAN,1,0,1
ISTMARY,1,0,1
ISTVAN,1,0,1
ISUAT,1,0,1
ISUMINA,1,0,1
ISUSENA,1,0,1
ISVILA,1,0,1
ISVY,1,0,1
ISY,1,0,1
ISYOTA,1,0,1
ISZEDY,1,0,1
ITALIANO,1,0,1
ITALMIR,1,0,1
ITALOS,1,0,1
ITALY,1,0,1
ITAMEHENY,1,0,1
ITATY,1,0,1
ITCHELL,1,0,1
ITHA,1,0,1
ITHALO,1,0,1
ITHMA,1,0,1
ITHZA,1,0,1
ITIEL,1,0,1
ITMA,1,0,1
ITO,1,0,1
ITOLINA,1,0,1
ITOYY,1,0,1
ITPSA,1,0,1
ITSO,1,0,1
ITTAI,1,0,1
ITTALIA,1,0,1
ITVENIA,1,0,1
ITZAH,1,0,1
ITZAITE,1,0,1
ITZBELLA,1,0,1
ITZEELL,1,0,1
ITZHAK,1,0,1
ITZORE,1,0,1
ITZY,1,0,1
IVACIO,1,0,1
IVALAINA,1,0,1
IVAN EDUARDO,1,0,1
IVAN REYNIERI,1,0,1
IVANDE,1,0,1
IVANDER,1,0,1
IVANESSA,1,0,1
IVANGE,1,0,1
IVANNIE,1,0,1
IVANOSKY,1,0,1
IVAQN,1,0,1
IVELDA,1,0,1
IVELY,1,0,1
IVERARDO,1,0,1
IVERILDA,1,0,1
IVERTH,1,0,1
IVETHZ,1,0,1
IVEZETH,1,0,1
IVIC,1,0,1
IVICK,1,0,1
IVIDIO,1,0,1
IVIM,1,0,1
IVINIA,1,0,1
IVISS,1,0,1
IVOGNE,1,0,1
IVOJANSEN,1,0,1
IVOM,1,0,1
IVOMME,1,0,1
IVONGNI,1,0,1
IVONNEE,1,0,1
IVONNEMARGARITA,1,0,1
IVONS,1,0,1
IVVALDO,1,0,1
IWIS,1,0,1
IWOA,1,0,1
IXADE,1,0,1
IXADOLFO,1,0,1
IXAITEC,1,0,1
IXAMIRO,1,0,1
IXANI,1,0,1
IXAUL,1,0,1
IXCA,1,0,1
IXCHELL,1,0,1
IXCHEZ,1,0,1
IXCILIA,1,0,1
IXCY,1,0,1
IXDALINA,1,0,1
IXDOLINDA,1,0,1
IXE,1,0,1
IXELINA,1,0,1
IXHEL,1,0,1
IXIMA,1,0,1
IXIN,1,0,1
IXLU,1,0,1
IXOILO,1,0,1
IXSANIA,1,0,1
IXSEL,1,0,1
IXSI,1,0,1
IXSIS,1,0,1
IXSON,1,0,1
IXTAN,1,0,1
IXTSA,1,0,1
IYADIR,1,0,1
IYANEL,1,0,1
IZADORA,1,0,1
IZAE,1,0,1
IZAGUIRRECARLOS,1,0,1
IZATT,1,0,1
IZAURO,1,0,1
IZCA,1,0,1
IZCIS,1,0,1
IZEQUIEL,1,0,1
IZETH,1,0,1
IZHAR,1,0,1
IZIS,1,0,1
IZMARIA,1,0,1
IZMARY,1,0,1
IZSELA,1,0,1
IZTCHEL,1,0,1
IZTMAR,1,0,1
IZTZA,1,0,1
IZULINA,1,0,1
J   JESUS,1,0,1
J   SANTOS,1,0,1
J  ALVARO,1,0,1
J  ARMINDO,1,0,1
J  CARMEN,1,0,1
J  CLAUDIO,1,0,1
J  CONCEPCION,1,0,1
J  CRUZ,1,0,1
J  ENCARNACION,1,0,1
J  FELIX,1,0,1
J  FIDEL,1,0,1
J  GUILBERTO,1,0,1
J  ISIDRO,1,0,1
J  JORGE,1,0,1
J  LUCIO,1,0,1
J  MANUEL,1,0,1
J  MARCOS,1,0,1
J  MARIA,1,0,1
J  MARTIN,1,0,1
J  MERCEDES,1,0,1
J  NICOLAS,1,0,1
J  SILVESTRE,1,0,1
J  VICITACION,1,0,1
J  WILLIAN,1,0,1
J  ZACARIAS,1,0,1
J ALBINO,1,0,1
J ALVARO,1,0,1
J AMADO,1,0,1
J ANGEL,1,0,1
J BLAS,1,0,1
J BRIGIDO,1,0,1
J CONSTANTINO,1,0,1
J DOLORES,1,0,1
J EDUIN,1,0,1
J ELIAS,1,0,1
J ESTEVAN,1,0,1
J EVELIO,1,0,1
J GERMAN,1,0,1
J GERVACIO,1,0,1
J HECTOR,1,0,1
J HERMOJENES,1,0,1
J HILARIO,1,0,1
J HORLANDO,1,0,1
J IDUVIGES,1,0,1
J JORGE,1,0,1
J JULIAN,1,0,1
J LORENZO,1,0,1
J MANUEL,1,0,1
J MARCOS,1,0,1
J MARTIR,1,0,1
J MAURO,1,0,1
J MERCEDES,1,0,1
J MIZAEL,1,0,1
J MONICO,1,0,1
J NATIVIDAD,1,0,1
J NELZON,1,0,1
J NERY,1,0,1
J NICOLAS,1,0,1
J NOHEL,1,0,1
J REYES,1,0,1
J RICARDO,1,0,1
J ROQUE,1,0,1
J SILVANO,1,0,1
J TRANQUILINO,1,0,1
J.      SANTOS,1,0,1
J.   BALTAZAR,1,0,1
J.   DE,1,0,1
J.  ISABEL,1,0,1
J.  SANTOS,1,0,1
J. ADRIAN,1,0,1
J. ANDRES,1,0,1
J. ARCADIO,1,0,1
J. ASSENCION,1,0,1
J. ASUNCION,1,0,1
J. CARMEN,1,0,1
J. CRESENCIO,1,0,1
J. EDAS,1,0,1
J. ERASMO,1,0,1
J. ESTANISLAO,1,0,1
J. ESTEBAN,1,0,1
J. FIDEL,1,0,1
J. FRAN,1,0,1
J. FRANCIS,1,0,1
J. JEREMIAS,1,0,1
J. JULIAN,1,0,1
J. JULIO,1,0,1
J. MAURICIO,1,0,1
J. MAXIMILIANO,1,0,1
J. MERCEDES,1,0,1
J. MIGUEL,1,0,1
J. NIEVES,1,0,1
J. OSCAR,1,0,1
J. PATROCINIO,1,0,1
J. SANTIAGO,1,0,1
J. TOBIAS,1,0,1
J. VENTURA,1,0,1
J.AMADO,1,0,1
J.ANASTACIO,1,0,1
J.ANICETO,1,0,1
J.ARACIL,1,0,1
J.ARCENIO,1,0,1
J.ARMANDO,1,0,1
J.AUDELINO,1,0,1
J.BACILIO,1,0,1
J.BARTOLOME,1,0,1
J.BENJAMIN,1,0,1
J.CANDELARIO,1,0,1
J.CECILIO,1,0,1
J.CEFERINO,1,0,1
J.CIRILO,1,0,1
J.CLEMENTINO,1,0,1
J.CRESENCIO,1,0,1
J.DAVID,1,0,1
J.DE,1,0,1
J.EDILTRUDIS,1,0,1
J.EDMUNDO,1,0,1
J.EDUARDO,1,0,1
J.EMILIANO,1,0,1
J.EMILIO,1,0,1
J.ENCARNCAION,1,0,1
J.ENMO,1,0,1
J.ENRIQUE,1,0,1
J.ENRRIQUE,1,0,1
J.ERDULFO,1,0,1
J.ERNESTOR,1,0,1
J.EULALIO,1,0,1
J.EZEQUIEL,1,0,1
J.FAUSTINO,1,0,1
J.FIDEL,1,0,1
J.FLAVIO,1,0,1
J.GILBERTO,1,0,1
J.HANDELIN,1,0,1
J.HERNAN,1,0,1
J.IGNACIO,1,0,1
J.INOCENTE,1,0,1
J.ISAIAS,1,0,1
J.ISMAEL,1,0,1
J.JOAQUIN,1,0,1
J.LORENZO,1,0,1
J.LUCIO,1,0,1
J.MACEDONIO,1,0,1
J.MARIO,1,0,1
J.MARLI,1,0,1
J.MAX,1,0,1
J.MEDARDO,1,0,1
J.MERCEDEZ,1,0,1
J.MIGUEL,1,0,1
J.NEFTALI,1,0,1
J.NESTOR,1,0,1
J.NOEL,1,0,1
J.OCTAVIANO,1,0,1
J.OCTAVIO,1,0,1
J.OSCAR,1,0,1
J.PEDRO,1,0,1
J.PERVIS,1,0,1
J.RAUL,1,0,1
J.ROGELIO,1,0,1
J.ROMAN,1,0,1
J.S.POMPEYO,1,0,1
J.SABAS,1,0,1
J.SALOME,1,0,1
J.SALVADOR,1,0,1
J.SAMUEL,1,0,1
J.SAUL,1,0,1
J.SILVINO,1,0,1
J.SOTERO,1,0,1
J.TIBURCIO,1,0,1
J.UBALDO,1,0,1
J.UVALDO,1,0,1
J.VALENTIN,1,0,1
J.VALERIANO,1,0,1
J.VENTURA,1,0,1
J.VICTORIANO,1,0,1
J.VIRGILIO,1,0,1
J.WALTER,1,0,1
J.ZACARIAS,1,0,1
JAANAY,1,0,1
JAARA,1,0,1
JAARY,1,0,1
JAB,1,0,1
JABAL,1,0,1
JABALAC,1,0,1
JABEILA,1,0,1
JABELITO,1,0,1
JABER,1,0,1
JABIA  DOMITILA,1,0,1
JABIAN,1,0,1
JABIER CIPRIANO,1,0,1
JABLERA,1,0,1
JABRIELA,1,0,1
JABRIN,1,0,1
JABRY,1,0,1
JABSI,1,0,1
JACABEL,1,0,1
JACDIRA,1,0,1
JACE,1,0,1
JACELI,1,0,1
JACELITO,1,0,1
JACH,1,0,1
JACINTOS,1,0,1
JACIRA,1,0,1
JACITO,1,0,1
JACIVE,1,0,1
JACKALEN,1,0,1
JACKELAINE,1,0,1
JACKELANE,1,0,1
JACKELINNA,1,0,1
JACKELYNEE,1,0,1
JACKEQUELINE,1,0,1
JACKI,1,0,1
JACKINET,1,0,1
JACKLEN,1,0,1
JACKNY,1,0,1
JACKO,1,0,1
JACKSEN,1,0,1
JACKZERMAN,1,0,1
JACLIE,1,0,1
JACOB ISAAC,1,0,1
JACOBITO,1,0,1
JACOVITA,1,0,1
JACPEGOMER,1,0,1
JACQUELINE T,1,0,1
JACQUILINE,1,0,1
JACSELLE,1,0,1
JACSILIA,1,0,1
JACTAMY,1,0,1
JADA,1,0,1
JADDES,1,0,1
JADDETT,1,0,1
JADDIEL,1,0,1
JADEE,1,0,1
JADEL,1,0,1
JADERALI,1,0,1
JADEX,1,0,1
JADI,1,0,1
JADIE,1,0,1
JADIL,1,0,1
JADING,1,0,1
JADIS,1,0,1
JADMY,1,0,1
JADRODIS,1,0,1
JADVIN,1,0,1
JADYRA,1,0,1
JADYS,1,0,1
JAEH,1,0,1
JAELY,1,0,1
JAENNIE,1,0,1
JAERCINIO,1,0,1
JAESTON,1,0,1
JAFFERTH,1,0,1
JAGIER,1,0,1
JAGLYN,1,0,1
JAHAMYS,1,0,1
JAHANY,1,0,1
JAHDAI,1,0,1
JAHDEEL,1,0,1
JAHE,1,0,1
JAHENY,1,0,1
JAHIME,1,0,1
JAHINA,1,0,1
JAHIRA,1,0,1
JAHISON,1,0,1
JAHLEELL,1,0,1
JAHNIE,1,0,1
JAHNNY,1,0,1
JAHONIS,1,0,1
JAHONNY,1,0,1
JAHSHA,1,0,1
JAHSMYN,1,0,1
JAHSYR,1,0,1
JAHYSON,1,0,1
JAIBI,1,0,1
JAIBY,1,0,1
JAIDE,1,0,1
JAIDIP,1,0,1
JAIDRO,1,0,1
JAIKE,1,0,1
JAILAN,1,0,1
JAILIN,1,0,1
JAILON,1,0,1
JAILOR,1,0,1
JAILYN,1,0,1
JAIM,1,0,1
JAIME MAURICIO,1,0,1
JAIME NEFTALI,1,0,1
JAIMEE,1,0,1
JAIMELI,1,0,1
JAIMI,1,0,1
JAIMYH,1,0,1
JAINES,1,0,1
JAIQUE,1,0,1
JAIRE,1,0,1
JAIRIO,1,0,1
JAIROLD,1,0,1
JAIRR,1,0,1
JAIRY,1,0,1
JAISCINIO,1,0,1
JAISEL,1,0,1
JAIVER,1,0,1
JAIVI,1,0,1
JAK,1,0,1
JAKC,1,0,1
JAKEILA,1,0,1
JAKEL,1,0,1
JAKELINI,1,0,1
JAKER,1,0,1
JAKIELINE,1,0,1
JAKOD,1,0,1
JAKQUELINNE,1,0,1
JAKSELH,1,0,1
JAKSENIA,1,0,1
JAKZON,1,0,1
JALDREN,1,0,1
JALEXI,1,0,1
JALEXIS,1,0,1
JALIT,1,0,1
JALIX,1,0,1
JALLILE,1,0,1
JALMI,1,0,1
JALMIN,1,0,1
JALMITA,1,0,1
JALMKYN,1,0,1
JAMALETH,1,0,1
JAMANY,1,0,1
JAMAR,1,0,1
JAMBRI,1,0,1
JAMENS,1,0,1
JAMER,1,0,1
JAMES WILLIAMS,1,0,1
JAMESS,1,0,1
JAMEY,1,0,1
JAMICE,1,0,1
JAMILH,1,0,1
JAMIMAH,1,0,1
JAMINIA,1,0,1
JAMINO,1,0,1
JAMINTON,1,0,1
JAMIVIS,1,0,1
JAMMIE,1,0,1
JAMMYE,1,0,1
JAMNER,1,0,1
JAMNIA,1,0,1
JAMNIE,1,0,1
JAMOS,1,0,1
JAMPINA,1,0,1
JAMYE,1,0,1
JAMYLA,1,0,1
JANAIDY,1,0,1
JANAKIE,1,0,1
JANALIE,1,0,1
JANANIA,1,0,1
JANARIS,1,0,1
JANATAN,1,0,1
JANAVERIA,1,0,1
JANBI,1,0,1
JANC,1,0,1
JANCEL,1,0,1
JANCEN,1,0,1
JANCSY,1,0,1
JANDAL,1,0,1
JANDAR,1,0,1
JANDIR,1,0,1
JANDIS,1,0,1
JANDRIK,1,0,1
JANDRO,1,0,1
JANEHET,1,0,1
JANEIRA,1,0,1
JANELLA,1,0,1
JANELLIS,1,0,1
JANELLYS,1,0,1
JANER,1,0,1
JANETHA,1,0,1
JANETHT,1,0,1
JANETHZY,1,0,1
JANEZA,1,0,1
JANICO,1,0,1
JANIDE,1,0,1
JANIEL,1,0,1
JANIELA,1,0,1
JANIFFA,1,0,1
JANIM,1,0,1
JANINI,1,0,1
JANINN,1,0,1
JANIOR,1,0,1
JANIQUE,1,0,1
JANIREZ,1,0,1
JANIRIA,1,0,1
JANIRY,1,0,1
JANISSE,1,0,1
JANITO,1,0,1
JANITSE,1,0,1
JANITXIA,1,0,1
JANITZIA,1,0,1
JANIXNICE,1,0,1
JANIZETH,1,0,1
JANKELE,1,0,1
JANKELL,1,0,1
JANLY,1,0,1
JANMA,1,0,1
JANNACE,1,0,1
JANNEBI,1,0,1
JANNELEE,1,0,1
JANNER,1,0,1
JANNIFER,1,0,1
JANNSY,1,0,1
JANNYA,1,0,1
JANNYO,1,0,1
JANNYS,1,0,1
JANORE,1,0,1
JANSER,1,0,1
JANSSY,1,0,1
JANSYS,1,0,1
JANTSY,1,0,1
JANTZY,1,0,1
JANU,1,0,1
JANUYS,1,0,1
JANYA,1,0,1
JANYE,1,0,1
JAOCOBO,1,0,1
JAPHETT,1,0,1
JAQUEL,1,0,1
JAQUELIM,1,0,1
JAQUELINECIBELE,1,0,1
JAQUELINN,1,0,1
JAQUI,1,0,1
JAQUILIN,1,0,1
JARAA,1,0,1
JARACIMO,1,0,1
JARAD,1,0,1
JARAH,1,0,1
JARALD,1,0,1
JARAM,1,0,1
JARANS,1,0,1
JARATHZY,1,0,1
JARBAS,1,0,1
JARBIER,1,0,1
JARBIO,1,0,1
JARBYN,1,0,1
JARCENIA,1,0,1
JARDO,1,0,1
JARDYN,1,0,1
JAREM,1,0,1
JARENS,1,0,1
JARENSSY,1,0,1
JARGET,1,0,1
JARIAN,1,0,1
JARIEN,1,0,1
JARILENDY,1,0,1
JARIMELIA,1,0,1
JARINK,1,0,1
JARINSON,1,0,1
JARINZON,1,0,1
JARISSA,1,0,1
JARITON,1,0,1
JARIX,1,0,1
JARLAN,1,0,1
JARLEM,1,0,1
JARLING,1,0,1
JARLINTON,1,0,1
JARLO,1,0,1
JARLY,1,0,1
JARLYN,1,0,1
JARLYS,1,0,1
JARMER,1,0,1
JARMY,1,0,1
JAROSLAVA,1,0,1
JARQUIDIO,1,0,1
JARREL,1,0,1
JARRIETH,1,0,1
JARRILEN,1,0,1
JARTLIN,1,0,1
JARUEL,1,0,1
JARVE,1,0,1
JARVEN,1,0,1
JARVYN,1,0,1
JARWINCEN,1,0,1
JARYS,1,0,1
JAS,1,0,1
JASACOTH,1,0,1
JASALDE,1,0,1
JASBER,1,0,1
JASCIVE,1,0,1
JASEFENA,1,0,1
JASELIA,1,0,1
JASELY,1,0,1
JASEN,1,0,1
JASENY,1,0,1
JASHER,1,0,1
JASIER,1,0,1
JASIO,1,0,1
JASLIN,1,0,1
JASLYN,1,0,1
JASMAIN,1,0,1
JASMER,1,0,1
JASMINES,1,0,1
JASMY,1,0,1
JASNA,1,0,1
JASPAR,1,0,1
JASSARY,1,0,1
JASSEN,1,0,1
JASSIE,1,0,1
JASSIELH,1,0,1
JASSIER,1,0,1
JASSUN,1,0,1
JASSYR,1,0,1
JASTEN,1,0,1
JASUARY,1,0,1
JASUE,1,0,1
JASVAN,1,0,1
JAT,1,0,1
JATHIER,1,0,1
JATIR,1,0,1
JATNER,1,0,1
JATSKA,1,0,1
JATTEL,1,0,1
JATY,1,0,1
JAUD,1,0,1
JAUDITH,1,0,1
JAUN,1,0,1
JAUNETTE,1,0,1
JAURIN,1,0,1
JAUSEL,1,0,1
JAUSMAN,1,0,1
JAUSTINO,1,0,1
JAUTINA,1,0,1
JAVALICO,1,0,1
JAVANNETI,1,0,1
JAVEILA,1,0,1
JAVEIR,1,0,1
JAVENCE,1,0,1
JAVERCIO,1,0,1
JAVES,1,0,1
JAVIAR,1,0,1
JAVIERFERNANDO,1,0,1
JAVILA,1,0,1
JAVO,1,0,1
JAWAD,1,0,1
JAXENIA,1,0,1
JAXIS,1,0,1
JAXON,1,0,1
JAXSAN,1,0,1
JAYDA,1,0,1
JAYDO,1,0,1
JAYDRA,1,0,1
JAYKIE,1,0,1
JAYKON,1,0,1
JAYLEEN,1,0,1
JAYLENE,1,0,1
JAYLI,1,0,1
JAYLOR,1,0,1
JAYMER,1,0,1
JAYNNY,1,0,1
JAYREN,1,0,1
JAYSAN,1,0,1
JAYVE,1,0,1
JAYZE,1,0,1
JAZER,1,0,1
JAZMYN,1,0,1
JAZZANIA,1,0,1
JAZZIEL,1,0,1
JCECSE,1,0,1
JE,1,0,1
JE AN,1,0,1
JEAIMY,1,0,1
JEALENI,1,0,1
JEAMEE,1,0,1
JEAMIE,1,0,1
JEAMILLETH,1,0,1
JEAMMY,1,0,1
JEAMNIE,1,0,1
JEAMNPS,1,0,1
JEAN FERNAND,1,0,1
JEAN KARLA,1,0,1
JEANA,1,0,1
JEANCE,1,0,1
JEANEAN,1,0,1
JEANEEN,1,0,1
JEANELY,1,0,1
JEANENE,1,0,1
JEANER,1,0,1
JEANHY,1,0,1
JEANIFFER,1,0,1
JEANINNE,1,0,1
JEANIRA,1,0,1
JEANNETLE,1,0,1
JEANNI,1,0,1
JEANNIFER,1,0,1
JEANNYE,1,0,1
JEANNYFER,1,0,1
JEANNYS,1,0,1
JEANST,1,0,1
JEARINO,1,0,1
JEARLIN,1,0,1
JEARLYS,1,0,1
JEASSY,1,0,1
JEASY,1,0,1
JEAVEL,1,0,1
JEBER,1,0,1
JEBY,1,0,1
JECE,1,0,1
JECENEA,1,0,1
JECICA,1,0,1
JECIS,1,0,1
JECKER,1,0,1
JECKSO,1,0,1
JECSENIA,1,0,1
JECSER,1,0,1
JECSI,1,0,1
JECSON,1,0,1
JECSSY,1,0,1
JECXI,1,0,1
JEDA,1,0,1
JEDARDO,1,0,1
JEDDIE,1,0,1
JEDER,1,0,1
JEDIDIAS,1,0,1
JEDSON,1,0,1
JEDUVIN,1,0,1
JEDUVINA,1,0,1
JEDY,1,0,1
JEEF,1,0,1
JEEFREY,1,0,1
JEEFRYE,1,0,1
JEELIN,1,0,1
JEEMY,1,0,1
JEENIE,1,0,1
JEENSON,1,0,1
JEERRY,1,0,1
JEESENIA,1,0,1
JEESIE,1,0,1
JEESSE,1,0,1
JEESSY,1,0,1
JEFBREY,1,0,1
JEFE,1,0,1
JEFERSSON,1,0,1
JEFET,1,0,1
JEFFBER,1,0,1
JEFFOY,1,0,1
JEFFRAN,1,0,1
JEFFREEHY,1,0,1
JEFFREEN,1,0,1
JEFFREYS,1,0,1
JEFFRIE,1,0,1
JEFFRING,1,0,1
JEFFRRY,1,0,1
JEFFRYE,1,0,1
JEFFRYN,1,0,1
JEFORD,1,0,1
JEFREE,1,0,1
JEFREEY,1,0,1
JEFREI,1,0,1
JEFREYH,1,0,1
JEFRIE,1,0,1
JEFRYN,1,0,1
JEFSEN,1,0,1
JEFTTE,1,0,1
JEGEL,1,0,1
JEGI,1,0,1
JEHAD,1,0,1
JEHAMY,1,0,1
JEHANY,1,0,1
JEHAZIEL,1,0,1
JEHDIR,1,0,1
JEHIDY,1,0,1
JEHIEL,1,0,1
JEHIELE,1,0,1
JEHIKON,1,0,1
JEHIMY,1,0,1
JEHISY,1,0,1
JEHNNIE,1,0,1
JEHOVINA,1,0,1
JEHOVINY,1,0,1
JEHSI,1,0,1
JEHSUS,1,0,1
JEIBI,1,0,1
JEIBYN,1,0,1
JEICEEL,1,0,1
JEICEL,1,0,1
JEIDIN,1,0,1
JEIKA,1,0,1
JEIKY,1,0,1
JEILY,1,0,1
JEIMEE,1,0,1
JEIMIN,1,0,1
JEIMYS,1,0,1
JEINE,1,0,1
JEINER,1,0,1
JEINNY,1,0,1
JEIPSY,1,0,1
JEISA,1,0,1
JEISAL,1,0,1
JEISSEL,1,0,1
JEISSER,1,0,1
JEIVEN,1,0,1
JEIVI,1,0,1
JEIVYN,1,0,1
JEKLIN,1,0,1
JEKSEL,1,0,1
JELATH,1,0,1
JELBE,1,0,1
JELBER,1,0,1
JELDA,1,0,1
JELDIS,1,0,1
JELDRIN,1,0,1
JELENG,1,0,1
JELENH,1,0,1
JELENIK,1,0,1
JELFRIN,1,0,1
JELI,1,0,1
JELIAN,1,0,1
JELIC,1,0,1
JELICITA,1,0,1
JELIO,1,0,1
JELIXA,1,0,1
JELLEN,1,0,1
JELLINEK,1,0,1
JELLMAR,1,0,1
JELLUE,1,0,1
JELLYM,1,0,1
JELLZON,1,0,1
JELMA,1,0,1
JELMAN,1,0,1
JELMI,1,0,1
JELMY,1,0,1
JELNI,1,0,1
JELODIS,1,0,1
JELPIZ,1,0,1
JELSIN,1,0,1
JELSIO,1,0,1
JELSO,1,0,1
JELTHEN,1,0,1
JELUIS,1,0,1
JELVI,1,0,1
JELVIR,1,0,1
JELVY,1,0,1
JELYS,1,0,1
JEM,1,0,1
JEMBLER,1,0,1
JEME,1,0,1
JEMENES,1,0,1
JEMEVINE,1,0,1
JEMI,1,0,1
JEMIE,1,0,1
JEMIMMA,1,0,1
JEMINMA,1,0,1
JEMIS,1,0,1
JEMIY,1,0,1
JEMME,1,0,1
JEMMI,1,0,1
JEMMYL,1,0,1
JEMNIFER,1,0,1
JEMRRY,1,0,1
JEMSEN,1,0,1
JEMSIL,1,0,1
JEMSY,1,0,1
JEMYS,1,0,1
JENCEL,1,0,1
JENDELIN,1,0,1
JENDI,1,0,1
JENDRES,1,0,1
JENDRYS,1,0,1
JENEELEE,1,0,1
JENEFA,1,0,1
JENELID,1,0,1
JENELLY,1,0,1
JENELYN,1,0,1
JENERY,1,0,1
JENET,1,0,1
JENETHER,1,0,1
JENETTEE,1,0,1
JENEY,1,0,1
JENHER,1,0,1
JENHIE,1,0,1
JENHRY,1,0,1
JENHY,1,0,1
JENIC,1,0,1
JENICA,1,0,1
JENICIA,1,0,1
JENIEN,1,0,1
JENIENE,1,0,1
JENIFEER,1,0,1
JENINA,1,0,1
JENIXA,1,0,1
JENIZ,1,0,1
JENLEE,1,0,1
JENMIE,1,0,1
JENMSER,1,0,1
JENN,1,0,1
JENNCY,1,0,1
JENNEDY,1,0,1
JENNESSE,1,0,1
JENNESSY,1,0,1
JENNEST,1,0,1
JENNHY,1,0,1
JENNICE,1,0,1
JENNIELIN,1,0,1
JENNIERF,1,0,1
JENNIETH,1,0,1
JENNIFA,1,0,1
JENNIPHER,1,0,1
JENNISSFER,1,0,1
JENNITH,1,0,1
JENNIZ,1,0,1
JENNLEE,1,0,1
JENNSEMS,1,0,1
JENNYE,1,0,1
JENNYFA,1,0,1
JENNYFOR,1,0,1
JENNYS,1,0,1
JENNYVIE,1,0,1
JENOBE,1,0,1
JENOR,1,0,1
JENOVEVO,1,0,1
JENRRE,1,0,1
JENRRIS,1,0,1
JENSEL,1,0,1
JENSIE,1,0,1
JENSIN,1,0,1
JENSIS,1,0,1
JENSSE,1,0,1
JENSSEE,1,0,1
JENSSEL,1,0,1
JENSSI,1,0,1
JENSYN,1,0,1
JENYA,1,0,1
JENYE,1,0,1
JENYFA,1,0,1
JENYLAY,1,0,1
JENYN,1,0,1
JENYTH,1,0,1
JENZAN,1,0,1
JENZEN,1,0,1
JEOBITA,1,0,1
JEOFREDO,1,0,1
JEOMARLON,1,0,1
JEORGIA,1,0,1
JEORGIN,1,0,1
JEORGY,1,0,1
JEORLIN,1,0,1
JEORLYN,1,0,1
JEOVANNIA,1,0,1
JEOVEL,1,0,1
JEOVER,1,0,1
JEOVHANY,1,0,1
JEOVIN,1,0,1
JEOVINA,1,0,1
JEPHTE,1,0,1
JEPSI,1,0,1
JEPSON,1,0,1
JEQUELINE,1,0,1
JERACHO,1,0,1
JERALIAS,1,0,1
JERALL,1,0,1
JERAMEL,1,0,1
JERASIMA,1,0,1
JERASMINIO,1,0,1
JERBY,1,0,1
JERCELITA,1,0,1
JERCI,1,0,1
JERCIA,1,0,1
JERCIO,1,0,1
JERDER,1,0,1
JERDYN,1,0,1
JEREDA,1,0,1
JERELITA,1,0,1
JEREMEY,1,0,1
JEREMILLA,1,0,1
JEREMIN,1,0,1
JERENY,1,0,1
JERES,1,0,1
JERESAEL,1,0,1
JERI,1,0,1
JERIBAN,1,0,1
JERICA,1,0,1
JERIKA,1,0,1
JERING,1,0,1
JERIY,1,0,1
JERLES,1,0,1
JERLEY,1,0,1
JERLINTH,1,0,1
JERLON,1,0,1
JERMA,1,0,1
JERMANA,1,0,1
JERMEN,1,0,1
JERMI,1,0,1
JERMIS,1,0,1
JERMOT,1,0,1
JERNELI,1,0,1
JERNNIE,1,0,1
JEROBOAM,1,0,1
JEROEN GERARDUS,1,0,1
JEROMIEL,1,0,1
JERONINA,1,0,1
JERONINO,1,0,1
JERONOMO,1,0,1
JERR,1,0,1
JERRALD,1,0,1
JERRI,1,0,1
JERRICK,1,0,1
JERRILENE,1,0,1
JERRINE,1,0,1
JERROL,1,0,1
JERRSIN,1,0,1
JERRYLEN,1,0,1
JERSA,1,0,1
JERSABI,1,0,1
JERSAL,1,0,1
JERSEHELITA,1,0,1
JERSEL,1,0,1
JERSIA,1,0,1
JERSINIO,1,0,1
JERSO,1,0,1
JERSOL,1,0,1
JERSOY,1,0,1
JERSSAN,1,0,1
JERSSE,1,0,1
JERSSI,1,0,1
JERSSICA,1,0,1
JERSSY,1,0,1
JERSULAN,1,0,1
JERTRUDES,1,0,1
JERUSA,1,0,1
JERUSHA,1,0,1
JERVEL,1,0,1
JERVI,1,0,1
JERWER,1,0,1
JERYES,1,0,1
JERYL,1,0,1
JERYNG,1,0,1
JERZER,1,0,1
JERZIO,1,0,1
JERZY,1,0,1
JESA,1,0,1
JESAMARI,1,0,1
JESAY,1,0,1
JESBY,1,0,1
JESCA,1,0,1
JESCICA,1,0,1
JESEE,1,0,1
JESEEL,1,0,1
JESEIS,1,0,1
JESELIN,1,0,1
JESELINA,1,0,1
JESEME,1,0,1
JESEP,1,0,1
JESERES,1,0,1
JESFRIEL,1,0,1
JESIA,1,0,1
JESIAS,1,0,1
JESICKA,1,0,1
JESIER,1,0,1
JESISAI,1,0,1
JESISCA,1,0,1
JESLER,1,0,1
JESLES,1,0,1
JESLYN,1,0,1
JESMAN,1,0,1
JESMOR,1,0,1
JESMU,1,0,1
JESO,1,0,1
JESRREL,1,0,1
JESSAMIN,1,0,1
JESSEICA,1,0,1
JESSEN,1,0,1
JESSENIA  MARIA,1,0,1
JESSENIAMABEL,1,0,1
JESSIA,1,0,1
JESSIAN,1,0,1
JESSICKA,1,0,1
JESSICO,1,0,1
JESSIEL,1,0,1
JESSIER,1,0,1
JESSILA,1,0,1
JESSILLE,1,0,1
JESSIN,1,0,1
JESSLEE,1,0,1
JESSLER,1,0,1
JESSLIE,1,0,1
JESSLYN,1,0,1
JESSSICA,1,0,1
JESSUAN,1,0,1
JESSYS,1,0,1
JESTANE,1,0,1
JESTIN,1,0,1
JESTS,1,0,1
JESU,1,0,1
JESUI,1,0,1
JESULINO,1,0,1
JESUS  DE  LA,1,0,1
JESUS DE,1,0,1
JESUS DE JUAN,1,0,1
JESUS FRANCISCO,1,0,1
JESUS FRANKLIN,1,0,1
JESUS GREGORIO,1,0,1
JESUSANA,1,0,1
JESUSROBERTO,1,0,1
JESUSS,1,0,1
JESUSTINO,1,0,1
JESYL,1,0,1
JETCEL,1,0,1
JETERCIMO,1,0,1
JETHRO,1,0,1
JETHY,1,0,1
JETHZABEL,1,0,1
JETLE,1,0,1
JETLY,1,0,1
JETRO,1,0,1
JETROW,1,0,1
JETRUDI,1,0,1
JETSER,1,0,1
JETSON,1,0,1
JETSSE,1,0,1
JETSVANA,1,0,1
JETTI,1,0,1
JETTY,1,0,1
JETZE,1,0,1
JETZEL,1,0,1
JETZON,1,0,1
JETZY,1,0,1
JEUS,1,0,1
JEUVER,1,0,1
JEVEL,1,0,1
JEVELINDO,1,0,1
JEVENCIO,1,0,1
JEVIN,1,0,1
JEVIS,1,0,1
JEVON,1,0,1
JEWSON,1,0,1
JEXARAEL,1,0,1
JEXCER,1,0,1
JEXCY,1,0,1
JEXEL,1,0,1
JEXICA,1,0,1
JEXIR,1,0,1
JEXIS,1,0,1
JEXON,1,0,1
JEXSAANDRELI,1,0,1
JEXSEL,1,0,1
JEXSER,1,0,1
JEXSON,1,0,1
JEXZABEL,1,0,1
JEYBEE,1,0,1
JEYBER,1,0,1
JEYBIN,1,0,1
JEYBY,1,0,1
JEYCER,1,0,1
JEYCI,1,0,1
JEYDITH,1,0,1
JEYKI,1,0,1
JEYLA,1,0,1
JEYLIN,1,0,1
JEYLON,1,0,1
JEYLOR,1,0,1
JEYME,1,0,1
JEYMEE,1,0,1
JEYMIS,1,0,1
JEYMNI,1,0,1
JEYNI,1,0,1
JEYNIFER,1,0,1
JEYNMY,1,0,1
JEYNY,1,0,1
JEYRE,1,0,1
JEYRIN,1,0,1
JEYSE,1,0,1
JEYSHY,1,0,1
JEYSLER,1,0,1
JEYSOL,1,0,1
JEYSOM,1,0,1
JEYSSON,1,0,1
JEYSY,1,0,1
JEYVIN,1,0,1
JEYVY,1,0,1
JEYZEL,1,0,1
JEZE,1,0,1
JEZLIA,1,0,1
JEZLIAS,1,0,1
JEZREEL,1,0,1
JEZRULETA,1,0,1
JEZZICA,1,0,1
JEZZY,1,0,1
JHADIRA,1,0,1
JHADY,1,0,1
JHAIRO,1,0,1
JHAJAM,1,0,1
JHAJANA,1,0,1
JHAKLIN,1,0,1
JHALMAR,1,0,1
JHAMIS,1,0,1
JHANA,1,0,1
JHANCY,1,0,1
JHANGLE,1,0,1
JHANIA,1,0,1
JHANIRA,1,0,1
JHANS,1,0,1
JHAQUI,1,0,1
JHARIM,1,0,1
JHASMINA,1,0,1
JHEARIN,1,0,1
JHEDSON,1,0,1
JHEFRY,1,0,1
JHEISY,1,0,1
JHEIZZI,1,0,1
JHEKLIMMER,1,0,1
JHELEN,1,0,1
JHEMY,1,0,1
JHENAJ,1,0,1
JHENIEFEER,1,0,1
JHENIFER,1,0,1
JHENIS,1,0,1
JHENRY,1,0,1
JHENSEN,1,0,1
JHERICO,1,0,1
JHERIN,1,0,1
JHERING,1,0,1
JHESTED,1,0,1
JHESTER,1,0,1
JHETRETINGTON,1,0,1
JHETZAEL,1,0,1
JHEYDEE,1,0,1
JHEYDY,1,0,1
JHIENY,1,0,1
JHILMAR,1,0,1
JHIMYS,1,0,1
JHIRA,1,0,1
JHMY,1,0,1
JHOASTIN,1,0,1
JHOCELY,1,0,1
JHOCELYN,1,0,1
JHOE,1,0,1
JHOGER,1,0,1
JHOICE,1,0,1
JHOJANI,1,0,1
JHOLMER,1,0,1
JHOM,1,0,1
JHOMNER,1,0,1
JHOMY,1,0,1
JHONIZ,1,0,1
JHONMY,1,0,1
JHONNANA,1,0,1
JHONNATHAN,1,0,1
JHONNE,1,0,1
JHONNEY,1,0,1
JHONNIEL,1,0,1
JHONPSON,1,0,1
JHONS,1,0,1
JHONSSON,1,0,1
JHONYYS,1,0,1
JHORDAN,1,0,1
JHORVIN,1,0,1
JHOSEER,1,0,1
JHOSEF,1,0,1
JHOSLIN,1,0,1
JHOSMAN,1,0,1
JHOSMIRA,1,0,1
JHOSUA,1,0,1
JHOSY,1,0,1
JHOWER,1,0,1
JHUDITH,1,0,1
JHULIEN,1,0,1
JHULIETH,1,0,1
JHUNY,1,0,1
JHUSTY,1,0,1
JHUVIN,1,0,1
JHUVINYY,1,0,1
JHYNA,1,0,1
JHYUBER,1,0,1
JIADI,1,0,1
JIANPING,1,0,1
JIBENS,1,0,1
JIBZAN,1,0,1
JICKLER,1,0,1
JICLI,1,0,1
JICY,1,0,1
JIDIO,1,0,1
JIDLAF DE JESUS,1,0,1
JIDYNG,1,0,1
JIENIE,1,0,1
JIERME,1,0,1
JIESSE,1,0,1
JIEZI,1,0,1
JIEZY,1,0,1
JIFFRI,1,0,1
JIHMMY,1,0,1
JIHUVE,1,0,1
JIJINETH,1,0,1
JIKSIA,1,0,1
JIKSSA,1,0,1
JILA,1,0,1
JILBEN,1,0,1
JILDILGAR,1,0,1
JILDOBER,1,0,1
JILGARDO,1,0,1
JILHARI,1,0,1
JILIA,1,0,1
JILIAM,1,0,1
JILIK,1,0,1
JILIO,1,0,1
JILLSON,1,0,1
JILLY,1,0,1
JILMARABELLA,1,0,1
JILNER,1,0,1
JILSON,1,0,1
JILUI,1,0,1
JILVERG,1,0,1
JIMAS,1,0,1
JIMEN,1,0,1
JIMENS,1,0,1
JIMENSON,1,0,1
JIMIE,1,0,1
JIMITH,1,0,1
JIML,1,0,1
JIMMA,1,0,1
JIMMIG,1,0,1
JIMMIN,1,0,1
JIMMY YANILETH,1,0,1
JIMMYN,1,0,1
JIMNA,1,0,1
JIMNI,1,0,1
JIMS,1,0,1
JIMYNSON,1,0,1
JINATRE,1,0,1
JINBBER,1,0,1
JINGLI,1,0,1
JINGLY,1,0,1
JINGMING,1,0,1
JINIS,1,0,1
JINKLIS,1,0,1
JINME,1,0,1
JINMIN,1,0,1
JINMIS,1,0,1
JINMYS,1,0,1
JINNE,1,0,1
JINNI,1,0,1
JINNIA,1,0,1
JINNIVA,1,0,1
JINOVE,1,0,1
JINSONG,1,0,1
JIOBANNY,1,0,1
JIONANY,1,0,1
JIONETH,1,0,1
JIONG,1,0,1
JIONY,1,0,1
JIOVHANY,1,0,1
JIPSA,1,0,1
JIRALDA,1,0,1
JIRCELA,1,0,1
JIRIAL,1,0,1
JIRMAN,1,0,1
JIRNE,1,0,1
JISCARD,1,0,1
JISENIA,1,0,1
JISMAEL,1,0,1
JISMERAI,1,0,1
JISSY,1,0,1
JISTINIANO,1,0,1
JITCELIA,1,0,1
JITHSY,1,0,1
JITLES,1,0,1
JITSELA,1,0,1
JITSON,1,0,1
JITTE,1,0,1
JITZA,1,0,1
JITZY,1,0,1
JIUBES,1,0,1
JIUDY,1,0,1
JIUDYS,1,0,1
JIURY,1,0,1
JIUVES,1,0,1
JIUZETH,1,0,1
JIVIN,1,0,1
JIVYN,1,0,1
JIXA,1,0,1
JIXY,1,0,1
JIYE,1,0,1
JIZETH,1,0,1
JIZI,1,0,1
JIZZEL,1,0,1
JIZZELA,1,0,1
JJORGE,1,0,1
JLIO,1,0,1
JMARIA,1,0,1
JMERCEDES,1,0,1
JMMER,1,0,1
JNOEL,1,0,1
JOAD,1,0,1
JOALY,1,0,1
JOAMIN,1,0,1
JOANE,1,0,1
JOANET,1,0,1
JOANETT,1,0,1
JOANIN,1,0,1
JOANNES,1,0,1
JOAQUIN A,1,0,1
JOAQUINITA,1,0,1
JOARGE,1,0,1
JOATA,1,0,1
JOAYDA,1,0,1
JOBANYA,1,0,1
JOBAR,1,0,1
JOBEB,1,0,1
JOBED,1,0,1
JOBELL,1,0,1
JOBELO,1,0,1
JOBIANA,1,0,1
JOBILIO,1,0,1
JOBIS,1,0,1
JOBITH,1,0,1
JOBITIS,1,0,1
JOBLE,1,0,1
JOBLI,1,0,1
JOBLIN,1,0,1
JOBYN,1,0,1
JOC,1,0,1
JOCELA,1,0,1
JOCELINA,1,0,1
JOCELITO,1,0,1
JOCELYNE,1,0,1
JOCHABED,1,0,1
JOCHEM,1,0,1
JOCHEMIN,1,0,1
JOCITO,1,0,1
JOCKEY,1,0,1
JOCOBINA,1,0,1
JOCSIN,1,0,1
JOCTANY,1,0,1
JOCY,1,0,1
JOCYE,1,0,1
JODDIE,1,0,1
JODDY,1,0,1
JODE,1,0,1
JODERICK,1,0,1
JODI,1,0,1
JODIEL,1,0,1
JODILON,1,0,1
JODMAN,1,0,1
JODOLIO,1,0,1
JOEAN,1,0,1
JOEBBIE,1,0,1
JOEE,1,0,1
JOEFRO,1,0,1
JOEGE,1,0,1
JOEL ANTONIO,1,0,1
JOEL ROBERTO,1,0,1
JOELEAN,1,0,1
JOELTAN,1,0,1
JOEMAL,1,0,1
JOENA,1,0,1
JOENDEL,1,0,1
JOENS,1,0,1
JOERZEL,1,0,1
JOESAN,1,0,1
JOESE,1,0,1
JOFANSIS,1,0,1
JOFFREY,1,0,1
JOFITA,1,0,1
JOFREE,1,0,1
JOGAN,1,0,1
JOGE,1,0,1
JOGEERHA,1,0,1
JOGEL,1,0,1
JOGGER,1,0,1
JOHAIDY,1,0,1
JOHAINA,1,0,1
JOHALIN,1,0,1
JOHALMA,1,0,1
JOHAMIE,1,0,1
JOHANAS,1,0,1
JOHANIA,1,0,1
JOHANINA,1,0,1
JOHANNIE,1,0,1
JOHANSEN,1,0,1
JOHANYE,1,0,1
JOHASS,1,0,1
JOHAYRA,1,0,1
JOHESMY,1,0,1
JOHEYS,1,0,1
JOHHANA,1,0,1
JOHHNY,1,0,1
JOHMNIE,1,0,1
JOHMSON,1,0,1
JOHNATTAN,1,0,1
JOHNIEL,1,0,1
JOHNIER,1,0,1
JOHNIT,1,0,1
JOHNIY,1,0,1
JOHNMY,1,0,1
JOHNNEY,1,0,1
JOHNSI,1,0,1
JOHNSIN,1,0,1
JOHNSONS,1,0,1
JOHOMNY,1,0,1
JOHOMY,1,0,1
JOHONATAN,1,0,1
JOHOYNER,1,0,1
JOHSELYN,1,0,1
JOHSY,1,0,1
JOHTAN,1,0,1
JOHUY,1,0,1
JOHYN,1,0,1
JOIBEL,1,0,1
JOICELYN,1,0,1
JOICY,1,0,1
JOIHSI,1,0,1
JOIN,1,0,1
JOISEL,1,0,1
JOISSIER,1,0,1
JOJE,1,0,1
JOJELI,1,0,1
JOK,1,0,1
JOLANIS,1,0,1
JOLBER,1,0,1
JOLBIN,1,0,1
JOLDYN,1,0,1
JOLEAN,1,0,1
JOLEEN,1,0,1
JOLIE,1,0,1
JOLINAN,1,0,1
JOLINE,1,0,1
JOLKER,1,0,1
JOLME,1,0,1
JOLMHAN,1,0,1
JOLMIN,1,0,1
JOLMY,1,0,1
JOLNY,1,0,1
JOLQUER,1,0,1
JOLY,1,0,1
JOMAR,1,0,1
JOMAS,1,0,1
JOMEINY,1,0,1
JOMEL,1,0,1
JOMY,1,0,1
JON¦S,1,0,1
JONABELLY,1,0,1
JONADATH,1,0,1
JONAH,1,0,1
JONAHAS,1,0,1
JONAHATAN,1,0,1
JONAIDA,1,0,1
JONANGEL,1,0,1
JONANNA,1,0,1
JONASS,1,0,1
JONASSY,1,0,1
JONATAHAN,1,0,1
JONATH,1,0,1
JONCE,1,0,1
JONFRY,1,0,1
JONHONY,1,0,1
JONHS,1,0,1
JONHSONQ,1,0,1
JONIA,1,0,1
JONICLEY,1,0,1
JONIX,1,0,1
JONMEL,1,0,1
JONMER,1,0,1
JONMI,1,0,1
JONMY,1,0,1
JONNADY,1,0,1
JONNELL,1,0,1
JONNES,1,0,1
JONNEY,1,0,1
JONNSON,1,0,1
JONNYALFREDO,1,0,1
JONNYMANUEL,1,0,1
JONRI,1,0,1
JONRRY,1,0,1
JONSALO,1,0,1
JONSEN,1,0,1
JONSTON,1,0,1
JONSY,1,0,1
JOODDY,1,0,1
JOONDY,1,0,1
JOOSE,1,0,1
JOOVANNY,1,0,1
JOOYSY,1,0,1
JOPINI,1,0,1
JOPLYNN,1,0,1
JOPSABET,1,0,1
JOPSE,1,0,1
JOQUINA,1,0,1
JOR,1,0,1
JOR EL,1,0,1
JORAHAN,1,0,1
JORBE,1,0,1
JORBI,1,0,1
JORBICK,1,0,1
JORBYN,1,0,1
JORCE,1,0,1
JORDAO,1,0,1
JORDIN,1,0,1
JORDINO,1,0,1
JORDIS,1,0,1
JOREB,1,0,1
JORED,1,0,1
JORFE,1,0,1
JORFIN,1,0,1
JORGE ADAS,1,0,1
JORGE DE,1,0,1
JORGE WUALTER,1,0,1
JORGELENY,1,0,1
JORGELIO,1,0,1
JORGEMAR,1,0,1
JORGENIO,1,0,1
JORGES,1,0,1
JORGINDA,1,0,1
JORGITO,1,0,1
JORGYN,1,0,1
JORHAN,1,0,1
JORIDA,1,0,1
JORIM,1,0,1
JORJIN,1,0,1
JORJINIA,1,0,1
JORKLIN,1,0,1
JORLAN,1,0,1
JORLELLY,1,0,1
JORLI,1,0,1
JORLIER,1,0,1
JORLYN,1,0,1
JORMAN,1,0,1
JORMON,1,0,1
JORMY,1,0,1
JORNA,1,0,1
JORNEGAN,1,0,1
JORNY,1,0,1
JORRIGAN,1,0,1
JORVIS,1,0,1
JORY,1,0,1
JOS+,1,0,1
JOSABE,1,0,1
JOSABEC,1,0,1
JOSADAK,1,0,1
JOSADEP,1,0,1
JOSAFACT,1,0,1
JOSAFATI,1,0,1
JOSAIRA,1,0,1
JOSAIS,1,0,1
JOSANS,1,0,1
JOSBAN,1,0,1
JOSBIN,1,0,1
JOSE    ADAN,1,0,1
JOSE    ANTONIO,1,0,1
JOSE   OLAYO,1,0,1
JOSE   RODOLFO,1,0,1
JOSE   SANTO,1,0,1
JOSE   SANTOS,1,0,1
JOSE  ALFREDO,1,0,1
JOSE  ANGEL,1,0,1
JOSE  ANTONIO,1,0,1
JOSE  BASILIO,1,0,1
JOSE  BENJAMIN,1,0,1
JOSE  EDUVIGES,1,0,1
JOSE  ELIAS,1,0,1
JOSE  GILBERTO,1,0,1
JOSE  HUGO,1,0,1
JOSE  HUMBERTO,1,0,1
JOSE  JACOBO,1,0,1
JOSE  JEREMIAS,1,0,1
JOSE  LORENZO,1,0,1
JOSE  LUCIO,1,0,1
JOSE  MARCELO,1,0,1
JOSE  MARDOQUEO,1,0,1
JOSE  MATIAS,1,0,1
JOSE  MERCEDES,1,0,1
JOSE  MORELOS,1,0,1
JOSE  NICOMEDES,1,0,1
JOSE  PABLO,1,0,1
JOSE  RAFAEL,1,0,1
JOSE  ROBERTO,1,0,1
JOSE  ROLANDO,1,0,1
JOSE  TRANCITO,1,0,1
JOSE  TRINIDAD,1,0,1
JOSE  VIRGILIO,1,0,1
JOSE ABRAHAN,1,0,1
JOSE ADALBERTO,1,0,1
JOSE ALEJANDRO,1,0,1
JOSE ALEX,1,0,1
JOSE ALONSO,1,0,1
JOSE AMBROCIO,1,0,1
JOSE ANANIAS,1,0,1
JOSE ANGELINO,1,0,1
JOSE ARISTIDES,1,0,1
JOSE ARNALDO,1,0,1
JOSE ARNOLDO,1,0,1
JOSE BELARMINO,1,0,1
JOSE BENILDE,1,0,1
JOSE BERNARDINO,1,0,1
JOSE BONIFACIO,1,0,1
JOSE BRUNO,1,0,1
JOSE CARMINDO,1,0,1
JOSE CAYETANO,1,0,1
JOSE CAYEYANO,1,0,1
JOSE CRESCENCIO,1,0,1
JOSE DE,1,0,1
JOSE DE B,1,0,1
JOSE DE LEON,1,0,1
JOSE DEL,1,0,1
JOSE DEL PILAR,1,0,1
JOSE DENNIZ,1,0,1
JOSE FABIO,1,0,1
JOSE FEDERICO,1,0,1
JOSE FRANCO,1,0,1
JOSE GENARO,1,0,1
JOSE GERMAN,1,0,1
JOSE GERTRUDIZ,1,0,1
JOSE HELEODORO,1,0,1
JOSE IGNACIO,1,0,1
JOSE ILIBERTO,1,0,1
JOSE INDALECIO,1,0,1
JOSE JAIRO,1,0,1
JOSE JEREMIAS,1,0,1
JOSE JOEOVANNY,1,0,1
JOSE JULIO,1,0,1
JOSE LA CRUZ,1,0,1
JOSE LINO,1,0,1
JOSE LUCAS,1,0,1
JOSE MAGNO,1,0,1
JOSE MARCOS,1,0,1
JOSE MARIA DE,1,0,1
JOSE MARIO,1,0,1
JOSE MAURICIO,1,0,1
JOSE MEDARDO,1,0,1
JOSE MELANIO,1,0,1
JOSE MELBIN,1,0,1
JOSE MODESTO,1,0,1
JOSE NELSON,1,0,1
JOSE NEMECIO,1,0,1
JOSE ORLANDO,1,0,1
JOSE PABLO,1,0,1
JOSE PAULINO,1,0,1
JOSE PHINE,1,0,1
JOSE PILAR,1,0,1
JOSE RAIMUNDO,1,0,1
JOSE RICARDO,1,0,1
JOSE ROLANDO,1,0,1
JOSE ROQUE,1,0,1
JOSE RUFINO,1,0,1
JOSE SALVADOR,1,0,1
JOSE SANTA,1,0,1
JOSE SEGUNDO,1,0,1
JOSE TELMO,1,0,1
JOSE TEOFILO,1,0,1
JOSE VICENTE,1,0,1
JOSE VIRGILIO,1,0,1
JOSE VISITACION,1,0,1
JOSE WALTER,1,0,1
JOSE WUALETR,1,0,1
JOSEALBARO,1,0,1
JOSEAN,1,0,1
JOSEBERTO,1,0,1
JOSEBIA,1,0,1
JOSEBIN,1,0,1
JOSEBIO,1,0,1
JOSECITO,1,0,1
JOSEDANIEL,1,0,1
JOSEDEJESUS,1,0,1
JOSEDORO,1,0,1
JOSEEINA,1,0,1
JOSEEL,1,0,1
JOSEFA  DOLORES,1,0,1
JOSEFA  LETICIA,1,0,1
JOSEFA RUFINA,1,0,1
JOSEFERNANDO,1,0,1
JOSEFINA  LAURA,1,0,1
JOSEFINAA,1,0,1
JOSEFO,1,0,1
JOSEFRA,1,0,1
JOSEGADMIEL,1,0,1
JOSEGITO,1,0,1
JOSEHITO,1,0,1
JOSEHLYN,1,0,1
JOSEIAN,1,0,1
JOSEIRENE,1,0,1
JOSEJOSE,1,0,1
JOSELBINA,1,0,1
JOSELEN,1,0,1
JOSELINDO,1,0,1
JOSELIODORO,1,0,1
JOSELJINA,1,0,1
JOSELOS,1,0,1
JOSELVINDO,1,0,1
JOSELYR,1,0,1
JOSEMARIANO,1,0,1
JOSEMILIO,1,0,1
JOSEMILO,1,0,1
JOSENNEE,1,0,1
JOSENO,1,0,1
JOSEQ,1,0,1
JOSERIS,1,0,1
JOSERIZ,1,0,1
JOSERVINDO,1,0,1
JOSESITO,1,0,1
JOSESSTHELLA,1,0,1
JOSETE,1,0,1
JOSETK,1,0,1
JOSEU,1,0,1
JOSEZ,1,0,1
JOSGE,1,0,1
JOSHEP,1,0,1
JOSIANJEL,1,0,1
JOSIC,1,0,1
JOSIDELIA,1,0,1
JOSINIA,1,0,1
JOSINTA,1,0,1
JOSLE,1,0,1
JOSLIH,1,0,1
JOSLY,1,0,1
JOSP,1,0,1
JOSPHELYN,1,0,1
JOSSEF,1,0,1
JOSSEFA,1,0,1
JOSSELA,1,0,1
JOSSENNY,1,0,1
JOSSER,1,0,1
JOSSETT,1,0,1
JOSSI,1,0,1
JOSSIELYN,1,0,1
JOSSIP,1,0,1
JOSTA,1,0,1
JOSUAHLEE,1,0,1
JOSUALDO,1,0,1
JOSUANA,1,0,1
JOSUAR,1,0,1
JOSVAN,1,0,1
JOSVIN,1,0,1
JOSWARD,1,0,1
JOTHANA,1,0,1
JOTICIA,1,0,1
JOTTAN,1,0,1
JOULEAN,1,0,1
JOULIETE,1,0,1
JOURLENY,1,0,1
JOUSEFF,1,0,1
JOUSIANNE,1,0,1
JOUSUE,1,0,1
JOVANNE,1,0,1
JOVASKI,1,0,1
JOVELSO,1,0,1
JOVEN,1,0,1
JOVENIA,1,0,1
JOVENIER,1,0,1
JOVENITO,1,0,1
JOVENTINO,1,0,1
JOVEY,1,0,1
JOVHEL,1,0,1
JOVIA,1,0,1
JOVIANA,1,0,1
JOVIANO,1,0,1
JOVIL,1,0,1
JOVILIA,1,0,1
JOVIS,1,0,1
JOWING,1,0,1
JOWUIN,1,0,1
JOXAMIR,1,0,1
JOXON,1,0,1
JOXSIN,1,0,1
JOYA,1,0,1
JOYCELINE,1,0,1
JOYCELYN,1,0,1
JOYCY,1,0,1
JOYRON,1,0,1
JOYSEE,1,0,1
JOYSIE,1,0,1
JOZAFAT,1,0,1
JOZMAN,1,0,1
JOZMEN,1,0,1
JOZZYA,1,0,1
JPSE,1,0,1
JREDIS,1,0,1
JSE,1,0,1
JUAAN,1,0,1
JUADAMID,1,0,1
JUADIX,1,0,1
JUADY,1,0,1
JUAHNERGE,1,0,1
JUALIA,1,0,1
JUALIAN,1,0,1
JUAN   ANGEL,1,0,1
JUAN  BAUTISTA,1,0,1
JUAN  DE DIOS,1,0,1
JUAN  DE LA PAZ,1,0,1
JUAN  FRANCISCO,1,0,1
JUAN ANTIPORTAN,1,0,1
JUAN BERTHA,1,0,1
JUAN DE DIOZ,1,0,1
JUAN DE JESUSS,1,0,1
JUAN DE LA PAZ,1,0,1
JUAN DE LA ROSA,1,0,1
JUAN DE MALTA,1,0,1
JUAN ENERGIS,1,0,1
JUAN FILADELFO,1,0,1
JUAN GABRIEL,1,0,1
JUAN ISIDORO,1,0,1
JUAN MIGUEL,1,0,1
JUANA   DE,1,0,1
JUANA   MARLENY,1,0,1
JUANA  ALICIA,1,0,1
JUANA  REGINA,1,0,1
JUANA  YAMILETH,1,0,1
JUANA ANGELA,1,0,1
JUANA BLASINA,1,0,1
JUANA DE LA CRU,1,0,1
JUANA DE MATO,1,0,1
JUANA EMILIA,1,0,1
JUANA IROSKA,1,0,1
JUANA JAIME,1,0,1
JUANA NATIVIDAD,1,0,1
JUANA PAULA DE,1,0,1
JUANA RAMONA,1,0,1
JUANA ROSARIO,1,0,1
JUANCACIO,1,0,1
JUANCARLOS,1,0,1
JUANDA,1,0,1
JUANEJER,1,0,1
JUANER,1,0,1
JUANERGES,1,0,1
JUANETEE,1,0,1
JUANIA,1,0,1
JUANIATTA,1,0,1
JUANILDA,1,0,1
JUANINA,1,0,1
JUANNY,1,0,1
JUANON,1,0,1
JUANSITO,1,0,1
JUANYO,1,0,1
JUANYRA,1,0,1
JUAQUEN,1,0,1
JUASTO,1,0,1
JUBANY,1,0,1
JUBELINDA,1,0,1
JUBELINDO,1,0,1
JUBELINO,1,0,1
JUBENALDO,1,0,1
JUBENDELIA,1,0,1
JUBENILA,1,0,1
JUBENIO,1,0,1
JUBERLINA,1,0,1
JUBERMAN,1,0,1
JUBERNALDO,1,0,1
JUBERNARDO,1,0,1
JUBERS,1,0,1
JUBERT,1,0,1
JUBESDINDA,1,0,1
JUBINIS,1,0,1
JUBIO,1,0,1
JUBIT,1,0,1
JUBITH,1,0,1
JUBITXA,1,0,1
JUDAH,1,0,1
JUDEER,1,0,1
JUDEFF,1,0,1
JUDENCIO,1,0,1
JUDENTINO,1,0,1
JUDICHT,1,0,1
JUDIETA,1,0,1
JUDILFIDO,1,0,1
JUDISTH,1,0,1
JUDITA,1,0,1
JUDITHXIOMARA,1,0,1
JUDSON,1,0,1
JUDYANN,1,0,1
JUELBERT,1,0,1
JUELEAN,1,0,1
JUELSY,1,0,1
JUEN,1,0,1
JUENDY,1,0,1
JUENERGIN,1,0,1
JUENIA,1,0,1
JUENY,1,0,1
JUETTE,1,0,1
JUEVER,1,0,1
JUEYDI,1,0,1
JUGNION,1,0,1
JUGRY,1,0,1
JUHDIT,1,0,1
JUHDY,1,0,1
JUIBER,1,0,1
JUIOVER,1,0,1
JUIS,1,0,1
JUISSA,1,0,1
JUIVER,1,0,1
JULANO,1,0,1
JULANY,1,0,1
JULDA,1,0,1
JULDIOR,1,0,1
JULEEAN,1,0,1
JULENA,1,0,1
JULETTA,1,0,1
JULIA DOLORES,1,0,1
JULIA ELISA,1,0,1
JULIA FELICIANA,1,0,1
JULIA VIRGINIA,1,0,1
JULIAN  EUFEMIO,1,0,1
JULIANN,1,0,1
JULIAO,1,0,1
JULIBET,1,0,1
JULIE DEL,1,0,1
JULIEHT,1,0,1
JULIER,1,0,1
JULINDA,1,0,1
JULINE,1,0,1
JULINIA,1,0,1
JULINTINA,1,0,1
JULIO  CESAR,1,0,1
JULIO  HUMBERTO,1,0,1
JULIO EDUARDO,1,0,1
JULIO FERNANDO,1,0,1
JULIO ROBERTO,1,0,1
JULIOA,1,0,1
JULIOR,1,0,1
JULIOS,1,0,1
JULISSES,1,0,1
JULIX,1,0,1
JULIXSER,1,0,1
JULLIANA,1,0,1
JULSAN,1,0,1
JUMARA,1,0,1
JUMERCINDO,1,0,1
JUMMY,1,0,1
JUNA BLAS,1,0,1
JUNDI,1,0,1
JUNEER,1,0,1
JUNEK,1,0,1
JUNES,1,0,1
JUNETTE,1,0,1
JUNIAR,1,0,1
JUNILDA,1,0,1
JUNIN,1,0,1
JUNIPERO,1,0,1
JUNIT,1,0,1
JUNITA,1,0,1
JUNITZA,1,0,1
JUNNIS,1,0,1
JUNTER,1,0,1
JUNY  REYNALDO,1,0,1
JURAN,1,0,1
JURANDI,1,0,1
JUREIA,1,0,1
JURGUEN,1,0,1
JURIAN,1,0,1
JURIANO,1,0,1
JURIAS,1,0,1
JURIS,1,0,1
JURISES,1,0,1
JURITSA,1,0,1
JUSAINA,1,0,1
JUSI,1,0,1
JUSLYN,1,0,1
JUSNY,1,0,1
JUSSELFY,1,0,1
JUSSY,1,0,1
JUSTA GABRIELA,1,0,1
JUSTA RUFINA,1,0,1
JUSTACE,1,0,1
JUSTACIA,1,0,1
JUSTANCIA,1,0,1
JUSTANCIO,1,0,1
JUSTAS,1,0,1
JUSTEANO,1,0,1
JUSTENIANO,1,0,1
JUSTINE,1,0,1
JUSTINIA,1,0,1
JUSTINIO,1,0,1
JUSTINITO,1,0,1
JUSTISNO,1,0,1
JUSTITA,1,0,1
JUSTOR,1,0,1
JUSTY,1,0,1
JUSUE,1,0,1
JUSWE,1,0,1
JUTIETA,1,0,1
JUTILAR,1,0,1
JUTINIANO,1,0,1
JUTTA,1,0,1
JUULIA,1,0,1
JUVANAL,1,0,1
JUVELANDIA,1,0,1
JUVELINO,1,0,1
JUVENALIA,1,0,1
JUVENCI,1,0,1
JUVENCINA,1,0,1
JUVENCINDA,1,0,1
JUVENEL,1,0,1
JUVENICIA,1,0,1
JUVENICIO,1,0,1
JUVENIEL,1,0,1
JUVENILIO,1,0,1
JUVENILO,1,0,1
JUVENIO,1,0,1
JUVENOL,1,0,1
JUVENSI,1,0,1
JUVENTILDA,1,0,1
JUVERDILIA,1,0,1
JUVERNANDO,1,0,1
JUVERNILDO,1,0,1
JUVERT,1,0,1
JUVI,1,0,1
JUVICZIA,1,0,1
JUVILDILIA,1,0,1
JUVINCIO,1,0,1
JUVING,1,0,1
JUVINIA,1,0,1
JUVINO,1,0,1
JUVITO,1,0,1
JUWY,1,0,1
JVAN,1,0,1
JWURANDIR,1,0,1
JYHOSLYN,1,0,1
JYHURA,1,0,1
JYLVER,1,0,1
JYMMI,1,0,1
JYSSIE,1,0,1
KAATIA,1,0,1
KABY,1,0,1
KADDY,1,0,1
KADE,1,0,1
KADIAN,1,0,1
KADIS,1,0,1
KADYE,1,0,1
KAESY,1,0,1
KAFELE,1,0,1
KAHREN,1,0,1
KAIDY,1,0,1
KAIRO,1,0,1
KAISEY,1,0,1
KAISY,1,0,1
KAITY,1,0,1
KALA,1,0,1
KALBERT,1,0,1
KALE,1,0,1
KALEEN,1,0,1
KALID,1,0,1
KALIN,1,0,1
KALINDY,1,0,1
KALINKA,1,0,1
KALIS,1,0,1
KALKI,1,0,1
KALOBY,1,0,1
KALTON,1,0,1
KALUSKA,1,0,1
KAMALA,1,0,1
KAMASHI,1,0,1
KAMILA,1,0,1
KAMRAN,1,0,1
KANCY,1,0,1
KANDI,1,0,1
KANDIA,1,0,1
KANDRAC,1,0,1
KANDYS,1,0,1
KANK,1,0,1
KANLA,1,0,1
KANNA,1,0,1
KANNIE,1,0,1
KANSE,1,0,1
KANTI,1,0,1
KANTY,1,0,1
KAPLIN,1,0,1
KARAL,1,0,1
KARALYN,1,0,1
KARBEL,1,0,1
KARBEN,1,0,1
KARCIA,1,0,1
KARDY,1,0,1
KAREEM,1,0,1
KAREIN,1,0,1
KARELYN,1,0,1
KAREM MARIA,1,0,1
KARENJ,1,0,1
KARENS,1,0,1
KAREX,1,0,1
KAREY,1,0,1
KARHEM,1,0,1
KARHEN,1,0,1
KARIA,1,0,1
KARIBDIS,1,0,1
KARIC,1,0,1
KARIE,1,0,1
KARIEN,1,0,1
KARIETA,1,0,1
KARILIA,1,0,1
KARILIN,1,0,1
KARILUZ,1,0,1
KARIMA,1,0,1
KARINA PATRICIA,1,0,1
KARINA YAMILETH,1,0,1
KARING,1,0,1
KARINI,1,0,1
KARINS,1,0,1
KARINY,1,0,1
KARIO,1,0,1
KARIR,1,0,1
KARISA,1,0,1
KARITA,1,0,1
KARITZZA,1,0,1
KARIZ,1,0,1
KARLA BESSY,1,0,1
KARLA FRANCIA,1,0,1
KARLA SUYAPA,1,0,1
KARLËA,1,0,1
KARLES,1,0,1
KARLIBETH,1,0,1
KARLIE,1,0,1
KARLINGTON,1,0,1
KARLLIN,1,0,1
KARLLTHERS,1,0,1
KARLOFF,1,0,1
KARLOSKAR,1,0,1
KARLTSEEN,1,0,1
KARLYBETH,1,0,1
KARLYE,1,0,1
KARLYS,1,0,1
KARMIA,1,0,1
KARMINIA,1,0,1
KARMY,1,0,1
KARO,1,0,1
KAROBIN,1,0,1
KAROL  BANESSA,1,0,1
KAROLLEN,1,0,1
KAROLY,1,0,1
KAROVIN,1,0,1
KARRIN,1,0,1
KARRY,1,0,1
KART,1,0,1
KARTHY,1,0,1
KARTLEE,1,0,1
KARVEN,1,0,1
KARVY,1,0,1
KARYNNA,1,0,1
KARYW,1,0,1
KASAN,1,0,1
KASANDRA,1,0,1
KASEY,1,0,1
KASMIR,1,0,1
KASSANDRA,1,0,1
KASTHLEEN,1,0,1
KATA,1,0,1
KATALYN,1,0,1
KATARINE,1,0,1
KATEL,1,0,1
KATELIN,1,0,1
KATEN,1,0,1
KATHALEEN,1,0,1
KATHE,1,0,1
KATHELEEN,1,0,1
KATHENA,1,0,1
KATHEREN,1,0,1
KATHERENEE,1,0,1
KATHERIM,1,0,1
KATHEY,1,0,1
KATHIANN,1,0,1
KATHIN,1,0,1
KATHLEEM,1,0,1
KATHLENN,1,0,1
KATHLYNN,1,0,1
KATHRYN,1,0,1
KATHTEEN,1,0,1
KATHYANA,1,0,1
KATIYA,1,0,1
KATLEEHN,1,0,1
KATLEEM,1,0,1
KATLEEN,1,0,1
KATLELLA,1,0,1
KATRIANN,1,0,1
KATRYN,1,0,1
KATTERIN,1,0,1
KATTH,1,0,1
KATTHERINE,1,0,1
KATTHY,1,0,1
KATTIN,1,0,1
KATTYN,1,0,1
KAUDY,1,0,1
KAUSKI,1,0,1
KAVALIER,1,0,1
KAYDE,1,0,1
KAYDI,1,0,1
KAYE,1,0,1
KAYLEAM,1,0,1
KAYLIG,1,0,1
KAYLINE,1,0,1
KAYNELL,1,0,1
KAYSI,1,0,1
KAZIA,1,0,1
KAZLA KARINA,1,0,1
KAZU,1,0,1
KC,1,0,1
KE,1,0,1
KEALINA,1,0,1
KEBELIN,1,0,1
KEBEN,1,0,1
KEBINS,1,0,1
KEBLAN,1,0,1
KECKSAY,1,0,1
KECMIT,1,0,1
KEDDIA,1,0,1
KEDIS,1,0,1
KEDLIN,1,0,1
KEDMITH,1,0,1
KEDVIN,1,0,1
KEDWIN,1,0,1
KEDWYN,1,0,1
KEDY,1,0,1
KEEBETH,1,0,1
KEEDY,1,0,1
KEELLE,1,0,1
KEELVYN,1,0,1
KEEMBERLEE,1,0,1
KEENA,1,0,1
KEENY,1,0,1
KEEVA,1,0,1
KEEVING,1,0,1
KEEVYN,1,0,1
KEEWYN,1,0,1
KEEYDI,1,0,1
KEF,1,0,1
KEHILA,1,0,1
KEHILIN,1,0,1
KEHILY,1,0,1
KEIBI,1,0,1
KEIBOT,1,0,1
KEIDDY,1,0,1
KEIDIN,1,0,1
KEIDYT,1,0,1
KEIFFER,1,0,1
KEIHTT,1,0,1
KEILAF,1,0,1
KEILAY,1,0,1
KEILIM,1,0,1
KEILLEEN,1,0,1
KEILLYIN,1,0,1
KEILYE,1,0,1
KEIMIR,1,0,1
KEINA,1,0,1
KEINY,1,0,1
KEIRI,1,0,1
KEIRIN,1,0,1
KEIRYN,1,0,1
KEISA,1,0,1
KEISER,1,0,1
KEITA,1,0,1
KEITHY,1,0,1
KEITY,1,0,1
KEIVER,1,0,1
KEIVIN,1,0,1
KEIVIS,1,0,1
KEIVY,1,0,1
KELA,1,0,1
KELAN,1,0,1
KELBER,1,0,1
KELBINS,1,0,1
KELBY,1,0,1
KELBYN,1,0,1
KELDARE,1,0,1
KELDI,1,0,1
KELDIN,1,0,1
KELDING,1,0,1
KELENS,1,0,1
KELENTON,1,0,1
KELEP,1,0,1
KELEPS,1,0,1
KELFI,1,0,1
KELICITA,1,0,1
KELIER,1,0,1
KELITO,1,0,1
KELIVIN,1,0,1
KELIX,1,0,1
KELIZER,1,0,1
KELLEEN,1,0,1
KELLIEN,1,0,1
KELLMAN,1,0,1
KELLRIB,1,0,1
KELLSEY,1,0,1
KELLTOM,1,0,1
KELLYAND,1,0,1
KELLYNG,1,0,1
KELMA,1,0,1
KELME,1,0,1
KELMER,1,0,1
KELMY,1,0,1
KELSER,1,0,1
KELSING,1,0,1
KELSSIN,1,0,1
KELTAN,1,0,1
KELTHON,1,0,1
KELTI,1,0,1
KELUYN,1,0,1
KELVA,1,0,1
KELVE,1,0,1
KELVEN,1,0,1
KELVINS,1,0,1
KELWELD,1,0,1
KELWIN,1,0,1
KELYNDA,1,0,1
KEMBELCE,1,0,1
KEMBELIN,1,0,1
KEMBELY,1,0,1
KEMBERLI,1,0,1
KEMBERLYN,1,0,1
KEMBLEE,1,0,1
KEMELY,1,0,1
KEMIE,1,0,1
KEMILY,1,0,1
KEMISH,1,0,1
KEMLIN,1,0,1
KEMMERLY,1,0,1
KEMMIS,1,0,1
KEMMY,1,0,1
KEMNI,1,0,1
KEMNYA,1,0,1
KEMPES,1,0,1
KEMSY,1,0,1
KEMYS,1,0,1
KENBERLEE,1,0,1
KENCEAL,1,0,1
KENCER,1,0,1
KENCIL,1,0,1
KENCIR,1,0,1
KENDA,1,0,1
KENDDY,1,0,1
KENDIH,1,0,1
KENDIN,1,0,1
KENDOLL,1,0,1
KENDRICK,1,0,1
KENDYS,1,0,1
KENEA,1,0,1
KENEC,1,0,1
KENEDEY,1,0,1
KENEHT,1,0,1
KENEN,1,0,1
KENENIA,1,0,1
KENETT,1,0,1
KENFAR,1,0,1
KENGIY,1,0,1
KENHSY,1,0,1
KENIAN,1,0,1
KENIDA,1,0,1
KENIO,1,0,1
KENIR,1,0,1
KENIT,1,0,1
KENJI,1,0,1
KENJIE,1,0,1
KENMY,1,0,1
KENN,1,0,1
KENNA,1,0,1
KENNEA,1,0,1
KENNEDI,1,0,1
KENNEDYNA,1,0,1
KENNEL,1,0,1
KENNELMA,1,0,1
KENNETTE,1,0,1
KENNIDES,1,0,1
KENNIE JAZMIN,1,0,1
KENNSI,1,0,1
KENNSSY,1,0,1
KENNYDE,1,0,1
KENNYEL,1,0,1
KENRAS,1,0,1
KENRY,1,0,1
KENSEL,1,0,1
KENSON,1,0,1
KENSSI,1,0,1
KENSTON,1,0,1
KENSYN,1,0,1
KENTH,1,0,1
KENTYI,1,0,1
KENYON,1,0,1
KENZER,1,0,1
KENZEY,1,0,1
KENZOR,1,0,1
KENZY,1,0,1
KEOMA,1,0,1
KEONARD,1,0,1
KEPT,1,0,1
KER,1,0,1
KERALEN,1,0,1
KERALINA,1,0,1
KERBIN,1,0,1
KERBIS,1,0,1
KERDIN,1,0,1
KERELIA,1,0,1
KEREM,1,0,1
KEREN HAPUC,1,0,1
KERENS,1,0,1
KERENT,1,0,1
KEREST,1,0,1
KERET,1,0,1
KERI,1,0,1
KERILE,1,0,1
KERINME,1,0,1
KERINTON,1,0,1
KERIX,1,0,1
KERLIAN,1,0,1
KERLIS,1,0,1
KERLIX,1,0,1
KERLLY,1,0,1
KERLON,1,0,1
KERLOSKY,1,0,1
KERMAN,1,0,1
KERMEN,1,0,1
KERMETH,1,0,1
KERMIN,1,0,1
KERMIS,1,0,1
KERMITH,1,0,1
KERNMAY,1,0,1
KEROL,1,0,1
KEROLINS,1,0,1
KERQUIN,1,0,1
KERRAL,1,0,1
KERRI,1,0,1
KERRIE,1,0,1
KERRIN,1,0,1
KERRON,1,0,1
KERRSTON,1,0,1
KERRYVINE,1,0,1
KERSIA,1,0,1
KERSON,1,0,1
KERSTIN,1,0,1
KERT,1,0,1
KERUHIN,1,0,1
KERUIN,1,0,1
KERWINH,1,0,1
KERWYN,1,0,1
KERYNN,1,0,1
KERYS,1,0,1
KERYSON,1,0,1
KESHER,1,0,1
KESIE,1,0,1
KESIL,1,0,1
KESLIA,1,0,1
KESLYN,1,0,1
KESSIA,1,0,1
KESSLY,1,0,1
KETAMO,1,0,1
KETDNIA,1,0,1
KETE,1,0,1
KETER,1,0,1
KETLEN,1,0,1
KETLIN,1,0,1
KETLYN,1,0,1
KETSY,1,0,1
KETTEN,1,0,1
KETTI,1,0,1
KETTO,1,0,1
KEUNER,1,0,1
KEURY,1,0,1
KEURYN,1,0,1
KEUYLA,1,0,1
KEVET,1,0,1
KEVI,1,0,1
KEVIEN,1,0,1
KEVIH,1,0,1
KEVIL,1,0,1
KEVIM,1,0,1
KEVING,1,0,1
KEVINN,1,0,1
KEWER,1,0,1
KEWETH,1,0,1
KEWING,1,0,1
KEXCI,1,0,1
KEXI,1,0,1
KEXY,1,0,1
KEYBIE,1,0,1
KEYCI,1,0,1
KEYDA,1,0,1
KEYDIS,1,0,1
KEYDRI,1,0,1
KEYDRY,1,0,1
KEYHT,1,0,1
KEYILA,1,0,1
KEYIN,1,0,1
KEYLALIZZETH,1,0,1
KEYLAR,1,0,1
KEYLIE,1,0,1
KEYLIS,1,0,1
KEYMI,1,0,1
KEYNER,1,0,1
KEYREN,1,0,1
KEYSER,1,0,1
KEYSIN,1,0,1
KEYSON,1,0,1
KEYSSY,1,0,1
KEYSY,1,0,1
KEYTHY,1,0,1
KEYTI,1,0,1
KEYVEN,1,0,1
KEYVIS,1,0,1
KEYZA,1,0,1
KEZIA,1,0,1
KHALILA,1,0,1
KHAMILA,1,0,1
KHARIS,1,0,1
KHAROL,1,0,1
KHATLEEN,1,0,1
KHELVIN,1,0,1
KHENY,1,0,1
KHEVEN,1,0,1
KHEYLA,1,0,1
KHYLBERT,1,0,1
KIAH,1,0,1
KIARA,1,0,1
KIASTAS,1,0,1
KIASTEL,1,0,1
KIBEN,1,0,1
KIBETH,1,0,1
KIBZA,1,0,1
KICSIA,1,0,1
KIDBER,1,0,1
KIDIE,1,0,1
KIDIMOR,1,0,1
KIDRON,1,0,1
KIER,1,0,1
KIET,1,0,1
KIGAN,1,0,1
KIGCIA,1,0,1
KIGSON,1,0,1
KILA,1,0,1
KILBAN,1,0,1
KILBEHT,1,0,1
KILBERTH,1,0,1
KILBET,1,0,1
KILBETS,1,0,1
KILBOR,1,0,1
KILBUR,1,0,1
KILBY,1,0,1
KILDREN,1,0,1
KILEER,1,0,1
KILEP,1,0,1
KILES,1,0,1
KILIAM,1,0,1
KILINO,1,0,1
KILLMAN,1,0,1
KILLMER,1,0,1
KILMEN,1,0,1
KILMENI,1,0,1
KILSY,1,0,1
KILVIAM,1,0,1
KILVINO,1,0,1
KILZON,1,0,1
KIMAH,1,0,1
KIMAN,1,0,1
KIMBAYA,1,0,1
KIMBERLLY,1,0,1
KIMBOR,1,0,1
KIMBRA,1,0,1
KIME,1,0,1
KIMELDA,1,0,1
KIMELEN,1,0,1
KIMER,1,0,1
KIMMENY,1,0,1
KIMWEN,1,0,1
KINA,1,0,1
KINBERLI,1,0,1
KINCHEES,1,0,1
KINCKET,1,0,1
KINDELL,1,0,1
KINDLE,1,0,1
KINDLI,1,0,1
KINDLY,1,0,1
KINDY,1,0,1
KINET,1,0,1
KINGBERLI,1,0,1
KINGSLEY,1,0,1
KINGSTON,1,0,1
KINIA,1,0,1
KINIAN,1,0,1
KINKAID,1,0,1
KINLEY,1,0,1
KINNG,1,0,1
KINNOR,1,0,1
KINQUELRLINE,1,0,1
KINSER,1,0,1
KINSEY,1,0,1
KINSKY,1,0,1
KINSLE,1,0,1
KINSTON,1,0,1
KINVERLIN,1,0,1
KIOMAR,1,0,1
KIONY,1,0,1
KIPPS,1,0,1
KIRAM,1,0,1
KIRCIS,1,0,1
KIRIN,1,0,1
KIRIS,1,0,1
KIRKLON,1,0,1
KIRLA,1,0,1
KIRLIAN,1,0,1
KIRSIO,1,0,1
KIRSIS,1,0,1
KIRYA,1,0,1
KIRZIS,1,0,1
KIS,1,0,1
KISLAN,1,0,1
KISMA,1,0,1
KISMAY,1,0,1
KISSEY,1,0,1
KISSNA,1,0,1
KISY,1,0,1
KISYA,1,0,1
KITEY,1,0,1
KITHY,1,0,1
KITTY,1,0,1
KITY,1,0,1
KIUDELA,1,0,1
KIUN,1,0,1
KIVA,1,0,1
KIVEN,1,0,1
KIVIS,1,0,1
KIXS,1,0,1
KIXSIA,1,0,1
KIYVIN,1,0,1
KIZZY,1,0,1
KJAVIER,1,0,1
KLAIRE,1,0,1
KLALED,1,0,1
KLARC,1,0,1
KLARDY,1,0,1
KLAREX,1,0,1
KLARISA,1,0,1
KLARITSSA,1,0,1
KLASMAN,1,0,1
KLAUDY,1,0,1
KLAUSS,1,0,1
KLAYDIA,1,0,1
KLEBAN,1,0,1
KLEBIN,1,0,1
KLEDIS,1,0,1
KLEIBER,1,0,1
KLEIDA,1,0,1
KLEILA,1,0,1
KLEIMIN,1,0,1
KLEINER,1,0,1
KLELYS,1,0,1
KLENDA,1,0,1
KLENDY,1,0,1
KLENIS,1,0,1
KLENK,1,0,1
KLENMIN,1,0,1
KLENY,1,0,1
KLERA,1,0,1
KLERIDA,1,0,1
KLETIN,1,0,1
KLEVIS,1,0,1
KLEY,1,0,1
KLEYBER,1,0,1
KLEYDER,1,0,1
KLEYLYN,1,0,1
KLEYMON,1,0,1
KLHEYMER,1,0,1
KLIA,1,0,1
KLIBEN,1,0,1
KLIBERT,1,0,1
KLIBLAN,1,0,1
KLICTON,1,0,1
KLIFOR,1,0,1
KLIM,1,0,1
KLINA,1,0,1
KLINS,1,0,1
KLINT,1,0,1
KLINTOM,1,0,1
KLISSON,1,0,1
KLONDY,1,0,1
KLORENA,1,0,1
KLORY,1,0,1
KLOVER,1,0,1
KLOVIS,1,0,1
KLUMAR,1,0,1
KNOWLES,1,0,1
KO,1,0,1
KOAN,1,0,1
KOC,1,0,1
KODAH,1,0,1
KODEL,1,0,1
KODWIN,1,0,1
KOGNNY,1,0,1
KOHIDY,1,0,1
KOK,1,0,1
KOMAR,1,0,1
KONIA,1,0,1
KONIS,1,0,1
KONNY,1,0,1
KONOPKA,1,0,1
KONSEWITH,1,0,1
KOOLLY,1,0,1
KOON,1,0,1
KOORBI,1,0,1
KOREN,1,0,1
KORIXTA,1,0,1
KORLING,1,0,1
KOSBY,1,0,1
KOY,1,0,1
KRASOSKY,1,0,1
KRAY,1,0,1
KRAYSIS,1,0,1
KREBER,1,0,1
KREENDA,1,0,1
KREICK,1,0,1
KREIH,1,0,1
KRELIM,1,0,1
KREN,1,0,1
KRESLYN,1,0,1
KREYSI,1,0,1
KRHISNA,1,0,1
KRICETH,1,0,1
KRICIA,1,0,1
KRICZA,1,0,1
KRIDYS,1,0,1
KRIEL,1,0,1
KRIEZA,1,0,1
KRIGTSA,1,0,1
KRIMIL,1,0,1
KRINCESS,1,0,1
KRIPSA,1,0,1
KRISBEL,1,0,1
KRISCHNAYA,1,0,1
KRISDY,1,0,1
KRISEIDA,1,0,1
KRISHTIAN,1,0,1
KRISIA,1,0,1
KRISLY,1,0,1
KRISNIA,1,0,1
KRISNY,1,0,1
KRISSIAN,1,0,1
KRISSMA,1,0,1
KRISSTIAN,1,0,1
KRIST,1,0,1
KRISTABELL,1,0,1
KRISTAL,1,0,1
KRISTHA,1,0,1
KRISTHEL,1,0,1
KRISTHELL,1,0,1
KRISTHIANNE,1,0,1
KRISTIAAN,1,0,1
KRISTIAND,1,0,1
KRISTIHAN,1,0,1
KRISTO,1,0,1
KRISTOFFERSON,1,0,1
KRISTTEL,1,0,1
KRISTTOFER,1,0,1
KRISTYAN,1,0,1
KRISTZA,1,0,1
KRITA,1,0,1
KRITON,1,0,1
KRITSNA,1,0,1
KRIXMA,1,0,1
KROL,1,0,1
KROMER,1,0,1
KROSSBBY,1,0,1
KRUGUER,1,0,1
KRUPSKAIA,1,0,1
KRUSKAYA,1,0,1
KRYS,1,0,1
KRYSEE,1,0,1
KRYSTA,1,0,1
KRYSTHIAN,1,0,1
KUAN,1,0,1
KUBERNAL,1,0,1
KUEBIN,1,0,1
KUEIDY,1,0,1
KUEILY,1,0,1
KUELIS,1,0,1
KUELVIN,1,0,1
KUENCI,1,0,1
KUENDI,1,0,1
KUETTY,1,0,1
KUEYLA,1,0,1
KUEYLIN,1,0,1
KUNCHAO,1,0,1
KUND,1,0,1
KUNE,1,0,1
KUNIBETH,1,0,1
KUNY,1,0,1
KUO,1,0,1
KUSNIA,1,0,1
KWAI,1,0,1
KWAN,1,0,1
KWON,1,0,1
KYM,1,0,1
KYRI,1,0,1
KYRIAN,1,0,1
KYRK,1,0,1
KYU,1,0,1
L  CONCEPCION,1,0,1
LABA,1,0,1
LABASTID,1,0,1
LABENTINA,1,0,1
LABERTINA,1,0,1
LABIA,1,0,1
LABIATA,1,0,1
LABIBEH,1,0,1
LABID,1,0,1
LABIS,1,0,1
LABY,1,0,1
LACARIA,1,0,1
LACASE,1,0,1
LACCIDIA,1,0,1
LACHIN,1,0,1
LACIA,1,0,1
LACIO,1,0,1
LADELINA,1,0,1
LADENITA,1,0,1
LADH,1,0,1
LADHI,1,0,1
LADIBEL,1,0,1
LADICELIA,1,0,1
LADIES,1,0,1
LADIESTER,1,0,1
LADIMAR,1,0,1
LADISANDINA,1,0,1
LADISLAO ZOILO,1,0,1
LADISTA,1,0,1
LADITA,1,0,1
LADRIANO,1,0,1
LADUANA,1,0,1
LADUIN,1,0,1
LADYN,1,0,1
LADYZ,1,0,1
LAEDAN,1,0,1
LAFEARNE,1,0,1
LAGO,1,0,1
LAGUIDA,1,0,1
LAHANI,1,0,1
LAHRA,1,0,1
LAHUTARO,1,0,1
LAIBANO,1,0,1
LAIBI,1,0,1
LAICITA,1,0,1
LAID,1,0,1
LAIDE,1,0,1
LAIDUVINA,1,0,1
LAINAN,1,0,1
LAINAS,1,0,1
LAINCEL,1,0,1
LAINIE,1,0,1
LAINY,1,0,1
LAIPINIA,1,0,1
LAIR,1,0,1
LAIRA,1,0,1
LAIRIS,1,0,1
LAIRO,1,0,1
LAIRON,1,0,1
LAIS,1,0,1
LAISA,1,0,1
LAISALINA,1,0,1
LAISE,1,0,1
LAISLADA,1,0,1
LAITER,1,0,1
LAIZABETH,1,0,1
LAKIS,1,0,1
LAKJS,1,0,1
LAKO,1,0,1
LAKSHMI,1,0,1
LALCIA,1,0,1
LALIN,1,0,1
LALLY,1,0,1
LAMAN,1,0,1
LAME,1,0,1
LAMECH,1,0,1
LAMIA,1,0,1
LAMMAM,1,0,1
LAMNY,1,0,1
LAMSIN,1,0,1
LANAKAY,1,0,1
LANCEDES,1,0,1
LANCELOT,1,0,1
LANCIL,1,0,1
LANCY,1,0,1
LANDERS,1,0,1
LANDIDA,1,0,1
LANDRE,1,0,1
LANDYS,1,0,1
LANEC,1,0,1
LANGERBER,1,0,1
LANGOBERTO,1,0,1
LANGSTON,1,0,1
LANICIA,1,0,1
LANIDUNIA,1,0,1
LANIMOR,1,0,1
LANIO,1,0,1
LANIS,1,0,1
LANITA,1,0,1
LANNA,1,0,1
LANNER,1,0,1
LANNING,1,0,1
LANNIS,1,0,1
LANSDEN,1,0,1
LANSKE,1,0,1
LANSTENIA,1,0,1
LANUARIO,1,0,1
LAOCADIA,1,0,1
LAOLI,1,0,1
LAONARDO,1,0,1
LAONCIO,1,0,1
LAONY,1,0,1
LAPISA,1,0,1
LAQUEZ,1,0,1
LARADENE,1,0,1
LARE,1,0,1
LAREANO,1,0,1
LARENS,1,0,1
LAREY,1,0,1
LARGIA,1,0,1
LARI,1,0,1
LARIE,1,0,1
LARINDEX,1,0,1
LARIST,1,0,1
LARITTZA,1,0,1
LARLA,1,0,1
LARLEEN,1,0,1
LARMITA,1,0,1
LARNA,1,0,1
LAROSA,1,0,1
LARRENTINA,1,0,1
LARRESON,1,0,1
LARRIZ,1,0,1
LARRYS,1,0,1
LARS,1,0,1
LARTY,1,0,1
LARVI,1,0,1
LARVY,1,0,1
LARYTZA,1,0,1
LASARIS,1,0,1
LASDA,1,0,1
LASDISLAO,1,0,1
LASEL,1,0,1
LASHAN,1,0,1
LASIA,1,0,1
LASIDA,1,0,1
LASIGO,1,0,1
LASIT,1,0,1
LASKME,1,0,1
LASLAYDA,1,0,1
LASLI,1,0,1
LASLIE,1,0,1
LASLY,1,0,1
LASSELLES,1,0,1
LASTE-A,1,0,1
LASTEËA,1,0,1
LASTEMIA,1,0,1
LASTERI,1,0,1
LASTERIS,1,0,1
LASTINA,1,0,1
LATIA,1,0,1
LATVIA,1,0,1
LAUBRINA,1,0,1
LAUCE,1,0,1
LAUDALINO,1,0,1
LAUDAN,1,0,1
LAUDENCO,1,0,1
LAUDI,1,0,1
LAUDICIO,1,0,1
LAUDINO,1,0,1
LAUDRINO,1,0,1
LAUDWIN,1,0,1
LAUDY,1,0,1
LAUGDA,1,0,1
LAUGREANA,1,0,1
LAUMBERTO,1,0,1
LAUMER,1,0,1
LAUNDIS,1,0,1
LAUNER,1,0,1
LAURA ANGELA,1,0,1
LAURA ELIZABETH,1,0,1
LAURA GEORGINA,1,0,1
LAURA ISABEL,1,0,1
LAURA LASTENIA,1,0,1
LAURA MARIA,1,0,1
LAURAË,1,0,1
LAURAESTINA,1,0,1
LAURANO,1,0,1
LAURASTENIA,1,0,1
LAURDE,1,0,1
LAURDIN,1,0,1
LAURELEE,1,0,1
LAURENTT,1,0,1
LAURENY,1,0,1
LAURENZO,1,0,1
LAURESTENIA,1,0,1
LAURETTA,1,0,1
LAURITO,1,0,1
LAURNA,1,0,1
LAURVIN,1,0,1
LAUSA,1,0,1
LAUSCANO,1,0,1
LAUSDELIA,1,0,1
LAUSDEO,1,0,1
LAUTERIS,1,0,1
LAVEARN,1,0,1
LAVIA,1,0,1
LAVIN,1,0,1
LAVINA,1,0,1
LAVINIO,1,0,1
LAVION,1,0,1
LAVOURNE,1,0,1
LAWIN,1,0,1
LAWRANCE,1,0,1
LAWUNCE,1,0,1
LAXCERLY,1,0,1
LAYA,1,0,1
LAYCISTA,1,0,1
LAYDES,1,0,1
LAYDI,1,0,1
LAYDITA,1,0,1
LAYND,1,0,1
LAYNER,1,0,1
LAYO,1,0,1
LAYRA,1,0,1
LAYURI,1,0,1
LAZANDRO,1,0,1
LAZARINE,1,0,1
LAZAROIO,1,0,1
LAZARRO,1,0,1
LAZO,1,0,1
LAZZLO,1,0,1
LE LIS,1,0,1
LEËATO,1,0,1
LEABANA,1,0,1
LEACINDA,1,0,1
LEACOT,1,0,1
LEADINA,1,0,1
LEADRO,1,0,1
LEAFORD,1,0,1
LEALITA,1,0,1
LEALMADY,1,0,1
LEAMI,1,0,1
LEANDA,1,0,1
LEANDR,1,0,1
LEANDRITA,1,0,1
LEANDRITO,1,0,1
LEANELIS,1,0,1
LEANEY,1,0,1
LEANICIA,1,0,1
LEANNA,1,0,1
LEANNETTE,1,0,1
LEANNY,1,0,1
LEANYCORITZA,1,0,1
LEARIANA,1,0,1
LEARLIE,1,0,1
LEARSON,1,0,1
LEASTIN,1,0,1
LEATA,1,0,1
LEATHA,1,0,1
LEAXY,1,0,1
LEAYBIN,1,0,1
LEAZAR,1,0,1
LEBAN,1,0,1
LEBANA,1,0,1
LEBBEUSE,1,0,1
LEBBY,1,0,1
LEBEENS,1,0,1
LEBERON,1,0,1
LEBERTINA,1,0,1
LEBERTO,1,0,1
LEBIDA,1,0,1
LEBITA,1,0,1
LEBNING,1,0,1
LEBNIS,1,0,1
LEBSTER,1,0,1
LEBSVIA,1,0,1
LEBVIA,1,0,1
LECDI,1,0,1
LECDIA,1,0,1
LECIAN,1,0,1
LECIANA,1,0,1
LECIDA,1,0,1
LECIES,1,0,1
LECILA,1,0,1
LECILIA,1,0,1
LECIN,1,0,1
LECITA,1,0,1
LECLIA,1,0,1
LECLIO,1,0,1
LECLIX,1,0,1
LECRECIA,1,0,1
LECSIY,1,0,1
LECTA,1,0,1
LECTININA,1,0,1
LECTO,1,0,1
LECTOQUIDES,1,0,1
LECTRAN,1,0,1
LECTULIO,1,0,1
LECYE,1,0,1
LED,1,0,1
LEDA GEORGINA,1,0,1
LEDAIDA,1,0,1
LEDANIA,1,0,1
LEDCI,1,0,1
LEDDYS,1,0,1
LEDELAINA,1,0,1
LEDELINA,1,0,1
LEDEMICIA,1,0,1
LEDENIN,1,0,1
LEDERMA,1,0,1
LEDES,1,0,1
LEDESMO,1,0,1
LEDESTINA,1,0,1
LEDESVIA,1,0,1
LEDEYS,1,0,1
LEDIALDA,1,0,1
LEDIER,1,0,1
LEDILIA,1,0,1
LEDINDA,1,0,1
LEDINE,1,0,1
LEDINIR,1,0,1
LEDIRA,1,0,1
LEDIYZ,1,0,1
LEDNA,1,0,1
LEDNI,1,0,1
LEDNIA,1,0,1
LEDO,1,0,1
LEDOBINA,1,0,1
LEDONIDAS,1,0,1
LEDOVINA,1,0,1
LEDRECIA,1,0,1
LEDRIN,1,0,1
LEDRY,1,0,1
LEDSNY,1,0,1
LEDSVY,1,0,1
LEDSWING,1,0,1
LEDUVINIA,1,0,1
LEDUVINO,1,0,1
LEDUYS,1,0,1
LEDVINS,1,0,1
LEDVIR,1,0,1
LEDVIS,1,0,1
LEDYDI,1,0,1
LEDYLI,1,0,1
LEDYNZON,1,0,1
LEDYTH,1,0,1
LEDYZ,1,0,1
LEE VAN,1,0,1
LEEA,1,0,1
LEEDBERT,1,0,1
LEEL,1,0,1
LEEMARBIN,1,0,1
LEENA,1,0,1
LEENDA,1,0,1
LEENEAL,1,0,1
LEENS,1,0,1
LEEOTA,1,0,1
LEER,1,0,1
LEESBY,1,0,1
LEESI,1,0,1
LEESLYE,1,0,1
LEESNY,1,0,1
LEESTER,1,0,1
LEETCH,1,0,1
LEEY,1,0,1
LEEYNI,1,0,1
LEEYRY,1,0,1
LEFEBRE,1,0,1
LEFKOTEA,1,0,1
LEGAR,1,0,1
LEGBIN,1,0,1
LEGDAN,1,0,1
LEGENDA,1,0,1
LEGIET,1,0,1
LEGIPCIA,1,0,1
LEGRIS,1,0,1
LEHILA,1,0,1
LEHIN,1,0,1
LEHISLI,1,0,1
LEHTY,1,0,1
LEHY,1,0,1
LEIA,1,0,1
LEIBEN,1,0,1
LEIBINA,1,0,1
LEIBNIS,1,0,1
LEICY,1,0,1
LEIDE,1,0,1
LEIDED,1,0,1
LEIDES,1,0,1
LEIDIA,1,0,1
LEIDIVELINDA,1,0,1
LEIDIY,1,0,1
LEIDIZ,1,0,1
LEIDREN,1,0,1
LEIFY,1,0,1
LEIH,1,0,1
LEIL,1,0,1
LEILAH,1,0,1
LEILEN,1,0,1
LEILON,1,0,1
LEIMIN,1,0,1
LEINBNIZ,1,0,1
LEINDIN,1,0,1
LEINES,1,0,1
LEINICIA,1,0,1
LEINN,1,0,1
LEINYS,1,0,1
LEION,1,0,1
LEIRCY,1,0,1
LEIRE,1,0,1
LEIRI,1,0,1
LEISMANIA,1,0,1
LEISNE,1,0,1
LEISTER,1,0,1
LEISVIA,1,0,1
LEISVIN,1,0,1
LEITA,1,0,1
LEITIX,1,0,1
LEITY,1,0,1
LEITZER,1,0,1
LEIVYS,1,0,1
LEIXANDAR,1,0,1
LEIXLE,1,0,1
LEIYBI,1,0,1
LEIZ,1,0,1
LEJAS,1,0,1
LEJINDA,1,0,1
LEKHI,1,0,1
LELDY,1,0,1
LELES,1,0,1
LELIDONIA,1,0,1
LELITA,1,0,1
LELIYRE,1,0,1
LELLANE,1,0,1
LELLIS,1,0,1
LELLY,1,0,1
LELMA,1,0,1
LELYES,1,0,1
LELYSE,1,0,1
LEMAS,1,0,1
LEMBER,1,0,1
LEMBERT,1,0,1
LEMBORTH,1,0,1
LEMDI,1,0,1
LEME,1,0,1
LEMELIENI,1,0,1
LEMINS,1,0,1
LEMMUEL,1,0,1
LEMNAR,1,0,1
LEMNYS,1,0,1
LEMPIRA EMILIO,1,0,1
LEMSEN,1,0,1
LENADYS,1,0,1
LENAIDA,1,0,1
LENARDUSIS,1,0,1
LENARTH,1,0,1
LENAS,1,0,1
LENAT,1,0,1
LENAYDA,1,0,1
LENDALU,1,0,1
LENDAR,1,0,1
LENDELL,1,0,1
LENDIA,1,0,1
LENDING,1,0,1
LENDITA,1,0,1
LENDIY,1,0,1
LENDOËA,1,0,1
LENEDY,1,0,1
LENEER,1,0,1
LENES,1,0,1
LENEYDE,1,0,1
LENIC,1,0,1
LENICH,1,0,1
LENIER,1,0,1
LENIES,1,0,1
LENIGER,1,0,1
LENILIX,1,0,1
LENIMAN,1,0,1
LENINS,1,0,1
LENIO,1,0,1
LENITA,1,0,1
LENLY,1,0,1
LENMA,1,0,1
LENMAN,1,0,1
LENMIS,1,0,1
LENNAIN,1,0,1
LENNARD,1,0,1
LENNART,1,0,1
LENNELL,1,0,1
LENNET,1,0,1
LENNIA,1,0,1
LENORMANDY,1,0,1
LENOS,1,0,1
LENRRI,1,0,1
LENRRY,1,0,1
LENS,1,0,1
LENSAY,1,0,1
LENSEN,1,0,1
LENSGAR,1,0,1
LENSON,1,0,1
LENVIN,1,0,1
LENYNG,1,0,1
LEOANA,1,0,1
LEOBANA,1,0,1
LEOBANI,1,0,1
LEOBANY,1,0,1
LEOBIGILDA,1,0,1
LEOCADEA,1,0,1
LEOCADITO,1,0,1
LEOCIANA,1,0,1
LEOCIO,1,0,1
LEOCLEDIS,1,0,1
LEOCODIO,1,0,1
LEOCRACIA,1,0,1
LEODALDO,1,0,1
LEODARIA,1,0,1
LEODICE,1,0,1
LEODINAS,1,0,1
LEODINIA,1,0,1
LEODISIA,1,0,1
LEODOLFO,1,0,1
LEOFREDO,1,0,1
LEOGADIA,1,0,1
LEOGILDO,1,0,1
LEOHER,1,0,1
LEOIDA,1,0,1
LEOIS,1,0,1
LEOISA,1,0,1
LEOLADIO,1,0,1
LEOLANDA,1,0,1
LEOLBIN,1,0,1
LEOLEGARIO,1,0,1
LEOLINDA,1,0,1
LEOLVINA,1,0,1
LEOLYNN,1,0,1
LEOMAX,1,0,1
LEOMILDO,1,0,1
LEOMILMER,1,0,1
LEOMINILDA,1,0,1
LEON JENY,1,0,1
LEONAEL,1,0,1
LEONANDINA,1,0,1
LEONARCE,1,0,1
LEONARDINA,1,0,1
LEONARDIRES,1,0,1
LEONARDUSIS,1,0,1
LEONARO,1,0,1
LEONARTIS,1,0,1
LEONBARDO,1,0,1
LEONCIS,1,0,1
LEONCITA,1,0,1
LEONEDEZ,1,0,1
LEONEISA,1,0,1
LEONEL DE JESUS,1,0,1
LEONELCI,1,0,1
LEONELES,1,0,1
LEONELIA,1,0,1
LEONELNEL,1,0,1
LEONELZI,1,0,1
LEONERGE,1,0,1
LEONERY,1,0,1
LEONESIA,1,0,1
LEONEX,1,0,1
LEONHARD,1,0,1
LEONIAS,1,0,1
LEONIC,1,0,1
LEONINA,1,0,1
LEONIR,1,0,1
LEONIRIS,1,0,1
LEONNY,1,0,1
LEONOLFO,1,0,1
LEONOR DE LOS,1,0,1
LEONORE,1,0,1
LEONORIS,1,0,1
LEONSIS,1,0,1
LEONTHER,1,0,1
LEOPA,1,0,1
LEOPALDINA,1,0,1
LEOPALDO,1,0,1
LEOPOLDI,1,0,1
LEOPOLITO,1,0,1
LEORA,1,0,1
LEORELY,1,0,1
LEORGINIA,1,0,1
LEORGIO,1,0,1
LEORMIN,1,0,1
LEORNA,1,0,1
LEORONILDA,1,0,1
LEOSANMARO,1,0,1
LEOSAYLER,1,0,1
LEOSEL,1,0,1
LEOSENDA,1,0,1
LEOSITNE,1,0,1
LEOSMARA,1,0,1
LEOTA,1,0,1
LEOTINA,1,0,1
LEOVADIO,1,0,1
LEOVANNY,1,0,1
LEOVE,1,0,1
LEOVEL,1,0,1
LEOVELINDA,1,0,1
LEOVER,1,0,1
LEOVILDA,1,0,1
LEOVILGIDO,1,0,1
LEOVITH,1,0,1
LEPTNIZ,1,0,1
LEQUENA,1,0,1
LER,1,0,1
LERA,1,0,1
LERBIN,1,0,1
LERBIS,1,0,1
LERBY,1,0,1
LERCI,1,0,1
LERDIN,1,0,1
LERDIS,1,0,1
LERENE,1,0,1
LERGI,1,0,1
LERGUIN,1,0,1
LERIAN,1,0,1
LERIANA,1,0,1
LERIANDO,1,0,1
LERIDES,1,0,1
LERINEO,1,0,1
LERITA,1,0,1
LERIZ,1,0,1
LERLA,1,0,1
LERLI,1,0,1
LERLIR,1,0,1
LERLIX,1,0,1
LERMA,1,0,1
LERMAN,1,0,1
LERMEN,1,0,1
LERMES,1,0,1
LERNEL,1,0,1
LERNI,1,0,1
LERNIS,1,0,1
LERONARDO,1,0,1
LERSITO,1,0,1
LERUDES,1,0,1
LERWIN,1,0,1
LES1Y,1,0,1
LESAM,1,0,1
LESANDRO,1,0,1
LESANIAS,1,0,1
LESBENIA,1,0,1
LESBIANA,1,0,1
LESBIL,1,0,1
LESBIT,1,0,1
LESBY MARGARITA,1,0,1
LESBYS,1,0,1
LESCSMY,1,0,1
LESCUIN,1,0,1
LESDBY,1,0,1
LESDEY,1,0,1
LESDIN,1,0,1
LESDUIN,1,0,1
LESDVIAN,1,0,1
LESDVY,1,0,1
LESDYE,1,0,1
LESGLYN,1,0,1
LESGUYN,1,0,1
LESH,1,0,1
LESHLI,1,0,1
LESHY,1,0,1
LESIA,1,0,1
LESID,1,0,1
LESIDA,1,0,1
LESILY,1,0,1
LESIMA,1,0,1
LESISLEY,1,0,1
LESKA,1,0,1
LESKIE,1,0,1
LESKUIN,1,0,1
LESLEI,1,0,1
LESLHY,1,0,1
LESLIANET,1,0,1
LESLIER,1,0,1
LESLIH,1,0,1
LESLILI,1,0,1
LESLINA,1,0,1
LESLING,1,0,1
LESLYXIOMARA,1,0,1
LESLYYAHAIRA,1,0,1
LESMAM,1,0,1
LESMARE,1,0,1
LESME,1,0,1
LESMENIA,1,0,1
LESMINA,1,0,1
LESMIRA,1,0,1
LESNA,1,0,1
LESNID,1,0,1
LESNITA,1,0,1
LESO,1,0,1
LESONA,1,0,1
LESPIT,1,0,1
LESQUIN,1,0,1
LESSA,1,0,1
LESSBI,1,0,1
LESSBIA,1,0,1
LESSCIA,1,0,1
LESSE,1,0,1
LESSER,1,0,1
LESSIDA,1,0,1
LESSIDIA,1,0,1
LESSIE,1,0,1
LESSTER,1,0,1
LESTAR,1,0,1
LESTBY,1,0,1
LESTELITA,1,0,1
LESTEN,1,0,1
LESTHIN,1,0,1
LESTIE,1,0,1
LESTIR,1,0,1
LESTIS,1,0,1
LESTIY,1,0,1
LESTOR,1,0,1
LESTRAN,1,0,1
LESTVIA,1,0,1
LESTYE,1,0,1
LESTYS,1,0,1
LESVINA,1,0,1
LESVING,1,0,1
LESVIY,1,0,1
LESVYA,1,0,1
LESWALDO,1,0,1
LESWI,1,0,1
LESWING,1,0,1
LESWUIN,1,0,1
LESWYN,1,0,1
LESYBY,1,0,1
LESYLI,1,0,1
LET,1,0,1
LETAIDA,1,0,1
LETAN,1,0,1
LETARISA,1,0,1
LETBI,1,0,1
LETBY,1,0,1
LETCHEP,1,0,1
LETCI,1,0,1
LETCY,1,0,1
LETDIS,1,0,1
LETENCIA,1,0,1
LETERIEL,1,0,1
LETHA,1,0,1
LETHI,1,0,1
LETHIZ,1,0,1
LETHMUEL,1,0,1
LETIA,1,0,1
LETICA,1,0,1
LETICI,1,0,1
LETICIA DOLORES,1,0,1
LETICIAMARLENE,1,0,1
LETIER,1,0,1
LETIL,1,0,1
LETILIA,1,0,1
LETIN,1,0,1
LETINA,1,0,1
LETIZAIDA,1,0,1
LETLY,1,0,1
LETMAN,1,0,1
LETMI,1,0,1
LETNI,1,0,1
LETO,1,0,1
LETONIA,1,0,1
LETONIO,1,0,1
LETRIES,1,0,1
LETSBI,1,0,1
LETSI,1,0,1
LETSVIA,1,0,1
LETTIERI,1,0,1
LETTYS,1,0,1
LETUY,1,0,1
LETVI,1,0,1
LETVIN,1,0,1
LETYN,1,0,1
LETYZ,1,0,1
LETZER,1,0,1
LETZGAR,1,0,1
LETZON,1,0,1
LETZTER,1,0,1
LEUCADIA,1,0,1
LEUCAS,1,0,1
LEUCENIA,1,0,1
LEUCTERIO,1,0,1
LEUDA,1,0,1
LEUDEMIA,1,0,1
LEUDI,1,0,1
LEUDYS,1,0,1
LEUFRIDO,1,0,1
LEUL,1,0,1
LEUNTJE,1,0,1
LEUNYN,1,0,1
LEUPARIA,1,0,1
LEURDES,1,0,1
LEUS,1,0,1
LEUVIN,1,0,1
LEVAS,1,0,1
LEVERBINO,1,0,1
LEVERO,1,0,1
LEVERSA,1,0,1
LEVERTINA,1,0,1
LEVES,1,0,1
LEVETA,1,0,1
LEVIDA,1,0,1
LEVIL,1,0,1
LEVILA,1,0,1
LEVINY,1,0,1
LEVIO,1,0,1
LEVIRING,1,0,1
LEVISEMEDA,1,0,1
LEVISEN,1,0,1
LEVISTAN,1,0,1
LEVIY,1,0,1
LEVIZ,1,0,1
LEVIZA,1,0,1
LEVY ANGELICA,1,0,1
LEVYS,1,0,1
LEWELLYN,1,0,1
LEWESS,1,0,1
LEWEY,1,0,1
LEWEZ,1,0,1
LEWIE,1,0,1
LEWIT,1,0,1
LEWYF,1,0,1
LEXANDAL,1,0,1
LEXANY,1,0,1
LEXBI,1,0,1
LEXBIA,1,0,1
LEXBIN,1,0,1
LEXBIS,1,0,1
LEXCY,1,0,1
LEXDEE,1,0,1
LEXDIA,1,0,1
LEXDIS,1,0,1
LEXEN,1,0,1
LEXES,1,0,1
LEXICA,1,0,1
LEXIER,1,0,1
LEXIL,1,0,1
LEXISY,1,0,1
LEXITO,1,0,1
LEXLIN,1,0,1
LEXLY,1,0,1
LEXLYN,1,0,1
LEXNER,1,0,1
LEXO,1,0,1
LEXS,1,0,1
LEXSA,1,0,1
LEXSI,1,0,1
LEXTOR,1,0,1
LEXVY,1,0,1
LEXZA,1,0,1
LEXZEIDA,1,0,1
LEYA,1,0,1
LEYAN,1,0,1
LEYBE,1,0,1
LEYBER,1,0,1
LEYBIANA,1,0,1
LEYBING,1,0,1
LEYDA DEL,1,0,1
LEYDAN,1,0,1
LEYDAS,1,0,1
LEYDEEN,1,0,1
LEYDES,1,0,1
LEYDEY,1,0,1
LEYDON,1,0,1
LEYDYS,1,0,1
LEYGDA,1,0,1
LEYLA  CAROLINA,1,0,1
LEYLAH,1,0,1
LEYLES,1,0,1
LEYMA,1,0,1
LEYNDA,1,0,1
LEYNIS,1,0,1
LEYNN,1,0,1
LEYRE,1,0,1
LEYRIN,1,0,1
LEYRLIS,1,0,1
LEYRY,1,0,1
LEYS,1,0,1
LEYSDE,1,0,1
LEYSEL,1,0,1
LEYSELA,1,0,1
LEYSER,1,0,1
LEYSITA,1,0,1
LEYSLI,1,0,1
LEYSMIN,1,0,1
LEYSON,1,0,1
LEYTHER,1,0,1
LEYTIN,1,0,1
LEYTTON,1,0,1
LEYVER,1,0,1
LEYVY,1,0,1
LEYZER,1,0,1
LEZANDRINO,1,0,1
LEZDENY,1,0,1
LEZENDER,1,0,1
LEZENIA,1,0,1
LEZICA,1,0,1
LEZMAN,1,0,1
LEZMIN,1,0,1
LEZNA,1,0,1
LEZNI,1,0,1
LEZVY,1,0,1
LEZZY,1,0,1
LHETY,1,0,1
LHIA,1,0,1
LIABIA,1,0,1
LIACENI,1,0,1
LIACIER,1,0,1
LIACINDA,1,0,1
LIADICIA,1,0,1
LIALDA,1,0,1
LIAMARA,1,0,1
LIAMNA,1,0,1
LIANDA,1,0,1
LIANIS,1,0,1
LIANNA,1,0,1
LIANY,1,0,1
LIAQUIN,1,0,1
LIATRICE,1,0,1
LIATRIZ,1,0,1
LIAZAR,1,0,1
LIBANIO,1,0,1
LIBANY,1,0,1
LIBBIE,1,0,1
LIBDA,1,0,1
LIBERCITA,1,0,1
LIBERNARDO,1,0,1
LIBI,1,0,1
LIBIALINA,1,0,1
LIBIANA,1,0,1
LIBIAT,1,0,1
LIBIDNE,1,0,1
LIBINIA,1,0,1
LIBMY,1,0,1
LIBNE,1,0,1
LIBNIA,1,0,1
LIBNIE,1,0,1
LIBORDA,1,0,1
LICACIA,1,0,1
LICANORA,1,0,1
LICARION,1,0,1
LICCETTE,1,0,1
LICCI,1,0,1
LICE¼A,1,0,1
LICELYS,1,0,1
LICEN,1,0,1
LICENCIA,1,0,1
LICENCIADO,1,0,1
LICES,1,0,1
LICHMAN,1,0,1
LICIANO,1,0,1
LICIDES,1,0,1
LICITANA,1,0,1
LICITIMACO,1,0,1
LICITO,1,0,1
LICIZ,1,0,1
LICOCIA,1,0,1
LICSEMA,1,0,1
LICSENIA,1,0,1
LICSI,1,0,1
LICSIA,1,0,1
LICSON,1,0,1
LICSY,1,0,1
LICTIA,1,0,1
LICTONIO,1,0,1
LICXA,1,0,1
LICXEL,1,0,1
LICXI,1,0,1
LICXIA,1,0,1
LICXIANA,1,0,1
LIDAA,1,0,1
LIDAENE,1,0,1
LIDAILIN,1,0,1
LIDAMAR,1,0,1
LIDANIO,1,0,1
LIDAR,1,0,1
LIDAS,1,0,1
LIDBER,1,0,1
LIDBETIS,1,0,1
LIDBIA,1,0,1
LIDBIN,1,0,1
LIDDAMUR,1,0,1
LIDDIA,1,0,1
LIDDY,1,0,1
LIDDYS,1,0,1
LIDEFONSO,1,0,1
LIDELIM,1,0,1
LIDELINA,1,0,1
LIDELIS,1,0,1
LIDELY,1,0,1
LIDENAVEL,1,0,1
LIDENCE,1,0,1
LIDENCIO,1,0,1
LIDENE,1,0,1
LIDENES,1,0,1
LIDENMY,1,0,1
LIDENSE,1,0,1
LIDENYS,1,0,1
LIDESNY,1,0,1
LIDESTINA,1,0,1
LIDGIA,1,0,1
LIDIA  DEL,1,0,1
LIDIA MARGARITA,1,0,1
LIDIA YAJAIRA,1,0,1
LIDIAM,1,0,1
LIDIAMARLENY,1,0,1
LIDIANDINA,1,0,1
LIDIAS,1,0,1
LIDIC,1,0,1
LIDIER,1,0,1
LIDIES,1,0,1
LIDIFONSA,1,0,1
LIDIONAIDA,1,0,1
LIDIONEL,1,0,1
LIDISEEN,1,0,1
LIDISI,1,0,1
LIDIZE,1,0,1
LIDMAN,1,0,1
LIDOBINA,1,0,1
LIDOLVINA,1,0,1
LIDUBI,1,0,1
LIDUFINA,1,0,1
LIDULVINA,1,0,1
LIDUVI,1,0,1
LIDUVICO,1,0,1
LIDUVIDIA,1,0,1
LIDVANIA,1,0,1
LIDYN,1,0,1
LIDYSE,1,0,1
LIE HAN,1,0,1
LIENA,1,0,1
LIENIN,1,0,1
LIENOR,1,0,1
LIER,1,0,1
LIES,1,0,1
LIESELOTTE,1,0,1
LIESIS,1,0,1
LIESL,1,0,1
LIESLIE,1,0,1
LIESSE,1,0,1
LIESSEL,1,0,1
LIESSY,1,0,1
LIEXAME,1,0,1
LIEZY,1,0,1
LIEZZIE,1,0,1
LIFA,1,0,1
LIFEX,1,0,1
LIFK,1,0,1
LIGAR,1,0,1
LIGDAMIS,1,0,1
LIGDIA,1,0,1
LIGDON,1,0,1
LIGEA,1,0,1
LIGHIA,1,0,1
LIGIA  JERUZA,1,0,1
LIGIDA,1,0,1
LIGITH,1,0,1
LIGNI,1,0,1
LIGNIN,1,0,1
LIGTON,1,0,1
LIGUIA,1,0,1
LIGZA,1,0,1
LIIAN,1,0,1
LIJEBA,1,0,1
LIJIAN,1,0,1
LIJIO,1,0,1
LIJTTSA,1,0,1
LIKAR,1,0,1
LIKHI,1,0,1
LIKSA,1,0,1
LIKSGI,1,0,1
LIKTZA,1,0,1
LIKXIA,1,0,1
LIKY,1,0,1
LILAR,1,0,1
LILBIA,1,0,1
LILBIAN,1,0,1
LILEALDO,1,0,1
LILEC,1,0,1
LILELIA,1,0,1
LILEN,1,0,1
LILENI,1,0,1
LILENY,1,0,1
LILIAMM,1,0,1
LILIAN DE JESUS,1,0,1
LILIAN PATRICIA,1,0,1
LILIAN\,1,0,1
LILIANE,1,0,1
LILIANGELA,1,0,1
LILIANM,1,0,1
LILIANNARCISA,1,0,1
LILIANZ,1,0,1
LILIBELIA,1,0,1
LILIBI,1,0,1
LILIEX,1,0,1
LILIHAN,1,0,1
LILIHEX,1,0,1
LILIHOVA,1,0,1
LILIMER,1,0,1
LILIVETTE,1,0,1
LILIZ,1,0,1
LILLE,1,0,1
LILLETTE,1,0,1
LILLIS,1,0,1
LILLIZETH,1,0,1
LILLYAN,1,0,1
LILNE,1,0,1
LILOS,1,0,1
LILTON,1,0,1
LILVE,1,0,1
LILYAM,1,0,1
LILYAMILE,1,0,1
LILYBEL,1,0,1
LILYBET,1,0,1
LILZA,1,0,1
LIM,1,0,1
LIMA ELODIA,1,0,1
LIMBERD,1,0,1
LIMBORG,1,0,1
LIMBORK,1,0,1
LIMBOUR,1,0,1
LIMCOL,1,0,1
LIMDA,1,0,1
LIMELDO,1,0,1
LIMEN,1,0,1
LIMGBER,1,0,1
LIMNA,1,0,1
LIMNE,1,0,1
LIMNEY,1,0,1
LIMPIDA,1,0,1
LINAGRO,1,0,1
LINAL,1,0,1
LINATH,1,0,1
LINAVEL,1,0,1
LINBNI,1,0,1
LINBOR,1,0,1
LINCHOLN,1,0,1
LINCI,1,0,1
LINCOHOL,1,0,1
LINCOLH,1,0,1
LINCOLT,1,0,1
LIND,1,0,1
LINDA   MARIA,1,0,1
LINDA  JANNINA,1,0,1
LINDABET,1,0,1
LINDAGUEI,1,0,1
LINDALIA,1,0,1
LINDAN,1,0,1
LINDAYSI,1,0,1
LINDECSI,1,0,1
LINDEMBERGH,1,0,1
LINDESIS,1,0,1
LINDEX,1,0,1
LINDEYSIS,1,0,1
LINDI,1,0,1
LINDIA,1,0,1
LINDIBE,1,0,1
LINDICIA,1,0,1
LINDIE,1,0,1
LINDIP,1,0,1
LINDIS,1,0,1
LINDLEY,1,0,1
LINDLY,1,0,1
LINDOBERTH,1,0,1
LINDOLDO,1,0,1
LINDOM,1,0,1
LINDR,1,0,1
LINDRES,1,0,1
LINDSY,1,0,1
LINDUCINDA,1,0,1
LINDYLUE,1,0,1
LINE,1,0,1
LINELA,1,0,1
LINER,1,0,1
LINFENG,1,0,1
LINFO,1,0,1
LINGARD,1,0,1
LINGIE,1,0,1
LINGOL,1,0,1
LINGTON,1,0,1
LINGUEY,1,0,1
LINIATO,1,0,1
LINIMAB,1,0,1
LINLOLA,1,0,1
LINLON,1,0,1
LINMAY,1,0,1
LINMCON,1,0,1
LINMI,1,0,1
LINMY,1,0,1
LINNDSAY,1,0,1
LINNER,1,0,1
LINNES,1,0,1
LINNEYJAKELIE,1,0,1
LINNI,1,0,1
LINNING,1,0,1
LINO DE JESUS,1,0,1
LINOZCA,1,0,1
LINSER,1,0,1
LINSEY,1,0,1
LINSI,1,0,1
LINSTON,1,0,1
LINTAN,1,0,1
LINTOL,1,0,1
LINTONG,1,0,1
LINUBIO,1,0,1
LINUDINA,1,0,1
LINVER,1,0,1
LINVERTH,1,0,1
LINZA,1,0,1
LINZIN,1,0,1
LINZZAY,1,0,1
LIO,1,0,1
LIOBIS,1,0,1
LIOCADIO,1,0,1
LIODALDO,1,0,1
LIODEC,1,0,1
LIODIS,1,0,1
LIODY,1,0,1
LIOHENIS,1,0,1
LIOLA,1,0,1
LIOMEDES,1,0,1
LIOMMAN,1,0,1
LIONARD,1,0,1
LIONCON,1,0,1
LIONELO,1,0,1
LIONEYDE,1,0,1
LIONIBAN,1,0,1
LIONISIA,1,0,1
LIONQUI,1,0,1
LIONY,1,0,1
LIONZIO,1,0,1
LIORGI,1,0,1
LIORJA,1,0,1
LIOSER,1,0,1
LIOVIL,1,0,1
LIOVIS,1,0,1
LIOZA,1,0,1
LIPA,1,0,1
LIPCEL,1,0,1
LIPDA,1,0,1
LIPSIS,1,0,1
LIPTOM,1,0,1
LIRAZEMA,1,0,1
LIRENI,1,0,1
LIRENZO,1,0,1
LIRI,1,0,1
LIRICE,1,0,1
LIRNY,1,0,1
LISA   BET,1,0,1
LISAGRA,1,0,1
LISANDRITA,1,0,1
LISANDY,1,0,1
LISANEA,1,0,1
LISANKA,1,0,1
LISANKI,1,0,1
LISARA,1,0,1
LISARELY,1,0,1
LISBEC,1,0,1
LISBEETH,1,0,1
LISBELI,1,0,1
LISBETHY,1,0,1
LISBIS,1,0,1
LISBY,1,0,1
LISBYN,1,0,1
LISCIEN,1,0,1
LISCIS,1,0,1
LISD,1,0,1
LISDA,1,0,1
LISDEMY,1,0,1
LISDIA,1,0,1
LISDIN,1,0,1
LISDOLFO,1,0,1
LISDONIA,1,0,1
LISDY,1,0,1
LISELIS,1,0,1
LISERIA,1,0,1
LISES,1,0,1
LISIAS,1,0,1
LISIDENIA,1,0,1
LISIFREDO,1,0,1
LISLI,1,0,1
LISLIC,1,0,1
LISLIN,1,0,1
LISMARI,1,0,1
LISMER,1,0,1
LISMERSY,1,0,1
LISNET,1,0,1
LISNEY,1,0,1
LISNIA,1,0,1
LISNORA,1,0,1
LISNY,1,0,1
LISOLDA,1,0,1
LISSANDRA,1,0,1
LISSEM,1,0,1
LISSIA,1,0,1
LISSIAN,1,0,1
LISSIAS,1,0,1
LISSYEM,1,0,1
LISTER,1,0,1
LISTIA,1,0,1
LISTNOM,1,0,1
LISTO,1,0,1
LISTORIA,1,0,1
LISVEN,1,0,1
LISYE,1,0,1
LISZT,1,0,1
LITANA,1,0,1
LITBETH,1,0,1
LITBIA,1,0,1
LITDENIA,1,0,1
LITERIA,1,0,1
LITEZA,1,0,1
LITMY,1,0,1
LITNY,1,0,1
LITSSI,1,0,1
LITSY,1,0,1
LITT,1,0,1
LITTZIE,1,0,1
LITVINOV,1,0,1
LITZABE,1,0,1
LITZAI,1,0,1
LITZIA,1,0,1
LITZSA,1,0,1
LITZZA,1,0,1
LIUBINA,1,0,1
LIUBIT,1,0,1
LIUNER,1,0,1
LIUNI,1,0,1
LIUS,1,0,1
LIUSY,1,0,1
LIUVEN,1,0,1
LIUVER,1,0,1
LIUVINA,1,0,1
LIVAIT,1,0,1
LIVANETH,1,0,1
LIVAT,1,0,1
LIVAYNA,1,0,1
LIVE,1,0,1
LIVEL,1,0,1
LIVERMAN,1,0,1
LIVERSITA,1,0,1
LIVIAN,1,0,1
LIVIER,1,0,1
LIVINE,1,0,1
LIVING,1,0,1
LIVINSTON,1,0,1
LIVINY,1,0,1
LIVIVI,1,0,1
LIVIZ,1,0,1
LIVYS,1,0,1
LIW,1,0,1
LIX     SONORIA,1,0,1
LIX DENIA,1,0,1
LIXANDRO,1,0,1
LIXCE,1,0,1
LIXCIA,1,0,1
LIXCIDA,1,0,1
LIXCY,1,0,1
LIXDA,1,0,1
LIXDARIS,1,0,1
LIXDER,1,0,1
LIXDIA,1,0,1
LIXEY,1,0,1
LIXSSY,1,0,1
LIXTZA,1,0,1
LIXVE,1,0,1
LIYBIA,1,0,1
LIZAETH,1,0,1
LIZAMARA,1,0,1
LIZANA,1,0,1
LIZANCA,1,0,1
LIZANDO,1,0,1
LIZANGUI,1,0,1
LIZANIAS,1,0,1
LIZANORO,1,0,1
LIZARDY,1,0,1
LIZAVETTA,1,0,1
LIZBEH,1,0,1
LIZBELLY,1,0,1
LIZBER,1,0,1
LIZBETTE,1,0,1
LIZDAMUR,1,0,1
LIZDENIA,1,0,1
LIZEETE,1,0,1
LIZEIDI,1,0,1
LIZENKI,1,0,1
LIZER,1,0,1
LIZETD,1,0,1
LIZETH ARACELLY,1,0,1
LIZEX,1,0,1
LIZIDE,1,0,1
LIZIEN,1,0,1
LIZIMACO,1,0,1
LIZKA,1,0,1
LIZMERCI,1,0,1
LIZNETH,1,0,1
LIZNYS,1,0,1
LIZT,1,0,1
LIZZEN,1,0,1
LIZZENIA,1,0,1
LIZZIDA,1,0,1
LIZZIEN,1,0,1
LIZZYE,1,0,1
LLACENIA,1,0,1
LLAGLIS,1,0,1
LLAHAIRA,1,0,1
LLALENIS,1,0,1
LLAMELY,1,0,1
LLAMINA,1,0,1
LLAMIX,1,0,1
LLANA,1,0,1
LLANCI,1,0,1
LLANCIS,1,0,1
LLANELIN,1,0,1
LLANEO,1,0,1
LLANERIS,1,0,1
LLANEYDA,1,0,1
LLANI,1,0,1
LLARCENIA,1,0,1
LLARMIN,1,0,1
LLASINDA,1,0,1
LLASIREC,1,0,1
LLAVER,1,0,1
LLBYD,1,0,1
LLECENY,1,0,1
LLELSOMINA,1,0,1
LLELVIN,1,0,1
LLELY,1,0,1
LLENDIS,1,0,1
LLENICIA,1,0,1
LLENIDA,1,0,1
LLENIS,1,0,1
LLENNY,1,0,1
LLERALDO,1,0,1
LLERAS,1,0,1
LLERIN,1,0,1
LLERINK,1,0,1
LLERMO,1,0,1
LLESIKA,1,0,1
LLESMAN,1,0,1
LLESMI,1,0,1
LLEVIN,1,0,1
LLEYME,1,0,1
LLEYMI,1,0,1
LLHUNYS,1,0,1
LLIBIA,1,0,1
LLICENIA,1,0,1
LLIESY,1,0,1
LLILALE,1,0,1
LLIMYS,1,0,1
LLINA,1,0,1
LLINIZ,1,0,1
LLIROEY,1,0,1
LLISELA,1,0,1
LLITTY,1,0,1
LLOCONDA,1,0,1
LLOLMIN,1,0,1
LLONIRIA,1,0,1
LLORGIN,1,0,1
LLORLEN,1,0,1
LLOROSLABO,1,0,1
LLORSI,1,0,1
LLOSI,1,0,1
LLOVIJILDO,1,0,1
LLOYDE,1,0,1
LLOZOY,1,0,1
LLUBER,1,0,1
LLUBITZA,1,0,1
LLUDES,1,0,1
LLUDION,1,0,1
LLUDIS,1,0,1
LLUNIOR,1,0,1
LLUNIS,1,0,1
LLUNY,1,0,1
LLURIE,1,0,1
LLURLIN,1,0,1
LLURY,1,0,1
LLUVIN,1,0,1
LLUVINIA,1,0,1
LO,1,0,1
LOÑRUHAMA,1,0,1
LOADER,1,0,1
LOADY,1,0,1
LOAMNI,1,0,1
LOANITA,1,0,1
LOANNYS,1,0,1
LOANYS,1,0,1
LOATANES,1,0,1
LOBELIO,1,0,1
LOBETA,1,0,1
LOBITA,1,0,1
LOBNER,1,0,1
LOBNI,1,0,1
LOBNY,1,0,1
LOCENTA,1,0,1
LOCIDA,1,0,1
LODEBERIA,1,0,1
LODIGARIO,1,0,1
LODIN,1,0,1
LODRE,1,0,1
LODUEN,1,0,1
LODWIN,1,0,1
LODYS,1,0,1
LOE,1,0,1
LOELA,1,0,1
LOEMYS,1,0,1
LOENDA,1,0,1
LOENIDAS,1,0,1
LOENY,1,0,1
LOENYS,1,0,1
LOERNZO,1,0,1
LOES,1,0,1
LOESBELYN,1,0,1
LOEY,1,0,1
LOEYDIZ,1,0,1
LOGA,1,0,1
LOGILDO,1,0,1
LOGIMA,1,0,1
LOGON,1,0,1
LOHANNA,1,0,1
LOHECTOR,1,0,1
LOHONNY,1,0,1
LOIDY,1,0,1
LOIE,1,0,1
LOIES,1,0,1
LOILA,1,0,1
LOISITA,1,0,1
LOISY,1,0,1
LOJANA,1,0,1
LOLABANA,1,0,1
LOLANA,1,0,1
LOLANDA,1,0,1
LOLEËA,1,0,1
LOLIAN,1,0,1
LOLISABEL,1,0,1
LOLIVETH,1,0,1
LOLO,1,0,1
LOLYN,1,0,1
LOLYS,1,0,1
LOMBER,1,0,1
LOMBERTO,1,0,1
LOMIS,1,0,1
LOMISINDA,1,0,1
LONALDO,1,0,1
LONARDI,1,0,1
LONCE,1,0,1
LONCINA,1,0,1
LONDAS,1,0,1
LONDEL,1,0,1
LONDES,1,0,1
LONDEZ,1,0,1
LONDRIN,1,0,1
LONDY,1,0,1
LONGANS,1,0,1
LONGER,1,0,1
LONGINOS,1,0,1
LONGSWARD,1,0,1
LONGSWORTH,1,0,1
LONIE,1,0,1
LONIRBIA,1,0,1
LONIT,1,0,1
LONIX,1,0,1
LONJINA,1,0,1
LONNIE,1,0,1
LONSDAIL,1,0,1
LONVARDO,1,0,1
LONZO,1,0,1
LOODWING,1,0,1
LOOL,1,0,1
LOOR,1,0,1
LOORBIN,1,0,1
LOOREYNN,1,0,1
LOOWING,1,0,1
LOOYDA,1,0,1
LOPER,1,0,1
LOPERTA,1,0,1
LOPEZLESLY,1,0,1
LORA,1,0,1
LORAIDO,1,0,1
LORALE,1,0,1
LORAND,1,0,1
LORASITA,1,0,1
LORBY,1,0,1
LORDA,1,0,1
LORE,1,0,1
LOREA,1,0,1
LORELEID,1,0,1
LORELLIE,1,0,1
LORENA CRUZ,1,0,1
LORENA ENDRA,1,0,1
LORENEILIS,1,0,1
LORENIZ,1,0,1
LORENTINO,1,0,1
LORENZETHY,1,0,1
LORERENZA,1,0,1
LORESLY,1,0,1
LORESSLY,1,0,1
LORESSY,1,0,1
LOREST,1,0,1
LORESTA,1,0,1
LORETTE,1,0,1
LORETTI,1,0,1
LOREZNO,1,0,1
LORGINA,1,0,1
LORGINIO,1,0,1
LORGUIS,1,0,1
LORIANE,1,0,1
LORIANN,1,0,1
LORICELA,1,0,1
LORIDALIA,1,0,1
LORIETTA,1,0,1
LORIMEY,1,0,1
LORING,1,0,1
LORIO,1,0,1
LORISMENIA,1,0,1
LORITINA,1,0,1
LORLEEN,1,0,1
LORLI,1,0,1
LORLIE,1,0,1
LORLINS,1,0,1
LORLY,1,0,1
LORMA,1,0,1
LORNIA,1,0,1
LORNISS,1,0,1
LORNITH,1,0,1
LORNYN,1,0,1
LORREL,1,0,1
LORRENE,1,0,1
LORSTON,1,0,1
LORVIS,1,0,1
LORVON,1,0,1
LOSANO,1,0,1
LOSBIA,1,0,1
LOSIANA,1,0,1
LOSINA,1,0,1
LOSNER,1,0,1
LOSVIN,1,0,1
LOSVINIA,1,0,1
LOTAN,1,0,1
LOTERA,1,0,1
LOTERIA,1,0,1
LOTERIO,1,0,1
LOTH,1,0,1
LOTHAR,1,0,1
LOTHERIA,1,0,1
LOTHY,1,0,1
LOTIE,1,0,1
LOTINIA,1,0,1
LOTTIE,1,0,1
LOTTIMAY,1,0,1
LOTY,1,0,1
LOUBLY,1,0,1
LOUDIN,1,0,1
LOUDIS,1,0,1
LOUDWIN,1,0,1
LOUGINA,1,0,1
LOUISIAN,1,0,1
LOURBEN,1,0,1
LOURBIS,1,0,1
LOURBY,1,0,1
LOURBYH,1,0,1
LOURBYN,1,0,1
LOURDEES,1,0,1
LOURDES M,1,0,1
LOURDIN,1,0,1
LOURNIN,1,0,1
LOURVING,1,0,1
LOUWIS,1,0,1
LOVANE,1,0,1
LOVEDES,1,0,1
LOVEINE,1,0,1
LOVEJOY,1,0,1
LOVELIE,1,0,1
LOVELOCK,1,0,1
LOVEN,1,0,1
LOVERO,1,0,1
LOVIËA,1,0,1
LOVIE,1,0,1
LOVINDA,1,0,1
LOWEL,1,0,1
LOWELT,1,0,1
LOWISE,1,0,1
LOWLEE,1,0,1
LOWOS,1,0,1
LOWUEL,1,0,1
LOWYN,1,0,1
LOXSAN,1,0,1
LOYBI,1,0,1
LOYDI,1,0,1
LOYLA,1,0,1
LOYVE,1,0,1
LOZANTE,1,0,1
LUA,1,0,1
LUALY,1,0,1
LUANI,1,0,1
LUBALDA,1,0,1
LUBELEN,1,0,1
LUBENA,1,0,1
LUBERTINA,1,0,1
LUBI-A,1,0,1
LUBIATH,1,0,1
LUBIC,1,0,1
LUBICIA,1,0,1
LUBILA,1,0,1
LUBILDA,1,0,1
LUBIO,1,0,1
LUBIX,1,0,1
LUBIZ,1,0,1
LUBOURTH,1,0,1
LUBXIS,1,0,1
LUBYN,1,0,1
LUCA,1,0,1
LUCARDO,1,0,1
LUCAS ALVARO,1,0,1
LUCAZ,1,0,1
LUCCIA,1,0,1
LUCCIS,1,0,1
LUCDELY,1,0,1
LUCELDA,1,0,1
LUCELIA,1,0,1
LUCELIS,1,0,1
LUCHA,1,0,1
LUCHO,1,0,1
LUCIA CAROLINA,1,0,1
LUCIA DE,1,0,1
LUCIA DE JESUS,1,0,1
LUCIA JANETH,1,0,1
LUCIA SECUNDINA,1,0,1
LUCIDADIA,1,0,1
LUCIDEMA,1,0,1
LUCIDENA,1,0,1
LUCIDINA,1,0,1
LUCIENNE,1,0,1
LUCIER,1,0,1
LUCIERNA,1,0,1
LUCIFATIMA,1,0,1
LUCIL,1,0,1
LUCILDENIA,1,0,1
LUCILDO,1,0,1
LUCILINA,1,0,1
LUCILIO,1,0,1
LUCILITA,1,0,1
LUCIMAR,1,0,1
LUCINELDA,1,0,1
LUCINGERTINA,1,0,1
LUCIRENIA,1,0,1
LUCIRI,1,0,1
LUCISS,1,0,1
LUCIT,1,0,1
LUCIZ,1,0,1
LUCKEIE,1,0,1
LUCKEY,1,0,1
LUCOHED,1,0,1
LUCOLA,1,0,1
LUCRESCIA,1,0,1
LUCRETINA,1,0,1
LUCSY,1,0,1
LUCTMILA,1,0,1
LUCXDIS,1,0,1
LUCXY,1,0,1
LUCY   DALIA,1,0,1
LUCYA,1,0,1
LUCYBEL,1,0,1
LUCYIDANIA,1,0,1
LUCYL,1,0,1
LUCYS,1,0,1
LUDAN,1,0,1
LUDARAN,1,0,1
LUDDIN,1,0,1
LUDDMILA,1,0,1
LUDE,1,0,1
LUDEAN,1,0,1
LUDEMY,1,0,1
LUDENDOSP,1,0,1
LUDERCIO,1,0,1
LUDEVENE,1,0,1
LUDEVINE,1,0,1
LUDGERIA,1,0,1
LUDGUIG,1,0,1
LUDICA,1,0,1
LUDIMIRA,1,0,1
LUDINI,1,0,1
LUDISH,1,0,1
LUDIY,1,0,1
LUDLOW,1,0,1
LUDMILAIDA,1,0,1
LUDMIN,1,0,1
LUDUMINIA,1,0,1
LUDVINE,1,0,1
LUDVY,1,0,1
LUDWINQ,1,0,1
LUDWUIN,1,0,1
LUDYWENE,1,0,1
LUEDIAN,1,0,1
LUEDIVINE,1,0,1
LUELIN,1,0,1
LUELL,1,0,1
LUEN,1,0,1
LUENS,1,0,1
LUESILL,1,0,1
LUEVISA,1,0,1
LUFFY,1,0,1
LUFI,1,0,1
LUFID,1,0,1
LUFIT,1,0,1
LUGA,1,0,1
LUGAN,1,0,1
LUGEN,1,0,1
LUGENIA,1,0,1
LUGERIA,1,0,1
LUGH,1,0,1
LUGRECIA,1,0,1
LUGWIN,1,0,1
LUGY,1,0,1
LUHANA,1,0,1
LUI8S,1,0,1
LUICA,1,0,1
LUIDA,1,0,1
LUIDI,1,0,1
LUIDY,1,0,1
LUIGGI,1,0,1
LUIGYI,1,0,1
LUIISA,1,0,1
LUILLIN,1,0,1
LUINCIA,1,0,1
LUIQUIS,1,0,1
LUIS  DE  JESUS,1,0,1
LUIS CARLOS C,1,0,1
LUIS ESTUARDO,1,0,1
LUIS FERNANDO,1,0,1
LUIS GUILLERMO,1,0,1
LUIS HIU,1,0,1
LUISA CRISTINA,1,0,1
LUISA MARIA,1,0,1
LUIS,1,0,1
LUISAIDA,1,0,1
LUISALEXANDER,1,0,1
LUISANDRO,1,0,1
LUISIANA,1,0,1
LUISIDALIA,1,0,1
LUISIRMA,1,0,1
LUISLEN,1,0,1
LUISLI,1,0,1
LUISMAN,1,0,1
LUISMER,1,0,1
LUISNSO,1,0,1
LUISOMAR,1,0,1
LUISYI,1,0,1
LUIT,1,0,1
LUIWI,1,0,1
LUIYIN,1,0,1
LUJANÑCARLOS,1,0,1
LUJANIA,1,0,1
LUJUAN,1,0,1
LUKIN,1,0,1
LUKY,1,0,1
LUL,1,0,1
LULAVELL,1,0,1
LULBIN,1,0,1
LULDES,1,0,1
LULE,1,0,1
LULITA,1,0,1
LULVEN,1,0,1
LULVIA,1,0,1
LUMBER,1,0,1
LUMBI,1,0,1
LUMBID,1,0,1
LUMICINDA,1,0,1
LUMINADA,1,0,1
LUMVI,1,0,1
LUNAR,1,0,1
LUNDRE,1,0,1
LUNDY,1,0,1
LUNETT,1,0,1
LUNICE,1,0,1
LUNICIA,1,0,1
LUNSIO,1,0,1
LUOBIN,1,0,1
LUPAN,1,0,1
LUPANA,1,0,1
LUPANIA,1,0,1
LUPARCA,1,0,1
LUPE  MARIA,1,0,1
LUPELINA,1,0,1
LUPERIA,1,0,1
LUPERSIO,1,0,1
LUPERTO,1,0,1
LUPIANA,1,0,1
LUPIANO,1,0,1
LUPIDIO,1,0,1
LUPINIA,1,0,1
LUPITO,1,0,1
LUPNA,1,0,1
LUPORCO,1,0,1
LUPUARIO,1,0,1
LUQUI,1,0,1
LURBE,1,0,1
LURBEY,1,0,1
LURBINA,1,0,1
LURBYS,1,0,1
LURCIA,1,0,1
LURDEL,1,0,1
LURDELI,1,0,1
LURDIA,1,0,1
LUREMA,1,0,1
LUREN,1,0,1
LURENZO,1,0,1
LURFENCIO,1,0,1
LURI,1,0,1
LURINARDA,1,0,1
LURLEEN,1,0,1
LURLYN,1,0,1
LURMINA,1,0,1
LURNES,1,0,1
LURNY,1,0,1
LURSA,1,0,1
LURVIM,1,0,1
LURVIZ,1,0,1
LURVY,1,0,1
LURVYNG,1,0,1
LURWI,1,0,1
LURWIS,1,0,1
LURYN,1,0,1
LUS MARIA,1,0,1
LUSANO,1,0,1
LUSARDO,1,0,1
LUSBA,1,0,1
LUSBELIA,1,0,1
LUSBIR,1,0,1
LUSBY,1,0,1
LUSBYN,1,0,1
LUSCI,1,0,1
LUSCILA,1,0,1
LUSCINIA,1,0,1
LUSDINA,1,0,1
LUSDIS,1,0,1
LUSECITA,1,0,1
LUSELMA,1,0,1
LUSGARDO,1,0,1
LUSGUIN,1,0,1
LUSIBELINDA,1,0,1
LUSIBEX,1,0,1
LUSINDO,1,0,1
LUSLE,1,0,1
LUSMA,1,0,1
LUSMERI,1,0,1
LUSMERY,1,0,1
LUSNI,1,0,1
LUSNY,1,0,1
LUSPIRIO,1,0,1
LUSSETTE,1,0,1
LUSSI,1,0,1
LUSTINIA,1,0,1
LUSVENIA,1,0,1
LUSVINDA,1,0,1
LUSVINIA,1,0,1
LUSWE,1,0,1
LUSWING,1,0,1
LUSZI,1,0,1
LUTA,1,0,1
LUTCARDA,1,0,1
LUTHCY,1,0,1
LUTHEN,1,0,1
LUTHERN,1,0,1
LUTHFFY,1,0,1
LUTVIN,1,0,1
LUTZELAR,1,0,1
LUVA,1,0,1
LUVENIA,1,0,1
LUVENTINA,1,0,1
LUVES,1,0,1
LUVIANCA,1,0,1
LUVIDIA,1,0,1
LUVILDA,1,0,1
LUVINO,1,0,1
LUVYN,1,0,1
LUVYS,1,0,1
LUWICITO,1,0,1
LUX      ESTELA,1,0,1
LUXCELI,1,0,1
LUXCELINA,1,0,1
LUXCINDA,1,0,1
LUXCY,1,0,1
LUXDIS,1,0,1
LUXELINA,1,0,1
LUXELING,1,0,1
LUXES,1,0,1
LUXIDALIA,1,0,1
LUXIDARIA,1,0,1
LUXITA,1,0,1
LUXVICK,1,0,1
LUXVIN,1,0,1
LUY,1,0,1
LUYBIN,1,0,1
LUYMIDA,1,0,1
LUZ  MERY,1,0,1
LUZ ARMIDA,1,0,1
LUZ GARDO,1,0,1
LUZ MERIA,1,0,1
LUZ PATRICIA,1,0,1
LUZAN,1,0,1
LUZBILA,1,0,1
LUZDI,1,0,1
LUZELIA,1,0,1
LUZEMA,1,0,1
LUZENA,1,0,1
LUZGARDI,1,0,1
LUZGI,1,0,1
LUZIAN,1,0,1
LUZIBEL,1,0,1
LUZIL,1,0,1
LUZLI,1,0,1
LUZMAN,1,0,1
LUZMANIA,1,0,1
LUZMARI,1,0,1
LUZMELA,1,0,1
LUZMIN,1,0,1
LUZMIR,1,0,1
LUZMIRE,1,0,1
LUZNI,1,0,1
LUZNIA,1,0,1
LUZTINA,1,0,1
LUZVIN,1,0,1
LUZVINDA,1,0,1
LUZVYN,1,0,1
LUZWUIN,1,0,1
LUZZIE,1,0,1
LYBI,1,0,1
LYBIA,1,0,1
LYDE,1,0,1
LYDEE,1,0,1
LYDIAN,1,0,1
LYDIS,1,0,1
LYDISE,1,0,1
LYDISSE,1,0,1
LYDUVINA,1,0,1
LYLLIAM,1,0,1
LYLYAN,1,0,1
LYNAM,1,0,1
LYNCOLN,1,0,1
LYNDAGAIL,1,0,1
LYNDALY,1,0,1
LYNET,1,0,1
LYNLEY,1,0,1
LYNNE,1,0,1
LYNNET,1,0,1
LYNSIE,1,0,1
LYNZER,1,0,1
LYONY,1,0,1
LYPSI,1,0,1
LYRIAN,1,0,1
LYSIA,1,0,1
LYVE,1,0,1
LYVI,1,0,1
LYVIS,1,0,1
LYZZIE,1,0,1
M.EMERITA,1,0,1
MA      LILIAN,1,0,1
MA      LINA,1,0,1
MA     DE,1,0,1
MA    ROSA,1,0,1
MA    SANTOS,1,0,1
MA   AMPARO,1,0,1
MA   CLEMENTINA,1,0,1
MA   DOLORES,1,0,1
MA   ELSA,1,0,1
MA   FRANCA,1,0,1
MA   LUISA,1,0,1
MA   PAZ,1,0,1
MA  ABDON,1,0,1
MA  BENIGNA,1,0,1
MA  CARLA,1,0,1
MA  DE LA CRUZ,1,0,1
MA  DOLORES,1,0,1
MA  FELICIANA,1,0,1
MA  FRANCISCA,1,0,1
MA  GLORIA,1,0,1
MA  GUADALUPE,1,0,1
MA  HECTOR,1,0,1
MA  HERIBERTA,1,0,1
MA  JESUS,1,0,1
MA  MERCEDES,1,0,1
MA  ROSA,1,0,1
MA  TERESA,1,0,1
MA ADELINA,1,0,1
MA BALSAMINA,1,0,1
MA BUENAVENTURA,1,0,1
MA CANDELARIA,1,0,1
MA CARMEN,1,0,1
MA CESILIA,1,0,1
MA CONSUELO,1,0,1
MA CRISANTA,1,0,1
MA CRUZ,1,0,1
MA DE,1,0,1
MA DE LA LUZ,1,0,1
MA DE LA PAZ,1,0,1
MA DE LOS,1,0,1
MA DEISI,1,0,1
MA DEL,1,0,1
MA DEL ROSARIO,1,0,1
MA DELMIN,1,0,1
MA DOLORES,1,0,1
MA DORIS,1,0,1
MA ELVA,1,0,1
MA ERCITA,1,0,1
MA ESTELA,1,0,1
MA ESTRELLITA,1,0,1
MA EUSTAQUIA,1,0,1
MA FATIMA,1,0,1
MA FELICIANA,1,0,1
MA FELIX,1,0,1
MA FIDELINA,1,0,1
MA FRANCISCA,1,0,1
MA GRACIELA,1,0,1
MA GUADALUPE,1,0,1
MA GUMERCINDA,1,0,1
MA ILDA,1,0,1
MA IRMA,1,0,1
MA ISABEL,1,0,1
MA ISABEL DE LA,1,0,1
MA JOVITA,1,0,1
MA JUDITH,1,0,1
MA KARLA,1,0,1
MA LEOCADIA,1,0,1
MA LILIAM,1,0,1
MA LORENZA,1,0,1
MA MARCOS,1,0,1
MA MARIANA,1,0,1
MA MARIBEL,1,0,1
MA NORBERTA,1,0,1
MA NORMA,1,0,1
MA PEDRINA,1,0,1
MA SATURNINA,1,0,1
MA SOFIA,1,0,1
MA TEODORA,1,0,1
MA TEOFILA,1,0,1
MA TERESA,1,0,1
MA TERESITA,1,0,1
MA VICRORIA,1,0,1
MA VICTOR,1,0,1
MA WENDY,1,0,1
MA WUENDI,1,0,1
MA ZONIA,1,0,1
MA.    CALIXTA,1,0,1
MA.    DOLORES,1,0,1
MA.    ELSA,1,0,1
MA.    EUGENIA,1,0,1
MA.    GLORIA,1,0,1
MA.    JESUS,1,0,1
MA.    LUISA,1,0,1
MA.   CANDIDA,1,0,1
MA.   CLORA,1,0,1
MA.   ELVA,1,0,1
MA.   IDALIA,1,0,1
MA.   LUCIA,1,0,1
MA.   MERCEDES,1,0,1
MA.   ROSALIA,1,0,1
MA.   SANTOS,1,0,1
MA.  ANITA,1,0,1
MA.  ANTONIA,1,0,1
MA.  BLANCA,1,0,1
MA.  ESPERANZA,1,0,1
MA.  GUADALUPE,1,0,1
MA.  ISABEL,1,0,1
MA.  ORALIA,1,0,1
MA. ALBA,1,0,1
MA. ALBINA,1,0,1
MA. ALEJANDRA,1,0,1
MA. ALICIDA,1,0,1
MA. AMALIA,1,0,1
MA. ANASTACIA,1,0,1
MA. ANGEL,1,0,1
MA. ANGELINA,1,0,1
MA. ANTONIA,1,0,1
MA. ARCADIA,1,0,1
MA. ASENCION,1,0,1
MA. BONIFACIA,1,0,1
MA. BRUNA,1,0,1
MA. CARMEN,1,0,1
MA. CATALINA,1,0,1
MA. CLETA,1,0,1
MA. CONSUELO,1,0,1
MA. CRUZ,1,0,1
MA. DE,1,0,1
MA. DE LA CRUZ,1,0,1
MA. DEL,1,0,1
MA. DELFINA,1,0,1
MA. DELMY,1,0,1
MA. EDIS,1,0,1
MA. ELADIA,1,0,1
MA. ELENA,1,0,1
MA. EMMA,1,0,1
MA. ENEMECIA,1,0,1
MA. ENGRACIA,1,0,1
MA. ERESMINDA,1,0,1
MA. ESTELA,1,0,1
MA. FELIPA,1,0,1
MA. GLADIZ,1,0,1
MA. GLADYS,1,0,1
MA. IVONE,1,0,1
MA. JAIDY,1,0,1
MA. JESUS,1,0,1
MA. JULIA,1,0,1
MA. MAGDALENA,1,0,1
MA. MARCOS,1,0,1
MA. MARGARITA,1,0,1
MA. MARILU,1,0,1
MA. MAURA,1,0,1
MA. MERCEDES,1,0,1
MA. NICOLASA,1,0,1
MA. OLIBIA,1,0,1
MA. ORTENCIA,1,0,1
MA. PRUDENCIA,1,0,1
MA. REINA,1,0,1
MA. ROSA,1,0,1
MA. SANTIAGO,1,0,1
MA. VICTORIA,1,0,1
MA. VISITACION,1,0,1
MA.ABDONA,1,0,1
MA.ADALUS,1,0,1
MA.ADELFA,1,0,1
MA.ADELINA,1,0,1
MA.ADELOISA,1,0,1
MA.AIDA,1,0,1
MA.ALEJANDRA,1,0,1
MA.ALFONZA,1,0,1
MA.ALICIA,1,0,1
MA.ALTAGRACIA,1,0,1
MA.ALVA,1,0,1
MA.AMALIA,1,0,1
MA.AMANDA,1,0,1
MA.AMILA,1,0,1
MA.ANASTACIA,1,0,1
MA.ANGELICA,1,0,1
MA.ANITA,1,0,1
MA.ARCADIA,1,0,1
MA.ARGELIA,1,0,1
MA.ARSENIA,1,0,1
MA.ASCENCION,1,0,1
MA.AZUCENA,1,0,1
MA.BEATRIZ,1,0,1
MA.BERNARDINA,1,0,1
MA.BERNAVE,1,0,1
MA.BLAS,1,0,1
MA.BRIGIDA,1,0,1
MA.CARMINDA,1,0,1
MA.CASTULA,1,0,1
MA.CATALINA,1,0,1
MA.CEFERINA,1,0,1
MA.CELESTINA,1,0,1
MA.CELIA,1,0,1
MA.CLEMENCIA,1,0,1
MA.CORINA,1,0,1
MA.DANIEL,1,0,1
MA.DE LA CRUZ,1,0,1
MA.DE LA PAZ,1,0,1
MA.DELCI,1,0,1
MA.DILCIA,1,0,1
MA.DIONICIA,1,0,1
MA.EDENIA,1,0,1
MA.EDUVIGES,1,0,1
MA.EFIGENIA,1,0,1
MA.ELADIA,1,0,1
MA.ELIBENIA,1,0,1
MA.ELMA,1,0,1
MA.ELOISA,1,0,1
MA.ELSA,1,0,1
MA.ELVA,1,0,1
MA.ELVIRA,1,0,1
MA.EMELDA,1,0,1
MA.EMILIA,1,0,1
MA.EMILIANA,1,0,1
MA.ENECON,1,0,1
MA.ENMA,1,0,1
MA.ERCILIA,1,0,1
MA.ERLINDA,1,0,1
MA.ERMINIA,1,0,1
MA.ERNESTINA,1,0,1
MA.ERODES,1,0,1
MA.ESTEBAN,1,0,1
MA.ESTELA,1,0,1
MA.ESTEVANA,1,0,1
MA.ESTRELLA,1,0,1
MA.EUFEMIA,1,0,1
MA.EUGENIA,1,0,1
MA.EULALIA,1,0,1
MA.EUSTAQUIA,1,0,1
MA.EVAN,1,0,1
MA.FATIMA,1,0,1
MA.FAUSTINA,1,0,1
MA.FELICIANA,1,0,1
MA.FELIPA,1,0,1
MA.GIL,1,0,1
MA.GLADYS,1,0,1
MA.GREGORIA,1,0,1
MA.GUMERCINDA,1,0,1
MA.HERMINIA,1,0,1
MA.HONORIA,1,0,1
MA.IDALIA,1,0,1
MA.IGNACIA,1,0,1
MA.INOCENTE,1,0,1
MA.JOAQUINA,1,0,1
MA.JOSEFA,1,0,1
MA.JOVA,1,0,1
MA.JUBENTINA,1,0,1
MA.JULIANA,1,0,1
MA.JUSTINA,1,0,1
MA.LAURA,1,0,1
MA.LEONORA,1,0,1
MA.LORENA,1,0,1
MA.LORENZA,1,0,1
MA.MARIBEL,1,0,1
MA.MARLEN,1,0,1
MA.MARLY,1,0,1
MA.MARTHA,1,0,1
MA.MARTIR,1,0,1
MA.MATIAS,1,0,1
MA.MAURA,1,0,1
MA.MELECIA,1,0,1
MA.MELIDA,1,0,1
MA.MILAGRO,1,0,1
MA.MIRIAM,1,0,1
MA.MIRIAN,1,0,1
MA.MIRNA,1,0,1
MA.MIRTALA,1,0,1
MA.MONICA,1,0,1
MA.NARCISA,1,0,1
MA.NESTOR,1,0,1
MA.NICOMEDES,1,0,1
MA.NOEMI,1,0,1
MA.NOLVIA,1,0,1
MA.NORIS,1,0,1
MA.OLGA,1,0,1
MA.ONORIA,1,0,1
MA.ORALIA,1,0,1
MA.ORFILIA,1,0,1
MA.OTILIA,1,0,1
MA.PERSEBERALDA,1,0,1
MA.PERSEBERANDA,1,0,1
MA.PILAR,1,0,1
MA.PURIFICACION,1,0,1
MA.RAMONA,1,0,1
MA.RAQUEL,1,0,1
MA.REINARDA,1,0,1
MA.RICARDA,1,0,1
MA.RITA,1,0,1
MA.ROMAN,1,0,1
MA.ROMELIA,1,0,1
MA.ROMILIA,1,0,1
MA.ROSALIA,1,0,1
MA.ROSENDA,1,0,1
MA.ROSINDA,1,0,1
MA.RUMILDA,1,0,1
MA.RUMILIA,1,0,1
MA.RUTH,1,0,1
MA.SABAS,1,0,1
MA.SALVADORA,1,0,1
MA.SANTANA,1,0,1
MA.SARAI,1,0,1
MA.SERAPIA,1,0,1
MA.SERVELIA,1,0,1
MA.SILVIA,1,0,1
MA.SOLEDAD,1,0,1
MA.SUSANA,1,0,1
MA.TEODOCIA,1,0,1
MA.TEODORA,1,0,1
MA.TESLA,1,0,1
MA.TIMOTEA,1,0,1
MA.UBERCINDA,1,0,1
MA.URSULA,1,0,1
MA.VENTURA,1,0,1
MA.VILA,1,0,1
MA.VILMA,1,0,1
MA.VIRGINIA,1,0,1
MA.VISITACION,1,0,1
MA.YOLANDA,1,0,1
MAËO,1,0,1
MA¼RIA,1,0,1
MAANGELA,1,0,1
MAARICIO,1,0,1
MAARLON,1,0,1
MAARTEN,1,0,1
MABBEL,1,0,1
MABELIX,1,0,1
MABELKEU,1,0,1
MABELLA,1,0,1
MABERTH,1,0,1
MABES,1,0,1
MABIE,1,0,1
MABILI,1,0,1
MABILY,1,0,1
MABIO,1,0,1
MABLYN,1,0,1
MABRIN,1,0,1
MACAIN,1,0,1
MACARHTON,1,0,1
MACC,1,0,1
MACCOS,1,0,1
MACDALINA,1,0,1
MACDANIEL,1,0,1
MACDENI,1,0,1
MACDI,1,0,1
MACDONIA,1,0,1
MACEDONEO,1,0,1
MACEL,1,0,1
MACHENITA,1,0,1
MACIA,1,0,1
MACIAL,1,0,1
MACILA,1,0,1
MACIMA,1,0,1
MACIS,1,0,1
MACK FIELD,1,0,1
MACKARTIS,1,0,1
MACKENSE,1,0,1
MACKIAVELO,1,0,1
MACKLARY,1,0,1
MACKSWEL,1,0,1
MACLI HECTOR,1,0,1
MACLINA,1,0,1
MACLINDA,1,0,1
MACLOGENIA,1,0,1
MACOS,1,0,1
MACRE,1,0,1
MACRINES,1,0,1
MACSEDO,1,0,1
MACSERIO,1,0,1
MACUVEN,1,0,1
MACWELIZO,1,0,1
MACXIMINA,1,0,1
MACXIMO,1,0,1
MADAENIS,1,0,1
MADAIS,1,0,1
MADALEINY,1,0,1
MADALILA,1,0,1
MADALIT,1,0,1
MADAME,1,0,1
MADAMI,1,0,1
MADANIS,1,0,1
MADANYULINE,1,0,1
MADARDA,1,0,1
MADBEL,1,0,1
MADDONA,1,0,1
MADDY,1,0,1
MADE,1,0,1
MADEIN,1,0,1
MADELAIDA,1,0,1
MADELAINA,1,0,1
MADELEIN,1,0,1
MADELEY,1,0,1
MADELFA,1,0,1
MADELING,1,0,1
MADELLINE,1,0,1
MADELMA,1,0,1
MADEO,1,0,1
MADEOLID,1,0,1
MADEQUISMO,1,0,1
MADESEN,1,0,1
MADESTO,1,0,1
MADGELLE,1,0,1
MADHYA,1,0,1
MADIALINA,1,0,1
MADIE,1,0,1
MADIHAM,1,0,1
MADILANI,1,0,1
MADINO,1,0,1
MADIOLINA,1,0,1
MADIORY,1,0,1
MADISIN,1,0,1
MADISSON,1,0,1
MADLEEN,1,0,1
MADLON,1,0,1
MADOVIA,1,0,1
MADRA,1,0,1
MADRE,1,0,1
MADREL,1,0,1
MADRENITA,1,0,1
MADRESELVA,1,0,1
MADRIA,1,0,1
MADRIDJOSE,1,0,1
MADRILINA,1,0,1
MADSBIN,1,0,1
MADSVIN,1,0,1
MADUIR,1,0,1
MADVIN,1,0,1
MADWEL,1,0,1
MADWYN,1,0,1
MADYERA,1,0,1
MADYS,1,0,1
MADYURI,1,0,1
MAELIZ,1,0,1
MAELLS,1,0,1
MAENA,1,0,1
MAERLIN,1,0,1
MAESLY,1,0,1
MAESPERANZA,1,0,1
MAEYDEE,1,0,1
MAFI,1,0,1
MAFOLDINA,1,0,1
MAFREN,1,0,1
MAGBYS,1,0,1
MAGDA CLEOTILDE,1,0,1
MAGDADENIS,1,0,1
MAGDALANA,1,0,1
MAGDALEËA,1,0,1
MAGDALENA DEL,1,0,1
MAGDALENYS,1,0,1
MAGDALIEL,1,0,1
MAGDALY DEL,1,0,1
MAGDELEINE,1,0,1
MAGDELISA,1,0,1
MAGDEN,1,0,1
MAGDHA,1,0,1
MAGDIGLA,1,0,1
MAGDIN,1,0,1
MAGDIS,1,0,1
MAGDOLIA,1,0,1
MAGDONALD,1,0,1
MAGDONIA,1,0,1
MAGDUVINA,1,0,1
MAGEE,1,0,1
MAGFIS,1,0,1
MAGGLIO,1,0,1
MAGHY,1,0,1
MAGI,1,0,1
MAGIE,1,0,1
MAGINIMA,1,0,1
MAGINTINE,1,0,1
MAGLE,1,0,1
MAGLEBI,1,0,1
MAGLIMORE,1,0,1
MAGLIS,1,0,1
MAGLO,1,0,1
MAGMA,1,0,1
MAGNANI,1,0,1
MAGNELINA,1,0,1
MAGNELYN,1,0,1
MAGNIER,1,0,1
MAGNIS,1,0,1
MAGNITA,1,0,1
MAGNON,1,0,1
MAGRETH,1,0,1
MAGRETT,1,0,1
MAGRIS,1,0,1
MAGRITH,1,0,1
MAGUALI,1,0,1
MAGUE,1,0,1
MAGUIS,1,0,1
MAGVIO,1,0,1
MAGVIS,1,0,1
MAGYONIN,1,0,1
MAGYORY,1,0,1
MAHA,1,0,1
MAHADEO,1,0,1
MAHARTA,1,0,1
MAHATMAN,1,0,1
MAHENA,1,0,1
MAHENDA,1,0,1
MAHIKI,1,0,1
MAHILA,1,0,1
MAHILDO,1,0,1
MAHINOR,1,0,1
MAHIRING,1,0,1
MAHIRO,1,0,1
MAHMUD,1,0,1
MAHRA,1,0,1
MAHRIN,1,0,1
MAHTAB,1,0,1
MAHUGDA,1,0,1
MAHUM,1,0,1
MAHYNN,1,0,1
MAHYNOR,1,0,1
MAIALDA,1,0,1
MAIBE,1,0,1
MAIBECK,1,0,1
MAIBEL,1,0,1
MAIBENY,1,0,1
MAIBEY,1,0,1
MAICELEO,1,0,1
MAICHA,1,0,1
MAICON,1,0,1
MAIDES,1,0,1
MAIDI,1,0,1
MAIDIA,1,0,1
MAIDON,1,0,1
MAIDRAN,1,0,1
MAIELSA,1,0,1
MAIGRA,1,0,1
MAIGRON,1,0,1
MAIKE,1,0,1
MAIKEE,1,0,1
MAIKSEN,1,0,1
MAILDE,1,0,1
MAILEE,1,0,1
MAILENE,1,0,1
MAILENYS,1,0,1
MAILER,1,0,1
MAILOM,1,0,1
MAILON,1,0,1
MAILOT,1,0,1
MAILYM,1,0,1
MAINAL,1,0,1
MAINARDO,1,0,1
MAINEL,1,0,1
MAINESIA,1,0,1
MAINIA,1,0,1
MAINKA,1,0,1
MAINON,1,0,1
MAIO,1,0,1
MAIPRI,1,0,1
MAIQUEL,1,0,1
MAIRA LUZ,1,0,1
MAIRA VIRJINIA,1,0,1
MAIRI,1,0,1
MAIRIDELIA,1,0,1
MAIRIO,1,0,1
MAIRLE,1,0,1
MAIRLENE,1,0,1
MAIRLON,1,0,1
MAIRNOR,1,0,1
MAIRPIS,1,0,1
MAIRSELPI,1,0,1
MAIRY,1,0,1
MAISA,1,0,1
MAISON,1,0,1
MAISY,1,0,1
MAITEDER,1,0,1
MAITENA,1,0,1
MAIVE,1,0,1
MAIXE,1,0,1
MAIXSA,1,0,1
MAIYURY,1,0,1
MAIZA,1,0,1
MAJ LIS,1,0,1
MAJAHEL,1,0,1
MAJENCIO,1,0,1
MAJET,1,0,1
MAJID,1,0,1
MAJLI,1,0,1
MAJLY,1,0,1
MAKENLEY,1,0,1
MAKENLY,1,0,1
MAKIE,1,0,1
MAKLYN,1,0,1
MAKO,1,0,1
MAKSERI,1,0,1
MAKY,1,0,1
MALAGUIAS,1,0,1
MALAKE,1,0,1
MALAKI,1,0,1
MALALIEY,1,0,1
MALAN,1,0,1
MALARGUIA,1,0,1
MALBA,1,0,1
MALBEL,1,0,1
MALBEN,1,0,1
MALBERTA,1,0,1
MALBERTO,1,0,1
MALCIO,1,0,1
MALCOFA,1,0,1
MALCOFINIA,1,0,1
MALCOHLM,1,0,1
MALCOHN,1,0,1
MALCOL,1,0,1
MALCONH,1,0,1
MALCONI,1,0,1
MALCONL,1,0,1
MALCOTH,1,0,1
MALDI,1,0,1
MALDINA,1,0,1
MALDO,1,0,1
MALDOMEO,1,0,1
MALDONADOFREDY,1,0,1
MALDONELI,1,0,1
MALEPA,1,0,1
MALESIA,1,0,1
MALFALDINA,1,0,1
MALFORI,1,0,1
MALFRET,1,0,1
MALGLENIZES,1,0,1
MALGOC,1,0,1
MALGOLFA,1,0,1
MALHCON,1,0,1
MALHI,1,0,1
MALIAN,1,0,1
MALIAS,1,0,1
MALICIA,1,0,1
MALILU,1,0,1
MALIN,1,0,1
MALINCIN,1,0,1
MALINCYN,1,0,1
MALINSE,1,0,1
MALIX,1,0,1
MALIXA,1,0,1
MALIZ,1,0,1
MALIZA,1,0,1
MALJIK,1,0,1
MALKUS,1,0,1
MALLBEL,1,0,1
MALLITA,1,0,1
MALMERTO,1,0,1
MALQUESIDET,1,0,1
MALQUIADEZ,1,0,1
MALQUIS,1,0,1
MALQUISUA,1,0,1
MALTHA,1,0,1
MALUYN,1,0,1
MALVELISA,1,0,1
MALVER,1,0,1
MALVI,1,0,1
MALVIL,1,0,1
MALYS,1,0,1
MALYURI,1,0,1
MALYXIN,1,0,1
MALZON,1,0,1
MAMACITA,1,0,1
MAMARIA,1,0,1
MAMEL,1,0,1
MAMERDOSA,1,0,1
MAMFRED,1,0,1
MAMFRI,1,0,1
MAMORIA,1,0,1
MAMRRE,1,0,1
MAMSELY,1,0,1
MAMY,1,0,1
MANACY,1,0,1
MANAL,1,0,1
MANASEN,1,0,1
MANBIN,1,0,1
MANCALINA,1,0,1
MANCE,1,0,1
MANCELBA,1,0,1
MANCELMA,1,0,1
MANCENARIO,1,0,1
MANCES,1,0,1
MANCI,1,0,1
MANCIANA,1,0,1
MANCIO,1,0,1
MANCITO,1,0,1
MANDALI,1,0,1
MANDERS,1,0,1
MANDOR,1,0,1
MANDRIS,1,0,1
MANE,1,0,1
MANELBA,1,0,1
MANESTERO,1,0,1
MANEX,1,0,1
MANEYDY,1,0,1
MANFORD,1,0,1
MANFREN,1,0,1
MANFRIN,1,0,1
MANGALI,1,0,1
MANGFFRET,1,0,1
MANGLE,1,0,1
MANGNY,1,0,1
MANGY,1,0,1
MANIA,1,0,1
MANIC,1,0,1
MANICERO,1,0,1
MANICIA,1,0,1
MANID,1,0,1
MANIL,1,0,1
MANILIA,1,0,1
MANINIA,1,0,1
MANIO,1,0,1
MANISION,1,0,1
MANIST,1,0,1
MANISTER,1,0,1
MANISTERO,1,0,1
MANIT,1,0,1
MANITO,1,0,1
MANLION,1,0,1
MANLYN,1,0,1
MANNALES,1,0,1
MANNIN,1,0,1
MANNODA,1,0,1
MANNY,1,0,1
MANOA,1,0,1
MANOLIA,1,0,1
MANRRIQUER,1,0,1
MANSALY,1,0,1
MANSELY,1,0,1
MANSSIEL,1,0,1
MANTA,1,0,1
MANTIN,1,0,1
MANTIONA,1,0,1
MANTIR,1,0,1
MANTUA,1,0,1
MANU,1,0,1
MANUEL  DE,1,0,1
MANUEL ANGEL,1,0,1
MANUEL GREGORIO,1,0,1
MANUELA DE,1,0,1
MANUELL,1,0,1
MANUELUEL,1,0,1
MANXIMINO,1,0,1
MANZANARES,1,0,1
MANZZIO,1,0,1
MAO,1,0,1
MAOLACIA,1,0,1
MAPALDA,1,0,1
MAPHIZ,1,0,1
MAPITA,1,0,1
MAPOLEON,1,0,1
MAQUELA,1,0,1
MAQUENLEY,1,0,1
MAQUENLY,1,0,1
MAQUI,1,0,1
MAQUILITA,1,0,1
MARËIA,1,0,1
MARAA,1,0,1
MARABELE,1,0,1
MARAGRITA,1,0,1
MARAH,1,0,1
MARAHA,1,0,1
MARAJIXEL,1,0,1
MARALENA,1,0,1
MARALES,1,0,1
MARALI,1,0,1
MARALILY,1,0,1
MARASELY,1,0,1
MARATH,1,0,1
MARAY,1,0,1
MARBBEL,1,0,1
MARBEIN,1,0,1
MARBELYS,1,0,1
MARBERTH,1,0,1
MARBETHE,1,0,1
MARBIC,1,0,1
MARBIEN,1,0,1
MARBIO,1,0,1
MARBLIN,1,0,1
MARBOL,1,0,1
MARBYY,1,0,1
MARCCI,1,0,1
MARCCO,1,0,1
MARCE,1,0,1
MARCEDELIA,1,0,1
MARCEDIO,1,0,1
MARCELE,1,0,1
MARCELEANA,1,0,1
MARCELEDONIA,1,0,1
MARCELIE,1,0,1
MARCELIMA,1,0,1
MARCELIN,1,0,1
MARCELIO,1,0,1
MARCELITA,1,0,1
MARCELOA,1,0,1
MARCENI,1,0,1
MARCHAL,1,0,1
MARCHARE,1,0,1
MARCHER,1,0,1
MARCIA DE LA,1,0,1
MARCIA LEE,1,0,1
MARCIAS,1,0,1
MARCIEDTH,1,0,1
MARCIELIT,1,0,1
MARCILE,1,0,1
MARCILIA,1,0,1
MARCILIANO,1,0,1
MARCILINO,1,0,1
MARCINA,1,0,1
MARCIOALEXIS,1,0,1
MARCIR,1,0,1
MARCITA,1,0,1
MARCIX,1,0,1
MARCKO,1,0,1
MARCKSON,1,0,1
MARCO ARNULFO,1,0,1
MARCO RAIMUNDO,1,0,1
MARCOBIO,1,0,1
MARCOLFIA,1,0,1
MARCONDE,1,0,1
MARCOO,1,0,1
MARCOSTULIO,1,0,1
MARCOVIA,1,0,1
MARCUIN,1,0,1
MARDARIE,1,0,1
MARDELIA,1,0,1
MARDELINA,1,0,1
MARDIL,1,0,1
MARDINLISES,1,0,1
MARDIR,1,0,1
MARDIURY,1,0,1
MARDOCEO,1,0,1
MARDOKO,1,0,1
MARDOMEO,1,0,1
MARDONY,1,0,1
MARDOQUE,1,0,1
MARDOVA,1,0,1
MARDULY,1,0,1
MARECLINO,1,0,1
MAREIRA,1,0,1
MARELEEN,1,0,1
MARELEN,1,0,1
MARELENA,1,0,1
MARELENIS,1,0,1
MARELFA,1,0,1
MARELHIN,1,0,1
MARELINO,1,0,1
MARELVA,1,0,1
MARENCIANO,1,0,1
MARENETH,1,0,1
MARES,1,0,1
MARESLIN,1,0,1
MARESTILA,1,0,1
MARETT,1,0,1
MAREYNA,1,0,1
MAREYSIS,1,0,1
MARFANI,1,0,1
MARFI,1,0,1
MARGAN,1,0,1
MARGANE,1,0,1
MARGARA,1,0,1
MARGARITA DEL,1,0,1
MARGARITTA,1,0,1
MARGARTIO,1,0,1
MARGEA,1,0,1
MARGEËA,1,0,1
MARGENTINA,1,0,1
MARGER,1,0,1
MARGERIE,1,0,1
MARGERYS,1,0,1
MARGET,1,0,1
MARGGIE,1,0,1
MARGINEC,1,0,1
MARGIORIO,1,0,1
MARGIS,1,0,1
MARGLENDIS,1,0,1
MARGLENI,1,0,1
MARGLIN,1,0,1
MARGLIS,1,0,1
MARGOHTIA,1,0,1
MARGOLINDA,1,0,1
MARGONE,1,0,1
MARGORE,1,0,1
MARGORETH,1,0,1
MARGRITH,1,0,1
MARGRY,1,0,1
MARGUI,1,0,1
MARGUIRI,1,0,1
MARGY,1,0,1
MARGYE,1,0,1
MARHIN,1,0,1
MARHITZA,1,0,1
MARHLY,1,0,1
MARHVEL,1,0,1
MARHYORI,1,0,1
MARI   ZULEMA,1,0,1
MARIA      DEL,1,0,1
MARIA     ANA,1,0,1
MARIA    LIDIA,1,0,1
MARIA    ROSA,1,0,1
MARIA    SANDRA,1,0,1
MARIA    TERESA,1,0,1
MARIA   BLANCA,1,0,1
MARIA   DE  LOS,1,0,1
MARIA   DE LOS,1,0,1
MARIA   ESTELA,1,0,1
MARIA   EVELIN,1,0,1
MARIA   JULIANA,1,0,1
MARIA   LUISA,1,0,1
MARIA   NARCISA,1,0,1
MARIA   OBDULIA,1,0,1
MARIA   ROSA,1,0,1
MARIA   SOLEDAD,1,0,1
MARIA  .ALICIA,1,0,1
MARIA  AFELIS,1,0,1
MARIA  AGUEDA,1,0,1
MARIA  AMANDA,1,0,1
MARIA  AMERIA,1,0,1
MARIA  AMPARO,1,0,1
MARIA  ANGELICA,1,0,1
MARIA  ARAMINTA,1,0,1
MARIA  AUGUSTA,1,0,1
MARIA  AZUCENA,1,0,1
MARIA  BEETI,1,0,1
MARIA  BLASINA,1,0,1
MARIA  CRUZ,1,0,1
MARIA  DE   LOS,1,0,1
MARIA  DE  LOS,1,0,1
MARIA  DE LA,1,0,1
MARIA  DELFIA,1,0,1
MARIA  DELIA,1,0,1
MARIA  DOLORES,1,0,1
MARIA  DOMINGA,1,0,1
MARIA  DORIS,1,0,1
MARIA  ELEIDA,1,0,1
MARIA  ELOINA,1,0,1
MARIA  ENGRACIA,1,0,1
MARIA  ERCILIA,1,0,1
MARIA  ERNESTIN,1,0,1
MARIA  ESMILDA,1,0,1
MARIA  ESTELA,1,0,1
MARIA  EUSEBIA,1,0,1
MARIA  GERARDA,1,0,1
MARIA  GRACIELA,1,0,1
MARIA  IGNACIA,1,0,1
MARIA  INOCENTE,1,0,1
MARIA  IRENE,1,0,1
MARIA  IRMA,1,0,1
MARIA  JOSEFINA,1,0,1
MARIA  LUCILA,1,0,1
MARIA  MARCIA,1,0,1
MARIA  MARIANA,1,0,1
MARIA  MARIELA,1,0,1
MARIA  MARTA,1,0,1
MARIA  MATILDE,1,0,1
MARIA  MILDRED,1,0,1
MARIA  MIRIAN,1,0,1
MARIA  MIRNA,1,0,1
MARIA  NCOLASA,1,0,1
MARIA  NORMA,1,0,1
MARIA  OLIMPIA,1,0,1
MARIA  ORISTILA,1,0,1
MARIA  REYES,1,0,1
MARIA  ROSA,1,0,1
MARIA  SIMONA,1,0,1
MARIA  TRINIDAD,1,0,1
MARIA  VERONICA,1,0,1
MARIA  VILMA,1,0,1
MARIA  VITALINA,1,0,1
MARIA  ZOILA,1,0,1
MARIA A,1,0,1
MARIA ADELAIDA,1,0,1
MARIA ADELINA,1,0,1
MARIA AMALIA,1,0,1
MARIA AMBROCIA,1,0,1
MARIA AMELIA,1,0,1
MARIA ANDREA,1,0,1
MARIA ANITA,1,0,1
MARIA ANTIA,1,0,1
MARIA ANTIPAS,1,0,1
MARIA ANUNSIACI,1,0,1
MARIA ASENCION,1,0,1
MARIA ATANASIA,1,0,1
MARIA AZUCENA,1,0,1
MARIA BEATRIS,1,0,1
MARIA BENANCIA,1,0,1
MARIA BETULIA,1,0,1
MARIA BONIFACIA,1,0,1
MARIA BRIGIDA,1,0,1
MARIA C,1,0,1
MARIA CARIDAD,1,0,1
MARIA CARMELINA,1,0,1
MARIA CARMEN,1,0,1
MARIA CECILIA,1,0,1
MARIA CELESTINA,1,0,1
MARIA CENAIDA,1,0,1
MARIA CLARA,1,0,1
MARIA CLAUDIA,1,0,1
MARIA CLETA,1,0,1
MARIA CONSTANTI,1,0,1
MARIA CORINA,1,0,1
MARIA CORNELIA,1,0,1
MARIA CORONADA,1,0,1
MARIA COSME,1,0,1
MARIA CRESENCIA,1,0,1
MARIA DE  JESUS,1,0,1
MARIA DE CRUZ,1,0,1
MARIA DE LA FE,1,0,1
MARIA DE LA PAS,1,0,1
MARIA DE LAS,1,0,1
MARIA DE LOS SA,1,0,1
MARIA DE LUZ,1,0,1
MARIA DEL C,1,0,1
MARIA DEL EDIS,1,0,1
MARIA DELCY,1,0,1
MARIA DELFA,1,0,1
MARIA DELIA,1,0,1
MARIA DILCIA,1,0,1
MARIA DINORA,1,0,1
MARIA DOMINGA,1,0,1
MARIA DORA,1,0,1
MARIA DORILA,1,0,1
MARIA EDICTA,1,0,1
MARIA EDITH,1,0,1
MARIA EDUVIJES,1,0,1
MARIA EFELINA,1,0,1
MARIA ELIA,1,0,1
MARIA ELIDA,1,0,1
MARIA ELUVINA,1,0,1
MARIA ENEDICTA,1,0,1
MARIA ENEMESIA,1,0,1
MARIA ENMACULAD,1,0,1
MARIA ENRIQUETA,1,0,1
MARIA ERCILIA,1,0,1
MARIA ERIZ,1,0,1
MARIA ERMELINDA,1,0,1
MARIA ERMINDA,1,0,1
MARIA ESTANISLA,1,0,1
MARIA EUSEBIA,1,0,1
MARIA EVANGELIS,1,0,1
MARIA EVANGGELI,1,0,1
MARIA EXEQUIEL,1,0,1
MARIA FABIANA,1,0,1
MARIA FAUSTA,1,0,1
MARIA FAUSTINA,1,0,1
MARIA FELICIA,1,0,1
MARIA FELICIANA,1,0,1
MARIA FELICIDAD,1,0,1
MARIA FIDELIA,1,0,1
MARIA GAVINA,1,0,1
MARIA GERARDA,1,0,1
MARIA GERARDINA,1,0,1
MARIA GERENALDA,1,0,1
MARIA GERTRUDIS,1,0,1
MARIA GIOCONDA,1,0,1
MARIA GLENDA,1,0,1
MARIA H,1,0,1
MARIA HAIDE,1,0,1
MARIA HELENA A,1,0,1
MARIA HERCILIA,1,0,1
MARIA HERLINDA,1,0,1
MARIA HERMINIA,1,0,1
MARIA HILARIA,1,0,1
MARIA HORTENCIA,1,0,1
MARIA IDALVIA,1,0,1
MARIA INOCENCIA,1,0,1
MARIA IVANIA,1,0,1
MARIA JACINTA,1,0,1
MARIA JENNY,1,0,1
MARIA JERONIMA,1,0,1
MARIA JOHANNIA,1,0,1
MARIA JUAN,1,0,1
MARIA JUSTINA,1,0,1
MARIA KARLA,1,0,1
MARIA LASTENIA,1,0,1
MARIA LEILA,1,0,1
MARIA LEOCADIA,1,0,1
MARIA LEONIDA,1,0,1
MARIA LETICIA,1,0,1
MARIA LORENA,1,0,1
MARIA LORETA,1,0,1
MARIA LUCIANA,1,0,1
MARIA LUCINDA,1,0,1
MARIA LUDI,1,0,1
MARIA MALAQUIAS,1,0,1
MARIA MARCIA,1,0,1
MARIA MARIANA,1,0,1
MARIA MARICELA,1,0,1
MARIA MARILU,1,0,1
MARIA MARTINA,1,0,1
MARIA MATEO,1,0,1
MARIA MAXIMINA,1,0,1
MARIA MAYURE,1,0,1
MARIA MELANIA,1,0,1
MARIA MELISSA,1,0,1
MARIA MELVA,1,0,1
MARIA MICAELA,1,0,1
MARIA MIGUELINA,1,0,1
MARIA MODESTA,1,0,1
MARIA NASARIA,1,0,1
MARIA NICOLASA,1,0,1
MARIA NILA,1,0,1
MARIA NILIA,1,0,1
MARIA NORMA,1,0,1
MARIA OBDULIA,1,0,1
MARIA OCTAVIANA,1,0,1
MARIA ODILIA,1,0,1
MARIA OFELIA,1,0,1
MARIA OLFANIA,1,0,1
MARIA OLGA,1,0,1
MARIA ONEIDA,1,0,1
MARIA ONEYDA,1,0,1
MARIA OQUILINA,1,0,1
MARIA ORGINA,1,0,1
MARIA PAULINA,1,0,1
MARIA PETRONILA,1,0,1
MARIA POLICARPA,1,0,1
MARIA PRIMITIVA,1,0,1
MARIA PULQUERIA,1,0,1
MARIA QUINTINA,1,0,1
MARIA RAFOLS,1,0,1
MARIA ROMELIA,1,0,1
MARIA SALVADORA,1,0,1
MARIA SANTA,1,0,1
MARIA SANTISIMA,1,0,1
MARIA SELVA,1,0,1
MARIA SENAIDA,1,0,1
MARIA SENOVIA,1,0,1
MARIA SERAPIA,1,0,1
MARIA SERGIA,1,0,1
MARIA SILVIA,1,0,1
MARIA SIMEONA,1,0,1
MARIA TEODOSIA,1,0,1
MARIA TERESITA,1,0,1
MARIA TIMOTEA,1,0,1
MARIA TOMASA,1,0,1
MARIA TORIBIA,1,0,1
MARIA TRANCITO,1,0,1
MARIA VALERIA,1,0,1
MARIA VERONICA,1,0,1
MARIA ZOILA,1,0,1
MARIAARIA,1,0,1
MARIACA,1,0,1
MARIACITA,1,0,1
MARIACRISTINA,1,0,1
MARIACRUZ,1,0,1
MARIADE,1,0,1
MARIADELCARMEN,1,0,1
MARIAE,1,0,1
MARIAELENA,1,0,1
MARIAES,1,0,1
MARIAESTELA,1,0,1
MARIAEVA,1,0,1
MARIAHILDA,1,0,1
MARIAIA,1,0,1
MARIAL,1,0,1
MARIALBA,1,0,1
MARIALBERTINA,1,0,1
MARIALEN,1,0,1
MARIALI,1,0,1
MARIALIA,1,0,1
MARIALIC,1,0,1
MARIALIZ,1,0,1
MARIAMALIA,1,0,1
MARIANA DE,1,0,1
MARIANA PATRICI,1,0,1
MARIANAN,1,0,1
MARIANELL,1,0,1
MARIANELVIS,1,0,1
MARIANETTE,1,0,1
MARIANGELA,1,0,1
MARIANILA,1,0,1
MARIANITO,1,0,1
MARIANN,1,0,1
MARIANNE,1,0,1
MARIANO DE J,1,0,1
MARIANO DE JESU,1,0,1
MARIANTONIA,1,0,1
MARIAQ,1,0,1
MARIARES,1,0,1
MARIARO,1,0,1
MARIAS,1,0,1
MARIASITA,1,0,1
MARIATELMA,1,0,1
MARIAVICTORIA,1,0,1
MARIBEIDA,1,0,1
MARIBELINDA,1,0,1
MARIBEY,1,0,1
MARIBIANETH,1,0,1
MARIBIT,1,0,1
MARICARMEN,1,0,1
MARICELIE,1,0,1
MARICELIO,1,0,1
MARICILA,1,0,1
MARICILDA,1,0,1
MARICLES,1,0,1
MARIDANI,1,0,1
MARIDELL,1,0,1
MARIDELVA,1,0,1
MARIDELY,1,0,1
MARIDI,1,0,1
MARIDIANA,1,0,1
MARIDIL,1,0,1
MARIDILIA,1,0,1
MARIED,1,0,1
MARIEEN,1,0,1
MARIELCHERYL,1,0,1
MARIERA,1,0,1
MARIEYA,1,0,1
MARIGUELIA,1,0,1
MARIGULA,1,0,1
MARIH,1,0,1
MARIHT,1,0,1
MARIIA,1,0,1
MARIITA,1,0,1
MARIIZZA,1,0,1
MARIJOSSE,1,0,1
MARILEDA,1,0,1
MARILESSA,1,0,1
MARILEXIS,1,0,1
MARILIKY,1,0,1
MARILINM,1,0,1
MARILISA,1,0,1
MARILLYN,1,0,1
MARILUCINA,1,0,1
MARILUISA,1,0,1
MARILURDES,1,0,1
MARILURI,1,0,1
MARILUSY,1,0,1
MARILUTS,1,0,1
MARILUZTH,1,0,1
MARILYNA,1,0,1
MARILYNE,1,0,1
MARILYNN,1,0,1
MARIMEL,1,0,1
MARIMELBA,1,0,1
MARIMELI,1,0,1
MARIMELVA,1,0,1
MARINA  ISABEL,1,0,1
MARINANA,1,0,1
MARINAVEL,1,0,1
MARINCIA,1,0,1
MARINDORA,1,0,1
MARINELBI,1,0,1
MARINELIS,1,0,1
MARINELVIN,1,0,1
MARINGLAD,1,0,1
MARINIAN,1,0,1
MARINILA,1,0,1
MARIO   CESAR,1,0,1
MARIO ALBERTO,1,0,1
MARIO GERARDO,1,0,1
MARIO TARQUINO,1,0,1
MARIOM,1,0,1
MARIONIL,1,0,1
MARIOS,1,0,1
MARIPOSA,1,0,1
MARIQUITACIA,1,0,1
MARIRROSA,1,0,1
MARIS DE JESUS,1,0,1
MARISALVA,1,0,1
MARISAVEL,1,0,1
MARISBELA,1,0,1
MARISCAL,1,0,1
MARISCE,1,0,1
MARISCO,1,0,1
MARISE¼A,1,0,1
MARISELE,1,0,1
MARISELIS,1,0,1
MARISELO,1,0,1
MARISENDA,1,0,1
MARISENY,1,0,1
MARISIDERI,1,0,1
MARISOLA,1,0,1
MARISOLDA,1,0,1
MARISSI,1,0,1
MARIST,1,0,1
MARISTELIN,1,0,1
MARISTELMA,1,0,1
MARISUE,1,0,1
MARISZABEL,1,0,1
MARITASA,1,0,1
MARITEY,1,0,1
MARITHE,1,0,1
MARITHS,1,0,1
MARITHZ,1,0,1
MARITIZ,1,0,1
MARITLNZA,1,0,1
MARITSE,1,0,1
MARITSELA,1,0,1
MARITSOLINA,1,0,1
MARITZABELL,1,0,1
MARITZANA,1,0,1
MARITZANI,1,0,1
MARITZOLINA,1,0,1
MARIUL,1,0,1
MARIUSA,1,0,1
MARIVIA,1,0,1
MARIXAHEL,1,0,1
MARIXELIA,1,0,1
MARIXIZA,1,0,1
MARIXOLANDA,1,0,1
MARIXS,1,0,1
MARIXSOL,1,0,1
MARIXSSA,1,0,1
MARIXY,1,0,1
MARIXZABEL,1,0,1
MARIXZY,1,0,1
MARIYITA,1,0,1
MARIZAHT,1,0,1
MARIZAT,1,0,1
MARIZCELIA,1,0,1
MARIZXA,1,0,1
MARJAN,1,0,1
MARJEAN,1,0,1
MARJIE,1,0,1
MARJINA,1,0,1
MARJIORIE,1,0,1
MARJOLYN,1,0,1
MARJORIE JHOANA,1,0,1
MARJORIEL,1,0,1
MARJORRY,1,0,1
MARJURETH,1,0,1
MARJURI,1,0,1
MARKIN,1,0,1
MARKIS,1,0,1
MARKLIN,1,0,1
MARKNOL,1,0,1
MARKO,1,0,1
MARKS,1,0,1
MARKUS,1,0,1
MARKZELLA,1,0,1
MARLAIN,1,0,1
MARLEAN,1,0,1
MARLEGNIS,1,0,1
MARLEHEN,1,0,1
MARLEL,1,0,1
MARLEMS,1,0,1
MARLEN IONIANN,1,0,1
MARLEN JEANNETH,1,0,1
MARLENCE,1,0,1
MARLENCIA,1,0,1
MARLENE  DEL,1,0,1
MARLENHI,1,0,1
MARLENI DEL,1,0,1
MARLENIG,1,0,1
MARLENNI,1,0,1
MARLENU,1,0,1
MARLENY DE,1,0,1
MARLENYE,1,0,1
MARLETA,1,0,1
MARLEUN,1,0,1
MARLEVI,1,0,1
MARLEYDI,1,0,1
MARLEYN,1,0,1
MARLHIN,1,0,1
MARLHON,1,0,1
MARLILIAN,1,0,1
MARLIN DE JESUS,1,0,1
MARLINYS,1,0,1
MARLIYM,1,0,1
MARLIYN,1,0,1
MARLLENES,1,0,1
MARLLLLYN,1,0,1
MARLLONY,1,0,1
MARLLORE,1,0,1
MARLLUDIS,1,0,1
MARLONA,1,0,1
MARLONDANILO,1,0,1
MARLONI,1,0,1
MARLONM,1,0,1
MARLONS,1,0,1
MARLOTA,1,0,1
MARLOWN,1,0,1
MARLU,1,0,1
MARLUN,1,0,1
MARLUSY,1,0,1
MARLYA,1,0,1
MARLYC,1,0,1
MARLYIN,1,0,1
MARLYN  ONDINA,1,0,1
MARLYNS,1,0,1
MARLYS,1,0,1
MARMANDUQUE,1,0,1
MARMEL,1,0,1
MARMITA,1,0,1
MARNIEN,1,0,1
MARNIES,1,0,1
MARNIS,1,0,1
MARNITA,1,0,1
MARNO,1,0,1
MARNOLINA,1,0,1
MARNUE,1,0,1
MARNUEL,1,0,1
MAROBELINA,1,0,1
MAROELINA,1,0,1
MAROL,1,0,1
MAROLA,1,0,1
MAROLEOSAN,1,0,1
MAROLINA,1,0,1
MAROLYN,1,0,1
MAROPIA,1,0,1
MARPLIN,1,0,1
MARQUER,1,0,1
MARQUIDIA,1,0,1
MARQUIHÑO,1,0,1
MARQUIM,1,0,1
MARQUIR,1,0,1
MARQUISIDETH,1,0,1
MARQUITA,1,0,1
MARQUITO,1,0,1
MARQUIZ,1,0,1
MARRETT,1,0,1
MARRIA,1,0,1
MARRYLN,1,0,1
MARSDIN,1,0,1
MARSEAL,1,0,1
MARSEDONIO,1,0,1
MARSELENA,1,0,1
MARSIADEZ,1,0,1
MARSIL,1,0,1
MARSILIBETH,1,0,1
MARSILIO,1,0,1
MARSITA,1,0,1
MARSIU,1,0,1
MARSO,1,0,1
MARSSON,1,0,1
MART HA,1,0,1
MARTA  ONDINA,1,0,1
MARTA AIDA,1,0,1
MARTA GUADALUPE,1,0,1
MARTA JULIANA,1,0,1
MARTA LETICIA,1,0,1
MARTADELA,1,0,1
MARTAHA,1,0,1
MARTALUZ,1,0,1
MARTANO,1,0,1
MARTAVINA,1,0,1
MARTC,1,0,1
MARTCHA,1,0,1
MARTDEN,1,0,1
MARTEANO,1,0,1
MARTEDILA,1,0,1
MARTELENA,1,0,1
MARTELITA,1,0,1
MARTENIANO,1,0,1
MARTERES,1,0,1
MARTERIS,1,0,1
MARTHA  GEMA,1,0,1
MARTHA AZUCENA,1,0,1
MARTHA CRUZ,1,0,1
MARTHALIA,1,0,1
MARTHAN,1,0,1
MARTHANA,1,0,1
MARTHINA,1,0,1
MARTHIS,1,0,1
MARTHLY,1,0,1
MARTIANO,1,0,1
MARTICIA,1,0,1
MARTICTA,1,0,1
MARTIE,1,0,1
MARTILDE,1,0,1
MARTILES,1,0,1
MARTILIO,1,0,1
MARTILIS,1,0,1
MARTIMILIANO,1,0,1
MARTIN DE JESUS,1,0,1
MARTIN GEOVANNY,1,0,1
MARTINA},1,0,1
MARTINCITO,1,0,1
MARTINDA,1,0,1
MARTINEZARMANDO,1,0,1
MARTINEZJOSE,1,0,1
MARTINEZMIRNA,1,0,1
MARTINEZVIRGINI,1,0,1
MARTININANO,1,0,1
MARTINITA,1,0,1
MARTINRE,1,0,1
MARTIRENIA,1,0,1
MARTIRER,1,0,1
MARTIRYS,1,0,1
MARTISRAEL,1,0,1
MARTIUS,1,0,1
MARTIUZ,1,0,1
MARTLEY,1,0,1
MARTLYN,1,0,1
MARTON,1,0,1
MARTONELIS,1,0,1
MARUA,1,0,1
MARURA,1,0,1
MARUVENIL,1,0,1
MARUZ,1,0,1
MARVALEN,1,0,1
MARVE,1,0,1
MARVEA,1,0,1
MARVED,1,0,1
MARVELIE,1,0,1
MARVELLE,1,0,1
MARVEYA,1,0,1
MARVIC,1,0,1
MARVINA,1,0,1
MARVINJAVIER,1,0,1
MARVINS,1,0,1
MARVIT,1,0,1
MARWICK,1,0,1
MARWILL,1,0,1
MARWY,1,0,1
MARWYN,1,0,1
MARXI,1,0,1
MARXIS,1,0,1
MARXS,1,0,1
MARXY,1,0,1
MARY   BLANCA,1,0,1
MARY BEL,1,0,1
MARY JULIA,1,0,1
MARY NELLY,1,0,1
MARY SABEL,1,0,1
MARYANN,1,0,1
MARYANO,1,0,1
MARYARI,1,0,1
MARYASI,1,0,1
MARYBEILA,1,0,1
MARYBELINDA,1,0,1
MARYCLEN,1,0,1
MARYDALIA,1,0,1
MARYDELMI,1,0,1
MARYE,1,0,1
MARYEE,1,0,1
MARYELY,1,0,1
MARYETH,1,0,1
MARYIE,1,0,1
MARYLCE,1,0,1
MARYLEIDA,1,0,1
MARYLENNE,1,0,1
MARYLENY,1,0,1
MARYLEY,1,0,1
MARYLINE,1,0,1
MARYLON,1,0,1
MARYLUE,1,0,1
MARYLYNN,1,0,1
MARYLYSS,1,0,1
MARYNEL,1,0,1
MARYNELBIS,1,0,1
MARYNELYS,1,0,1
MARYOLI,1,0,1
MARYOLIN,1,0,1
MARYOLINDA,1,0,1
MARYON,1,0,1
MARYORET,1,0,1
MARYORETH,1,0,1
MARYORGA,1,0,1
MARYORITH,1,0,1
MARYORIY,1,0,1
MARYORYE,1,0,1
MARYSEL,1,0,1
MARYTERESA,1,0,1
MARYUAY,1,0,1
MARYULI,1,0,1
MARYUNI,1,0,1
MARYURETH,1,0,1
MARYURINE,1,0,1
MARYURYS,1,0,1
MARYZABEL,1,0,1
MARZEN,1,0,1
MARZIA,1,0,1
MARZIDELIA,1,0,1
MARZIO,1,0,1
MASABEL,1,0,1
MASAINA,1,0,1
MASANE,1,0,1
MASBELI,1,0,1
MASBIN,1,0,1
MASCOS,1,0,1
MASFIA,1,0,1
MASHALL,1,0,1
MASIBER,1,0,1
MASIMINA,1,0,1
MASIMINO,1,0,1
MASLE,1,0,1
MASLI,1,0,1
MASLO,1,0,1
MASNADA,1,0,1
MASPIN,1,0,1
MASS,1,0,1
MASSI,1,0,1
MASSIELA,1,0,1
MASSIERL,1,0,1
MASSIMILIANO,1,0,1
MASTEY,1,0,1
MASUCEN,1,0,1
MASUYAPA,1,0,1
MASVIA,1,0,1
MASWELL,1,0,1
MATEAS,1,0,1
MATELAINA,1,0,1
MATELINA,1,0,1
MATEO DE JESUS,1,0,1
MATHEU,1,0,1
MATHY,1,0,1
MATIASS,1,0,1
MATIL,1,0,1
MATILDITO,1,0,1
MATILO,1,0,1
MATINA,1,0,1
MATIRCIANO,1,0,1
MATIVIDAD,1,0,1
MATIYAS,1,0,1
MATLEN,1,0,1
MATLENA,1,0,1
MATLERA,1,0,1
MATLIE,1,0,1
MATLIN,1,0,1
MATLINA,1,0,1
MATLYN,1,0,1
MATODIO,1,0,1
MATRICE,1,0,1
MATTHEU,1,0,1
MATTIAS,1,0,1
MATTIZ,1,0,1
MATUSALA,1,0,1
MATUTEVELKIS,1,0,1
MATVIN,1,0,1
MATYORI,1,0,1
MATZA,1,0,1
MAUBRICIA,1,0,1
MAUCA,1,0,1
MAUCEDES,1,0,1
MAUCEL,1,0,1
MAUCELIO,1,0,1
MAUCENCIA,1,0,1
MAUCHA,1,0,1
MAUCXIMINA,1,0,1
MAUDALINO,1,0,1
MAUDIBEN,1,0,1
MAUDIRI,1,0,1
MAUDOMIO,1,0,1
MAUDSLEY,1,0,1
MAUELA,1,0,1
MAUFREDY,1,0,1
MAUGDIS,1,0,1
MAUGDY,1,0,1
MAUGRA,1,0,1
MAUGRIS,1,0,1
MAUINS,1,0,1
MAUL,1,0,1
MAULA,1,0,1
MAUNER,1,0,1
MAUNIL,1,0,1
MAURA  ALICIA,1,0,1
MAURA  DEL,1,0,1
MAURELIA,1,0,1
MAUREM,1,0,1
MAURENTINA,1,0,1
MAURER,1,0,1
MAURETH,1,0,1
MAURHEN,1,0,1
MAURITINA,1,0,1
MAURLIE,1,0,1
MAURORA,1,0,1
MAURREEN,1,0,1
MAURWEN,1,0,1
MAURYI,1,0,1
MAUSILIO,1,0,1
MAUSIMINA,1,0,1
MAUSIMO,1,0,1
MAUSIN,1,0,1
MAUXIMINIO,1,0,1
MAUXIRIOS,1,0,1
MAUXUMA,1,0,1
MAUYURIN,1,0,1
MAVEDA,1,0,1
MAVES,1,0,1
MAVIA,1,0,1
MAVIANA,1,0,1
MAVIDA,1,0,1
MAVILET,1,0,1
MAVINSON,1,0,1
MAVIO,1,0,1
MAVISS,1,0,1
MAVIZ,1,0,1
MAVYS,1,0,1
MAWEL,1,0,1
MAWIN,1,0,1
MAXAEL,1,0,1
MAXBELL,1,0,1
MAXCELENE,1,0,1
MAXCELENIA,1,0,1
MAXCIMINO,1,0,1
MAXDALENO,1,0,1
MAXDEVITH,1,0,1
MAXDITZA,1,0,1
MAXELEMIA,1,0,1
MAXELIC,1,0,1
MAXELINA,1,0,1
MAXES,1,0,1
MAXFALDO,1,0,1
MAXIFREDO,1,0,1
MAXIL,1,0,1
MAXIM,1,0,1
MAXIMELIANA,1,0,1
MAXIMIA,1,0,1
MAXIMILIAN,1,0,1
MAXIMIMO,1,0,1
MAXIMIN,1,0,1
MAXIMINOZ,1,0,1
MAXIMON,1,0,1
MAXINA,1,0,1
MAXINIO,1,0,1
MAXINO,1,0,1
MAXINY,1,0,1
MAXKIMINO,1,0,1
MAXLOBA    LILI,1,0,1
MAXNELI,1,0,1
MAXNELY,1,0,1
MAXOMINA,1,0,1
MAXS,1,0,1
MAXSIMILIANO,1,0,1
MAXSON,1,0,1
MAXSY,1,0,1
MAXY,1,0,1
MAXZELL,1,0,1
MAY  BELLE,1,0,1
MAYALY,1,0,1
MAYAR,1,0,1
MAYBBORY,1,0,1
MAYBE,1,0,1
MAYBEELINE,1,0,1
MAYBELENE,1,0,1
MAYBELLI,1,0,1
MAYBIN,1,0,1
MAYBRA,1,0,1
MAYCA,1,0,1
MAYCOLA,1,0,1
MAYCOR,1,0,1
MAYDELLINNE,1,0,1
MAYDEM,1,0,1
MAYDIE,1,0,1
MAYDONIO,1,0,1
MAYDRI,1,0,1
MAYDY,1,0,1
MAYDYN,1,0,1
MAYE,1,0,1
MAYELDA,1,0,1
MAYELLA,1,0,1
MAYENDIE,1,0,1
MAYERI,1,0,1
MAYFEREN,1,0,1
MAYGA,1,0,1
MAYHER,1,0,1
MAYHIRA,1,0,1
MAYIA,1,0,1
MAYKE,1,0,1
MAYKEEL,1,0,1
MAYKLIN,1,0,1
MAYKON,1,0,1
MAYKONW,1,0,1
MAYKOR,1,0,1
MAYKY,1,0,1
MAYLAN,1,0,1
MAYLEE,1,0,1
MAYLER,1,0,1
MAYLINE,1,0,1
MAYLUN,1,0,1
MAYMIE,1,0,1
MAYNARDO,1,0,1
MAYNATH,1,0,1
MAYNIOR,1,0,1
MAYNOY,1,0,1
MAYOR,1,0,1
MAYORET,1,0,1
MAYORGA,1,0,1
MAYORITH,1,0,1
MAYORLIM,1,0,1
MAYRA LIZETH,1,0,1
MAYRAH,1,0,1
MAYRAYANETH,1,0,1
MAYRER,1,0,1
MAYRIM,1,0,1
MAYRLA,1,0,1
MAYRLIN,1,0,1
MAYROLY,1,0,1
MAYS,1,0,1
MAYSI,1,0,1
MAYTER,1,0,1
MAYTIN,1,0,1
MAYTY,1,0,1
MAYUCA,1,0,1
MAYURIN,1,0,1
MAYVEL,1,0,1
MAYVIN,1,0,1
MAYVIS,1,0,1
MAYZIE,1,0,1
MAZARIEGO,1,0,1
MAZDA,1,0,1
MAZEDONIO,1,0,1
MAZERMO,1,0,1
MAZEY,1,0,1
MAZIR,1,0,1
MAZLE,1,0,1
MAZLOBA,1,0,1
MAZLOVA,1,0,1
MAZUZE,1,0,1
MAZWELL,1,0,1
MAZY,1,0,1
MC  DONALD,1,0,1
MC DOWEL,1,0,1
MC GREGORY,1,0,1
MC.BENY,1,0,1
MC.HENRYSAMUEL,1,0,1
MCKINLEY,1,0,1
MCKLINTON,1,0,1
MEABEL,1,0,1
MEALIN,1,0,1
MEAM,1,0,1
MEASY,1,0,1
MEATTO,1,0,1
MEAUTALI,1,0,1
MEAZY,1,0,1
MEBA,1,0,1
MEBEERLHIN,1,0,1
MEBELITA,1,0,1
MEBI,1,0,1
MEBLIN,1,0,1
MEBY,1,0,1
MEBYN,1,0,1
MECA,1,0,1
MECALINA,1,0,1
MECATIN,1,0,1
MECDY,1,0,1
MECERINA,1,0,1
MECHANINC,1,0,1
MECHELE,1,0,1
MECILDA,1,0,1
MECKY,1,0,1
MECLAENA,1,0,1
MECLAINA,1,0,1
MECLIN,1,0,1
MECS,1,0,1
MECSY,1,0,1
MECTABEL,1,0,1
MEDAIS,1,0,1
MEDALIN,1,0,1
MEDARDOISAAC,1,0,1
MEDARES,1,0,1
MEDARITO,1,0,1
MEDEL,1,0,1
MEDELMA,1,0,1
MEDENIA,1,0,1
MEDERCINDO,1,0,1
MEDES,1,0,1
MEDESTO,1,0,1
MEDIA,1,0,1
MEDIAN,1,0,1
MEDIANA,1,0,1
MEDIANN,1,0,1
MEDIE,1,0,1
MEDIL,1,0,1
MEDIZ,1,0,1
MEDLIN,1,0,1
MEDRANITO,1,0,1
MEDREANA,1,0,1
MEDRILIA,1,0,1
MEDVIN,1,0,1
MEDWIN,1,0,1
MEDYN,1,0,1
MEESABEL,1,0,1
MEEYLIN,1,0,1
MEFI,1,0,1
MEFIL,1,0,1
MEGDELENIA,1,0,1
MEGGAN,1,0,1
MEGGI,1,0,1
MEGGIE,1,0,1
MEGILIN,1,0,1
MEGLIN,1,0,1
MEGNA,1,0,1
MEGUI,1,0,1
MEHEMIAS,1,0,1
MEHRNOUSH,1,0,1
MEHTUSAEL,1,0,1
MEHUMAN,1,0,1
MEHUNIN,1,0,1
MEIBE,1,0,1
MEIBER,1,0,1
MEIBI,1,0,1
MEIBIZ,1,0,1
MEICI,1,0,1
MEIKA,1,0,1
MEILDA,1,0,1
MEILI,1,0,1
MEILLEN,1,0,1
MEILLY,1,0,1
MEINALDA,1,0,1
MEINARDA,1,0,1
MEINLING,1,0,1
MEINOR,1,0,1
MEIRE,1,0,1
MEISA,1,0,1
MEISON,1,0,1
MEISSEN,1,0,1
MEISSON,1,0,1
MEIVE,1,0,1
MEIVI,1,0,1
MEIVIN,1,0,1
MEIVOL,1,0,1
MEJIAJAVIER,1,0,1
MEJIAMARIA,1,0,1
MEJIANARCISA,1,0,1
MEJILLA,1,0,1
MEJOLITA,1,0,1
MEJUALDA,1,0,1
MEKIS,1,0,1
MEL QUIS,1,0,1
MELACIA,1,0,1
MELADIO,1,0,1
MELANEE,1,0,1
MELANIES,1,0,1
MELANNIA,1,0,1
MELANYA,1,0,1
MELAR,1,0,1
MELARIA,1,0,1
MELATHYS,1,0,1
MELAYA,1,0,1
MELAYDA,1,0,1
MELBA   LETICIA,1,0,1
MELBA DE JESUS,1,0,1
MELBADINA,1,0,1
MELBBIN,1,0,1
MELBE,1,0,1
MELBEN,1,0,1
MELBHA,1,0,1
MELBIN DE JESUS,1,0,1
MELBIO,1,0,1
MELBITA,1,0,1
MELBIZ,1,0,1
MELBORN,1,0,1
MELBREN,1,0,1
MELCADIER,1,0,1
MELCE,1,0,1
MELCHIN,1,0,1
MELCHOL,1,0,1
MELCHY,1,0,1
MELCIANA,1,0,1
MELCIAS,1,0,1
MELCKIN,1,0,1
MELCOR,1,0,1
MELCRET,1,0,1
MELDE,1,0,1
MELDEN,1,0,1
MELDEONA,1,0,1
MELDERSON,1,0,1
MELDILINA,1,0,1
MELDINA,1,0,1
MELDIS,1,0,1
MELDIZ,1,0,1
MELDRENA,1,0,1
MELDRITH,1,0,1
MELDRY,1,0,1
MELE,1,0,1
MELECENT,1,0,1
MELECITA,1,0,1
MELECITO,1,0,1
MELEDRE,1,0,1
MELEDY,1,0,1
MELEGAN,1,0,1
MELEJI,1,0,1
MELENDEZJOSE,1,0,1
MELENDRES,1,0,1
MELENDRINA,1,0,1
MELENEY,1,0,1
MELENSIPA,1,0,1
MELEODORO,1,0,1
MELER,1,0,1
MELERIS,1,0,1
MELERYD,1,0,1
MELESTINA,1,0,1
MELETA,1,0,1
MELETON,1,0,1
MELEUCIPO,1,0,1
MELEYBI,1,0,1
MELEZA,1,0,1
MELFORD,1,0,1
MELGHEM,1,0,1
MELGIDA,1,0,1
MELGII,1,0,1
MELGIS,1,0,1
MELGRAN,1,0,1
MELGUER,1,0,1
MELGUI,1,0,1
MELHADRO,1,0,1
MELIANITA,1,0,1
MELIAS,1,0,1
MELIBA,1,0,1
MELICA,1,0,1
MELICIANO,1,0,1
MELICK,1,0,1
MELIDAROSARIO,1,0,1
MELIESA,1,0,1
MELIK,1,0,1
MELINSE,1,0,1
MELISANDA,1,0,1
MELISANDE,1,0,1
MELISSEN,1,0,1
MELISSIN,1,0,1
MELITENIA,1,0,1
MELITONIA,1,0,1
MELIY,1,0,1
MELIZANDRO,1,0,1
MELIZARIO,1,0,1
MELJEN,1,0,1
MELJIA,1,0,1
MELKA,1,0,1
MELKIALES,1,0,1
MELKIAN,1,0,1
MELKICIDES,1,0,1
MELKICIDETH,1,0,1
MELKYSEDETH,1,0,1
MELLARL,1,0,1
MELLELINE,1,0,1
MELLIOS,1,0,1
MELLLIN,1,0,1
MELLORI,1,0,1
MELLYS,1,0,1
MELMA,1,0,1
MELMEZ,1,0,1
MELMIS,1,0,1
MELNYK,1,0,1
MELOC,1,0,1
MELQUER,1,0,1
MELQUESEDETH,1,0,1
MELQUESIDE,1,0,1
MELQUESIDEC,1,0,1
MELQUEZEDETH,1,0,1
MELQUIADIZ,1,0,1
MELQUIATES,1,0,1
MELQUICEDEE,1,0,1
MELQUICEDES,1,0,1
MELQUICEDETH,1,0,1
MELQUICEDEX,1,0,1
MELQUICIDEK,1,0,1
MELQUIDA,1,0,1
MELQUIEDAD,1,0,1
MELQUINSEBEL,1,0,1
MELQUISCIDEL,1,0,1
MELQUISEDER,1,0,1
MELQUISEDETH,1,0,1
MELQUISEDY,1,0,1
MELQUISIDED,1,0,1
MELQUISIDEK,1,0,1
MELQUISIDES,1,0,1
MELQUISIDET,1,0,1
MELQUISIDETT,1,0,1
MELRIN,1,0,1
MELROOS,1,0,1
MELROS,1,0,1
MELRUS,1,0,1
MELSAI,1,0,1
MELSAN,1,0,1
MELSEN,1,0,1
MELSER,1,0,1
MELSIA,1,0,1
MELSIAN,1,0,1
MELSIDA,1,0,1
MELSIL,1,0,1
MELSSY,1,0,1
MELSUN,1,0,1
MELSYN,1,0,1
MELSYS,1,0,1
MELTA,1,0,1
MELTAN,1,0,1
MELUDI,1,0,1
MELUNN,1,0,1
MELVA VICTORIA,1,0,1
MELVADITA,1,0,1
MELVADORA,1,0,1
MELVE,1,0,1
MELVENCITO,1,0,1
MELVES,1,0,1
MELVIAN,1,0,1
MELVIC,1,0,1
MELVIE,1,0,1
MELVINIA,1,0,1
MELVINOMAR,1,0,1
MELVINORLANDO,1,0,1
MELVINS,1,0,1
MELVO,1,0,1
MELWIS,1,0,1
MELYA,1,0,1
MELYING,1,0,1
MELYSS,1,0,1
MELZA,1,0,1
MELZAS,1,0,1
MELZER,1,0,1
MELZOR,1,0,1
MEMI,1,0,1
MEMIA,1,0,1
MEMILDA,1,0,1
MEMORA,1,0,1
MENADIA,1,0,1
MENALI,1,0,1
MENCIO,1,0,1
MENDALIA,1,0,1
MENDELENA,1,0,1
MENDELIA,1,0,1
MENDELICIA,1,0,1
MENDEZCARLOS,1,0,1
MENDI,1,0,1
MENDIN,1,0,1
MENDINA,1,0,1
MENDIOLITO,1,0,1
MENDITA,1,0,1
MENDITO,1,0,1
MENDONIA,1,0,1
MENDORIA,1,0,1
MENDULIA,1,0,1
MENECIA,1,0,1
MENELADO,1,0,1
MENELVIA,1,0,1
MENENKARINA,1,0,1
MENESIS,1,0,1
MENEYDA,1,0,1
MENFIDA,1,0,1
MENFIES,1,0,1
MENFIZ,1,0,1
MENGER,1,0,1
MENI,1,0,1
MENJAMIN,1,0,1
MENLEY,1,0,1
MENLI,1,0,1
MENLIO,1,0,1
MENNERIO,1,0,1
MENNIE,1,0,1
MENNO,1,0,1
MENNY,1,0,1
MENO,1,0,1
MENSA,1,0,1
MENSAR,1,0,1
MENSOR,1,0,1
MENTORA,1,0,1
MENTORALINA,1,0,1
MENVIN,1,0,1
MENVROD,1,0,1
MENYONETT,1,0,1
MEOMICIA,1,0,1
MEPDY,1,0,1
MEPEBOSEPTH,1,0,1
MEQUENLE,1,0,1
MERA,1,0,1
MERADDA,1,0,1
MERALDY,1,0,1
MERALITA,1,0,1
MERANIA,1,0,1
MERANITO,1,0,1
MERARDA,1,0,1
MERARIZ,1,0,1
MERAVI,1,0,1
MERAZ,1,0,1
MERBELIE,1,0,1
MERBELY,1,0,1
MERBEN,1,0,1
MERBIALINA,1,0,1
MERBINS,1,0,1
MERCA,1,0,1
MERCADELY,1,0,1
MERCADES,1,0,1
MERCADO,1,0,1
MERCEDEL,1,0,1
MERCEDES  DE,1,0,1
MERCEDES DE JES,1,0,1
MERCEDES EMILIA,1,0,1
MERCEDES MARIA,1,0,1
MERCEDI,1,0,1
MERCEDILIA,1,0,1
MERCEDIT,1,0,1
MERCEDITA,1,0,1
MERCEDONIA,1,0,1
MERCEDONY,1,0,1
MERCEDS,1,0,1
MERCEDZ,1,0,1
MERCELA,1,0,1
MERCELEN,1,0,1
MERCELITA,1,0,1
MERCERI,1,0,1
MERCERSY,1,0,1
MERCHY,1,0,1
MERCIADEZ,1,0,1
MERCICIA,1,0,1
MERCIDIO,1,0,1
MERCIX,1,0,1
MERCIY,1,0,1
MERCUARES,1,0,1
MERCURI,1,0,1
MERDEDES,1,0,1
MERDILIA,1,0,1
MERDIN,1,0,1
MERECEDES,1,0,1
MERECELDA,1,0,1
MERECETA,1,0,1
MERECIANO,1,0,1
MERECITA,1,0,1
MEREJE,1,0,1
MEREJO,1,0,1
MERELDA,1,0,1
MERELLE,1,0,1
MERELNY,1,0,1
MERENGILDO,1,0,1
MERERIY,1,0,1
MERESA,1,0,1
MERESLINDA,1,0,1
MERETILA,1,0,1
MEREXEIN,1,0,1
MERGELY,1,0,1
MERGIA,1,0,1
MERGIAN,1,0,1
MERGIO,1,0,1
MERIALY,1,0,1
MERIAM,1,0,1
MERIBIA,1,0,1
MERIC,1,0,1
MERICELBI,1,0,1
MERICELBYTH,1,0,1
MERICELDA,1,0,1
MERICELVY,1,0,1
MERICENDA,1,0,1
MERICIS,1,0,1
MERICLAINA,1,0,1
MERICRUZ,1,0,1
MERIDALMA,1,0,1
MERIDE,1,0,1
MERIDEE,1,0,1
MERIDEL,1,0,1
MERIDELIA,1,0,1
MERIEM,1,0,1
MERIGILDA,1,0,1
MERIKA,1,0,1
MERILLA,1,0,1
MERILYNN,1,0,1
MERIN EFRAIN,1,0,1
MERIO,1,0,1
MERISABEL,1,0,1
MERISELBI,1,0,1
MERISSA,1,0,1
MERISSI,1,0,1
MERITZI,1,0,1
MERIVIA,1,0,1
MERIZANDRA,1,0,1
MERIZIA,1,0,1
MERJIL,1,0,1
MERJORIE,1,0,1
MERKIN,1,0,1
MERKIS,1,0,1
MERLAN,1,0,1
MERLEDIHT,1,0,1
MERLENDO,1,0,1
MERLENI,1,0,1
MERLEZ,1,0,1
MERLIA,1,0,1
MERLIAN,1,0,1
MERLIN    ALEX,1,0,1
MERLINDO,1,0,1
MERLINO,1,0,1
MERLITINA,1,0,1
MERLLIU,1,0,1
MERLLYRY,1,0,1
MERLYNG,1,0,1
MERMIN,1,0,1
MERMIS,1,0,1
MERN,1,0,1
MERNE,1,0,1
MERNI,1,0,1
MERNIS,1,0,1
MERODEL,1,0,1
MERONY,1,0,1
MERPHRAN,1,0,1
MERQUELINA,1,0,1
MERQUIA,1,0,1
MERQUIDEZ,1,0,1
MERQUIN,1,0,1
MERQUISEDES,1,0,1
MERQUISIDEL,1,0,1
MERQUISIDES,1,0,1
MERQUIZ,1,0,1
MERRARI,1,0,1
MERRARIS,1,0,1
MERREL,1,0,1
MERRIE,1,0,1
MERRLEE,1,0,1
MERRO,1,0,1
MERRSY,1,0,1
MERRYDET,1,0,1
MERRYLEE,1,0,1
MERRYN,1,0,1
MERSIDIA,1,0,1
MERTA,1,0,1
MERTE,1,0,1
MERTELA,1,0,1
MERTHA,1,0,1
MERTIL,1,0,1
MERTIN,1,0,1
MERTON,1,0,1
MERTZA,1,0,1
MERUM,1,0,1
MERUYN,1,0,1
MERVAT,1,0,1
MERVILIN,1,0,1
MERYCEIDA,1,0,1
MERYM,1,0,1
MERYSS,1,0,1
MERZI,1,0,1
MESAEL,1,0,1
MESALES,1,0,1
MESARES,1,0,1
MESARI,1,0,1
MESCLEDE,1,0,1
MESCRIDA,1,0,1
MESDEDE,1,0,1
MESDIDI,1,0,1
MESELA,1,0,1
MESEME,1,0,1
MESEVA,1,0,1
MESHACH,1,0,1
MESIAS,1,0,1
MESIL,1,0,1
MESILI,1,0,1
MESIMELIT,1,0,1
MESINA,1,0,1
MESIS,1,0,1
MESLEZ,1,0,1
MESLIDA,1,0,1
MESLIER,1,0,1
MESLIS,1,0,1
MESMARIA,1,0,1
MESNER,1,0,1
MESODEL,1,0,1
MESODITA,1,0,1
MESORNA,1,0,1
MESPOLY,1,0,1
MESQUEELY,1,0,1
MESRINA,1,0,1
MESSOLY,1,0,1
MESTALIA,1,0,1
MESTAYLA,1,0,1
MESTY,1,0,1
MESVIN,1,0,1
MESWIDINIA,1,0,1
METILA,1,0,1
METLENA,1,0,1
METOLAENA,1,0,1
METOLINA,1,0,1
METORIA,1,0,1
METREA,1,0,1
METUIZ,1,0,1
MEUDONIO,1,0,1
MEUNIM,1,0,1
MEURIS,1,0,1
MEVERLIS,1,0,1
MEVES,1,0,1
MEVILITA,1,0,1
MEVISS,1,0,1
MEVIZ,1,0,1
MEVYS,1,0,1
MEWIS,1,0,1
MEX,1,0,1
MEXA,1,0,1
MEXAMEN,1,0,1
MEXANY,1,0,1
MEXCELEN,1,0,1
MEXELIN,1,0,1
MEXEY,1,0,1
MEXI,1,0,1
MEXILEMY,1,0,1
MEXIS,1,0,1
MEXLI,1,0,1
MEXSY,1,0,1
MEXVIS,1,0,1
MEYBELIN,1,0,1
MEYBETH,1,0,1
MEYBILL,1,0,1
MEYBIN,1,0,1
MEYBYN,1,0,1
MEYBYS,1,0,1
MEYCI,1,0,1
MEYDEE,1,0,1
MEYELE,1,0,1
MEYLAND,1,0,1
MEYLENG,1,0,1
MEYLON,1,0,1
MEYLYN,1,0,1
MEYME,1,0,1
MEYRAN,1,0,1
MEYRIDA,1,0,1
MEYSA,1,0,1
MEYSIN,1,0,1
MEYSSI,1,0,1
MEYSY,1,0,1
MEYUIS,1,0,1
MEYVELIN,1,0,1
MEYVI,1,0,1
MEYVIN,1,0,1
MEZA,1,0,1
MEZAXIOMARA,1,0,1
MEZIS,1,0,1
MEZRAIN,1,0,1
MGUEL,1,0,1
MHAINOR,1,0,1
MHALCON,1,0,1
MHARTA,1,0,1
MHAYCON,1,0,1
MIËONEZ,1,0,1
MIALIS,1,0,1
MIAO,1,0,1
MIAS,1,0,1
MIBEL,1,0,1
MIBER,1,0,1
MIBEYBI,1,0,1
MIBIA,1,0,1
MIBIAN,1,0,1
MIBSAM,1,0,1
MIBSAR,1,0,1
MIBZAN,1,0,1
MICAIAS,1,0,1
MICAIS,1,0,1
MICAY,1,0,1
MICAYLA,1,0,1
MICDALYS,1,0,1
MICDANIA,1,0,1
MICELIA,1,0,1
MICHAEEL,1,0,1
MICHELLI,1,0,1
MICHELSON,1,0,1
MICHELYN,1,0,1
MICHER,1,0,1
MICHIEL,1,0,1
MICHILA,1,0,1
MICHLINE,1,0,1
MICILDA,1,0,1
MICILEZ,1,0,1
MICKOL,1,0,1
MICLAENA,1,0,1
MICLAIN,1,0,1
MICLANIA,1,0,1
MICSELEM,1,0,1
MICSI,1,0,1
MICTALITA,1,0,1
MICTHELL,1,0,1
MICTO,1,0,1
MICXA,1,0,1
MIDA,1,0,1
MIDALDA,1,0,1
MIDALINA,1,0,1
MIDALIS,1,0,1
MIDAYA,1,0,1
MIDEIBIS,1,0,1
MIDELINO,1,0,1
MIDELSI,1,0,1
MIDENCES,1,0,1
MIDENCIA,1,0,1
MIDENCIO,1,0,1
MIDEYBY,1,0,1
MIDORY,1,0,1
MIDRI,1,0,1
MIDRONIO,1,0,1
MIDWARD,1,0,1
MIDY,1,0,1
MIDZAR,1,0,1
MIEKELE,1,0,1
MIELTHON,1,0,1
MIERPET,1,0,1
MIFLIN,1,0,1
MIGDALIDA,1,0,1
MIGDELIS,1,0,1
MIGDELY,1,0,1
MIGDILIO,1,0,1
MIGDOMINO,1,0,1
MIGDON,1,0,1
MIGDONEA,1,0,1
MIGDRE,1,0,1
MIGELA,1,0,1
MIGGY,1,0,1
MIGHID,1,0,1
MIGLADIS,1,0,1
MIGLASTIN,1,0,1
MIGSAIS,1,0,1
MIGSLENIA,1,0,1
MIGTALIA,1,0,1
MIGUEDONIA,1,0,1
MIGUEL    ANGEL,1,0,1
MIGUEL   ANGEL,1,0,1
MIGUEL MAURICIO,1,0,1
MIGUELANGEL,1,0,1
MIGUELANGELA,1,0,1
MIGUELININA,1,0,1
MIGUELL,1,0,1
MIGUIEL,1,0,1
MIIGUEL,1,0,1
MIIRAM,1,0,1
MIJILLA,1,0,1
MIKEAL,1,0,1
MIKEAS,1,0,1
MIKEL,1,0,1
MIKLE,1,0,1
MILADEH,1,0,1
MILADER,1,0,1
MILADIA,1,0,1
MILAFRO,1,0,1
MILAGRO DE LA,1,0,1
MILAGROO,1,0,1
MILAINA,1,0,1
MILALAYBY,1,0,1
MILANDIS,1,0,1
MILARIA,1,0,1
MILARNY,1,0,1
MILAYAN,1,0,1
MILBEN,1,0,1
MILBOR,1,0,1
MILCAN,1,0,1
MILCEN,1,0,1
MILCIAM,1,0,1
MILCIYADES,1,0,1
MILCO,1,0,1
MILCY,1,0,1
MILDAN,1,0,1
MILDANY,1,0,1
MILDERES,1,0,1
MILDES,1,0,1
MILDIAN,1,0,1
MILDOLFIS,1,0,1
MILDOMERO,1,0,1
MILDON,1,0,1
MILDONI,1,0,1
MILDREDN,1,0,1
MILDREL,1,0,1
MILDRELN,1,0,1
MILDRET,1,0,1
MILDREZ,1,0,1
MILDRHE,1,0,1
MILDRI,1,0,1
MILDRIS,1,0,1
MILDRYS,1,0,1
MILDVER,1,0,1
MILDY,1,0,1
MILECSI,1,0,1
MILECY,1,0,1
MILEDIZ,1,0,1
MILEEN,1,0,1
MILEIVA,1,0,1
MILEIVIN,1,0,1
MILENO,1,0,1
MILEXCY,1,0,1
MILEXSI,1,0,1
MILEYSY,1,0,1
MILEYVE,1,0,1
MILFIA,1,0,1
MILFORD,1,0,1
MILGHIA,1,0,1
MILGHIAM,1,0,1
MILGHIAMS,1,0,1
MILGHUIAN,1,0,1
MILGIAND,1,0,1
MILGIDM,1,0,1
MILGIEN,1,0,1
MILGIHAN,1,0,1
MILGRET,1,0,1
MILGUAR,1,0,1
MILGUEN,1,0,1
MILHER,1,0,1
MILIAM,1,0,1
MILIAMS,1,0,1
MILIANINANINOVF,1,0,1
MILICETH,1,0,1
MILICIA,1,0,1
MILICTSA,1,0,1
MILIER,1,0,1
MILIGIA,1,0,1
MILIJIAN,1,0,1
MILILZA,1,0,1
MILINDA,1,0,1
MILINSEN,1,0,1
MILIO,1,0,1
MILIOS,1,0,1
MILISEM,1,0,1
MILISENT,1,0,1
MILISIS,1,0,1
MILISSEM,1,0,1
MILITAR,1,0,1
MILITONA,1,0,1
MILIXSSA,1,0,1
MILIZA,1,0,1
MILIZANDRA,1,0,1
MILIZEN,1,0,1
MILJANYK,1,0,1
MILKIL,1,0,1
MILKOL,1,0,1
MILL,1,0,1
MILLAMIN,1,0,1
MILLET,1,0,1
MILLIAN,1,0,1
MILLIKAN,1,0,1
MILLIMS,1,0,1
MILLIN,1,0,1
MILLIZENTH,1,0,1
MILLNER,1,0,1
MILLON,1,0,1
MILLYZZEN,1,0,1
MILMARA,1,0,1
MILMON,1,0,1
MILON,1,0,1
MILONA,1,0,1
MILQUEADES,1,0,1
MILQUIEN,1,0,1
MILQUIZ,1,0,1
MILSAE,1,0,1
MILSEA,1,0,1
MILSIAM,1,0,1
MILSIN,1,0,1
MILSO,1,0,1
MILSY,1,0,1
MILTHA,1,0,1
MILTON SANTIAGO,1,0,1
MILTONG,1,0,1
MILTTON,1,0,1
MILU,1,0,1
MILVEN,1,0,1
MILVURGA,1,0,1
MILWARD,1,0,1
MILWUER,1,0,1
MILYM,1,0,1
MILYN,1,0,1
MILZAR,1,0,1
MILZIAN,1,0,1
MIMAVEL,1,0,1
MIMERARI,1,0,1
MIMIAN,1,0,1
MIMLGIAN,1,0,1
MIMYA,1,0,1
MINABATH,1,0,1
MINADAN,1,0,1
MINCI,1,0,1
MINCIA,1,0,1
MINCY,1,0,1
MINDAIX,1,0,1
MINDEL,1,0,1
MINDELIA,1,0,1
MINDIN,1,0,1
MINDONIS,1,0,1
MINDRE,1,0,1
MINDRID,1,0,1
MINDRIS,1,0,1
MINDRY,1,0,1
MINECIA,1,0,1
MINELBIA,1,0,1
MINELEO,1,0,1
MINER,1,0,1
MINERI,1,0,1
MINERIA,1,0,1
MINERY,1,0,1
MINEY,1,0,1
MINFA,1,0,1
MINGCHUN,1,0,1
MINGUIDA,1,0,1
MINGUITA,1,0,1
MINILDA,1,0,1
MINILES,1,0,1
MINILIO,1,0,1
MINIVE,1,0,1
MINME,1,0,1
MINMIE,1,0,1
MINNA,1,0,1
MINNIE  IVABEK,1,0,1
MINO,1,0,1
MINOLA,1,0,1
MINOLDA,1,0,1
MINORIA,1,0,1
MINORY,1,0,1
MINRO,1,0,1
MINSI,1,0,1
MINTER,1,0,1
MINTIA,1,0,1
MINTOR,1,0,1
MINXSON,1,0,1
MIOS,1,0,1
MIPDALIA,1,0,1
MIPI,1,0,1
MIQUELINA,1,0,1
MIQUILINDA,1,0,1
MIRADY,1,0,1
MIRAFLORES,1,0,1
MIRALEOS,1,0,1
MIRAM,1,0,1
MIRAMELINDA,1,0,1
MIRANDAMA,1,0,1
MIRANDOLINA,1,0,1
MIRANI,1,0,1
MIRARLA,1,0,1
MIRAZA,1,0,1
MIRCE,1,0,1
MIRCELLA,1,0,1
MIRCENIA,1,0,1
MIRCHAO,1,0,1
MIRCIDA,1,0,1
MIRCILIA,1,0,1
MIRCILLE,1,0,1
MIRDALIA,1,0,1
MIRDAY,1,0,1
MIREI,1,0,1
MIREILLY,1,0,1
MIRELENIA,1,0,1
MIRELUZ,1,0,1
MIRELYDA,1,0,1
MIRENËA,1,0,1
MIRESA,1,0,1
MIRET,1,0,1
MIREYBI,1,0,1
MIREYCI,1,0,1
MIREYYA,1,0,1
MIREZA,1,0,1
MIRGIA,1,0,1
MIRGNA,1,0,1
MIRHLA,1,0,1
MIRHTA,1,0,1
MIRHTALA,1,0,1
MIRIALICIA,1,0,1
MIRIAMMIRIAN,1,0,1
MIRIAMN,1,0,1
MIRIAN    DE,1,0,1
MIRIAN XIOMARA,1,0,1
MIRIANAM,1,0,1
MIRIANG,1,0,1
MIRIANHA,1,0,1
MIRICIA,1,0,1
MIRID,1,0,1
MIRIDA,1,0,1
MIRIDELIA,1,0,1
MIRIEN,1,0,1
MIRILEN,1,0,1
MIRILIA,1,0,1
MIRITZA,1,0,1
MIRIXA,1,0,1
MIRIYA,1,0,1
MIRIZABEL,1,0,1
MIRJA,1,0,1
MIRJAN,1,0,1
MIRJELIN,1,0,1
MIRJIA,1,0,1
MIRJIAN,1,0,1
MIRLADIS,1,0,1
MIRLANDER,1,0,1
MIRLANY,1,0,1
MIRLE,1,0,1
MIRLENA,1,0,1
MIRLIS,1,0,1
MIRLON,1,0,1
MIRLONIDA,1,0,1
MIRLTZA,1,0,1
MIRMELINDA,1,0,1
MIRMENIA,1,0,1
MIRN,1,0,1
MIRNADAX,1,0,1
MIRNAIRNA,1,0,1
MIRNALY,1,0,1
MIRNANA,1,0,1
MIRNANOHELY,1,0,1
MIRON,1,0,1
MIROPA,1,0,1
MIROPIA,1,0,1
MIROPSE,1,0,1
MIROSLAV,1,0,1
MIROSLAW,1,0,1
MIRQUIARES,1,0,1
MIRRIM,1,0,1
MIRSABE,1,0,1
MIRSELDA,1,0,1
MIRSELEM,1,0,1
MIRSY,1,0,1
MIRSYANI,1,0,1
MIRTAHALA,1,0,1
MIRTALHA,1,0,1
MIRTALI,1,0,1
MIRTALISA,1,0,1
MIRTAN,1,0,1
MIRTHALIA,1,0,1
MIRTHILA,1,0,1
MIRTIANA,1,0,1
MIRTIDALIA,1,0,1
MIRTITA,1,0,1
MIRTOL,1,0,1
MIRTSA,1,0,1
MIRTYS,1,0,1
MIRUDITA,1,0,1
MIRYANE,1,0,1
MIRYANI,1,0,1
MIRZAIN,1,0,1
MIRZAM,1,0,1
MIRZHA,1,0,1
MIRZIA,1,0,1
MIRZO,1,0,1
MISAIAS,1,0,1
MISAILA,1,0,1
MISAINA,1,0,1
MISALETH,1,0,1
MISALINA,1,0,1
MISANDRO,1,0,1
MISAYBE,1,0,1
MISBECE,1,0,1
MISCARLITA,1,0,1
MISCORLA,1,0,1
MISDALIA,1,0,1
MISDELIN,1,0,1
MISDENIA,1,0,1
MISDINA,1,0,1
MISDORA,1,0,1
MISEGUITA,1,0,1
MISELANEA,1,0,1
MISELCY,1,0,1
MISELMA,1,0,1
MISERENIA,1,0,1
MISERINA,1,0,1
MISFRAIN,1,0,1
MISGELIM,1,0,1
MISGHELIN,1,0,1
MISGREY,1,0,1
MISGUEL,1,0,1
MISIDELIA,1,0,1
MISIDIA,1,0,1
MISIGDORA,1,0,1
MISILIS,1,0,1
MISIME,1,0,1
MISIRIS,1,0,1
MISJELIN,1,0,1
MISJELIS,1,0,1
MISLADY,1,0,1
MISLAINA,1,0,1
MISLIAM,1,0,1
MISLIAN,1,0,1
MISLIN,1,0,1
MISMABEL,1,0,1
MISMADE,1,0,1
MISMAMA,1,0,1
MISMARTA,1,0,1
MISMEBEL,1,0,1
MISMEDY,1,0,1
MISMELA,1,0,1
MISMERALI,1,0,1
MISMERY,1,0,1
MISMIN,1,0,1
MISMOR,1,0,1
MISNELES,1,0,1
MISODEL,1,0,1
MISODELL,1,0,1
MISOLGA,1,0,1
MISORMA,1,0,1
MISOVIA,1,0,1
MISPALINIA,1,0,1
MISPAT,1,0,1
MISPIDA,1,0,1
MISPREYDA,1,0,1
MISQUIRI,1,0,1
MISRAEL,1,0,1
MISRAYN,1,0,1
MISRRAHIN,1,0,1
MISSALES,1,0,1
MISSELANIA,1,0,1
MISSIDIL,1,0,1
MISSIEL,1,0,1
MISSY,1,0,1
MISTALA,1,0,1
MISTELBINA,1,0,1
MISTEREY,1,0,1
MISTERIO,1,0,1
MISTICA,1,0,1
MISTOYA,1,0,1
MISVIDA,1,0,1
MISXAEL,1,0,1
MITALY,1,0,1
MITCH,1,0,1
MITCI,1,0,1
MITCY,1,0,1
MITDALIA,1,0,1
MITELDY,1,0,1
MITHELIN,1,0,1
MITHON,1,0,1
MITHZKA,1,0,1
MITILINA,1,0,1
MITIN,1,0,1
MITIOSKA,1,0,1
MITKA,1,0,1
MITLAN,1,0,1
MITONIA,1,0,1
MITRA,1,0,1
MITSA,1,0,1
MITSY,1,0,1
MITTON,1,0,1
MITXAC,1,0,1
MITXY,1,0,1
MITXZA,1,0,1
MIURA,1,0,1
MIUREN,1,0,1
MIVEL,1,0,1
MIVIAN,1,0,1
MIXAE,1,0,1
MIXAN,1,0,1
MIXCIE,1,0,1
MIXCY,1,0,1
MIXELANIA,1,0,1
MIXID,1,0,1
MIXIE,1,0,1
MIXIS,1,0,1
MIXNA,1,0,1
MIXOLENIA,1,0,1
MIXON,1,0,1
MIXRAEL,1,0,1
MIXRAIN,1,0,1
MIXSABEL,1,0,1
MIXSIA,1,0,1
MIXSON,1,0,1
MIXTELIA,1,0,1
MIXTER,1,0,1
MIXTO,1,0,1
MIXTSI,1,0,1
MIXTZI,1,0,1
MIXZA,1,0,1
MIYANI,1,0,1
MIYANY,1,0,1
MIYRNA,1,0,1
MIYUKI,1,0,1
MIZAHEL,1,0,1
MIZALIA,1,0,1
MIZLIAM,1,0,1
MIZRRAHIN,1,0,1
MIZZA,1,0,1
MM,1,0,1
MMA,1,0,1
MOAMITA,1,0,1
MOBEL,1,0,1
MOCEDADES,1,0,1
MOCELA,1,0,1
MOCHE,1,0,1
MODAL,1,0,1
MODALINA,1,0,1
MODESTITO,1,0,1
MODESTO ANTONIO,1,0,1
MODESTRO,1,0,1
MODETO,1,0,1
MODOESTO,1,0,1
MODOY,1,0,1
MODWIN,1,0,1
MOEMY,1,0,1
MOGUEL,1,0,1
MOHABITA,1,0,1
MOHAMAAD,1,0,1
MOHAMETH,1,0,1
MOIESE,1,0,1
MOISE,1,0,1
MOISES DE,1,0,1
MOISES DE JESUS,1,0,1
MOISSES,1,0,1
MOISY,1,0,1
MOIZESA,1,0,1
MOJAT,1,0,1
MOLANS,1,0,1
MOLASCO,1,0,1
MOLENS,1,0,1
MOLICIA,1,0,1
MOLINS,1,0,1
MOLLI,1,0,1
MOLLINS,1,0,1
MOLVER,1,0,1
MOLVIA,1,0,1
MOLVIS,1,0,1
MOLY,1,0,1
MOMERIA,1,0,1
MOMERTO,1,0,1
MONA,1,0,1
MONALEE,1,0,1
MONALI,1,0,1
MONCEL,1,0,1
MONCY,1,0,1
MONDITA,1,0,1
MONGALO,1,0,1
MONI,1,0,1
MONIA,1,0,1
MONRAL,1,0,1
MONSEÑOR,1,0,1
MONSIA,1,0,1
MONSIE,1,0,1
MONSIEUR,1,0,1
MONSIS,1,0,1
MONSSY,1,0,1
MONTAHA,1,0,1
MONTAQUE,1,0,1
MONTECUE,1,0,1
MONTEGUE,1,0,1
MONTENO,1,0,1
MONTEREY,1,0,1
MONTESJUAN,1,0,1
MONTIFAR,1,0,1
MONTIN,1,0,1
MONTY,1,0,1
MONTZERRATH,1,0,1
MOORIN,1,0,1
MOPELDY,1,0,1
MORACA,1,0,1
MORALIA,1,0,1
MORALITO,1,0,1
MORANILA,1,0,1
MORAYDEE,1,0,1
MORAYMA,1,0,1
MORBE,1,0,1
MORBERTA,1,0,1
MORBERTO,1,0,1
MORCILLO,1,0,1
MORDECIA,1,0,1
MORDICIA,1,0,1
MORDILIA,1,0,1
MORDIN,1,0,1
MORECE,1,0,1
MORES,1,0,1
MORFELIA,1,0,1
MORFIN,1,0,1
MORGANSITO,1,0,1
MORGENES,1,0,1
MORIBEL,1,0,1
MORIEL,1,0,1
MORII,1,0,1
MORINDINA,1,0,1
MORIO,1,0,1
MORISAN,1,0,1
MORISELDA,1,0,1
MORIVIA,1,0,1
MORLEANN,1,0,1
MORLINE,1,0,1
MORLYN,1,0,1
MORLYNN,1,0,1
MORNI,1,0,1
MORO,1,0,1
MOROLINA,1,0,1
MORRFEY,1,0,1
MORRISON,1,0,1
MORROQUIN,1,0,1
MORTELINA,1,0,1
MORTIMELL,1,0,1
MORUCHA,1,0,1
MORVY,1,0,1
MORY,1,0,1
MORYS,1,0,1
MOSTARELI,1,0,1
MOUNCY,1,0,1
MOUSSES,1,0,1
MOVIA,1,0,1
MOVIS,1,0,1
MRAIA,1,0,1
MRIAM,1,0,1
MRIIAM,1,0,1
MRIO,1,0,1
MRSIA,1,0,1
MRTIN,1,0,1
MRVIN,1,0,1
MUGUET,1,0,1
MUI,1,0,1
MUIASAR,1,0,1
MUIREL,1,0,1
MUISES,1,0,1
MULIN,1,0,1
MUNDITA,1,0,1
MUNDY,1,0,1
MURADEL,1,0,1
MURCIA.REINALDO,1,0,1
MURDEN,1,0,1
MUREDILIN,1,0,1
MUREL,1,0,1
MURGLEN,1,0,1
MURGUIN,1,0,1
MURICH,1,0,1
MURIELLE,1,0,1
MURILL,1,0,1
MURLIE,1,0,1
MURLIN,1,0,1
MURO,1,0,1
MUSELMA,1,0,1
MUSI,1,0,1
MUSIA,1,0,1
MUSLINA,1,0,1
MUSSETT,1,0,1
MUSSOLINO,1,0,1
MUTINIO,1,0,1
MUVI,1,0,1
MUZZLY,1,0,1
MYBETH,1,0,1
MYCON,1,0,1
MYDORIS,1,0,1
MYKELL,1,0,1
MYKING,1,0,1
MYLADY,1,0,1
MYLDRED,1,0,1
MYLDREN,1,0,1
MYLDRES,1,0,1
MYLEE,1,0,1
MYLORD,1,0,1
MYLVIA,1,0,1
MYLY,1,0,1
MYNDA,1,0,1
MYRCIA,1,0,1
MYRDAL,1,0,1
MYREIDA,1,0,1
MYRIA,1,0,1
MYRIAMS,1,0,1
MYRIBETH,1,0,1
MYRIL,1,0,1
MYRL,1,0,1
MYRLEN,1,0,1
MYRLON,1,0,1
MYRMA,1,0,1
MYRSIA,1,0,1
MYRTEL,1,0,1
MYRTI,1,0,1
MYRTTE,1,0,1
MYRYAN,1,0,1
MYTRIS,1,0,1
MYUNG,1,0,1
MYURIAL,1,0,1
NAADIA,1,0,1
NAAMON,1,0,1
NABELLY,1,0,1
NABI,1,0,1
NABIH,1,0,1
NABIJA,1,0,1
NABILA,1,0,1
NABILL,1,0,1
NABIN,1,0,1
NABISHA,1,0,1
NABLINA,1,0,1
NABLISTA,1,0,1
NABREL,1,0,1
NABRELINA,1,0,1
NABRELTINA,1,0,1
NABUCODONOSOR,1,0,1
NABUR,1,0,1
NACELIN,1,0,1
NACI,1,0,1
NACIANO,1,0,1
NACIANZENO,1,0,1
NACIASENO,1,0,1
NACIFORA,1,0,1
NACILIA,1,0,1
NACIONAL,1,0,1
NACIRY,1,0,1
NACISO,1,0,1
NACIZ,1,0,1
NACLADYS,1,0,1
NACOBERTO,1,0,1
NACROLIA,1,0,1
NADDIA,1,0,1
NADDYA,1,0,1
NADEA,1,0,1
NADEANE,1,0,1
NADEIZDA,1,0,1
NADELA,1,0,1
NADELIN,1,0,1
NADELINA,1,0,1
NADELSKA,1,0,1
NADENE,1,0,1
NADESDHA,1,0,1
NADESHDA,1,0,1
NADESKDA,1,0,1
NADESMA,1,0,1
NADESNA,1,0,1
NADESTA,1,0,1
NADEZCA,1,0,1
NADEZNA,1,0,1
NADHEZDA,1,0,1
NADIENKA,1,0,1
NADIENSKA,1,0,1
NADIERY,1,0,1
NADIEZTA,1,0,1
NADIHESKA,1,0,1
NADIHEZDA,1,0,1
NADIM,1,0,1
NADINEK,1,0,1
NADIT,1,0,1
NADIYUSKA,1,0,1
NADULINA,1,0,1
NADYNA,1,0,1
NADYRA,1,0,1
NAEDIES,1,0,1
NAELI,1,0,1
NAELIA,1,0,1
NAELMAHINA,1,0,1
NAER,1,0,1
NAFAU,1,0,1
NAFI,1,0,1
NAGEIDA,1,0,1
NAGHMEH,1,0,1
NAGIA,1,0,1
NAGIBE,1,0,1
NAGIL,1,0,1
NAGMED,1,0,1
NAGUIA,1,0,1
NAGUIB,1,0,1
NAHA,1,0,1
NAHABI,1,0,1
NAHAIRA,1,0,1
NAHAMA,1,0,1
NAHARI,1,0,1
NAHAUSI,1,0,1
NAHELID,1,0,1
NAHELY,1,0,1
NAHEMIAS,1,0,1
NAHIBE,1,0,1
NAHUIL,1,0,1
NAHUMBERTO,1,0,1
NAIBELINA,1,0,1
NAIBIA,1,0,1
NAIDEA,1,0,1
NAIDELY,1,0,1
NAIDEN,1,0,1
NAIDES,1,0,1
NAIDI,1,0,1
NAIDIN,1,0,1
NAIDRA,1,0,1
NAIDRY,1,0,1
NAIDYA,1,0,1
NAIEL,1,0,1
NAIKE,1,0,1
NAIKEE,1,0,1
NAILENA,1,0,1
NAILIN,1,0,1
NAILY,1,0,1
NAIPKY,1,0,1
NAIRES,1,0,1
NAIRIA,1,0,1
NAIRO,1,0,1
NAIROBIN,1,0,1
NAISEL,1,0,1
NAISILIA,1,0,1
NAISLADA,1,0,1
NAIVE,1,0,1
NAIZA,1,0,1
NAJERO,1,0,1
NAJIA,1,0,1
NAJLI,1,0,1
NAJOR,1,0,1
NAKI,1,0,1
NAKIA,1,0,1
NALACIO,1,0,1
NALAMI,1,0,1
NALANYS,1,0,1
NALBA,1,0,1
NALBES,1,0,1
NALBYS,1,0,1
NALDA VERONICA,1,0,1
NALDI,1,0,1
NALESKA,1,0,1
NALICIA,1,0,1
NALIN,1,0,1
NALIZA,1,0,1
NALLAN,1,0,1
NALLEN,1,0,1
NALMIN,1,0,1
NALSON,1,0,1
NALSY,1,0,1
NALVA,1,0,1
NALVES,1,0,1
NALVIA,1,0,1
NALVIO,1,0,1
NAMARE,1,0,1
NAMARY,1,0,1
NAMBERTO,1,0,1
NAMITH,1,0,1
NAMON,1,0,1
NAMY,1,0,1
NANCELI,1,0,1
NANCIE,1,0,1
NANCIVEL,1,0,1
NANCIY,1,0,1
NANCYBEL,1,0,1
NANCYBELL,1,0,1
NANCYRA,1,0,1
NANDY,1,0,1
NANERCY,1,0,1
NANES,1,0,1
NANGIL,1,0,1
NANI,1,0,1
NANIN,1,0,1
NANKING,1,0,1
NANNIE,1,0,1
NANSEY,1,0,1
NANSIBEL,1,0,1
NANSIY,1,0,1
NANSLY,1,0,1
NANSRY,1,0,1
NANSU,1,0,1
NANZI,1,0,1
NANZY,1,0,1
NAOBI,1,0,1
NAOMIE,1,0,1
NAPHIS,1,0,1
NAPLOLEON,1,0,1
NAPO LEON,1,0,1
NAPOLON,1,0,1
NAPTALY,1,0,1
NAQUIN,1,0,1
NARACELY,1,0,1
NARAIDA,1,0,1
NARALY,1,0,1
NARCEDALIA,1,0,1
NARCIGILIO,1,0,1
NARCIN,1,0,1
NARCIO,1,0,1
NARCIS,1,0,1
NARCISS,1,0,1
NARCITA,1,0,1
NARCIZ,1,0,1
NARDEN,1,0,1
NARDITO,1,0,1
NARDUN,1,0,1
NARDYN,1,0,1
NARECELA,1,0,1
NAREN,1,0,1
NAREYDA,1,0,1
NARIEY,1,0,1
NARING,1,0,1
NARISELVA,1,0,1
NARIVIDAD,1,0,1
NARJIS,1,0,1
NARLA,1,0,1
NARRIMAN,1,0,1
NARSI,1,0,1
NARSIS,1,0,1
NARTA,1,0,1
NARTALI,1,0,1
NARVES,1,0,1
NARVIN,1,0,1
NARWEYS,1,0,1
NARXISO,1,0,1
NARYI,1,0,1
NARZA,1,0,1
NARZIZO,1,0,1
NASAR,1,0,1
NASARELIA,1,0,1
NASDRIT,1,0,1
NASDRY,1,0,1
NASDY,1,0,1
NASHAT,1,0,1
NASHBLY,1,0,1
NASHWA,1,0,1
NASIELIN,1,0,1
NASIM,1,0,1
NASIRE,1,0,1
NASIRI,1,0,1
NASIRO,1,0,1
NASLEN,1,0,1
NASLIA,1,0,1
NASLLY,1,0,1
NASLYN,1,0,1
NASMI,1,0,1
NASPI,1,0,1
NASRA,1,0,1
NASSARI,1,0,1
NASSARIA,1,0,1
NASSIM,1,0,1
NASSIRE,1,0,1
NASSYA,1,0,1
NASTENIA,1,0,1
NASTHE,1,0,1
NASTHEE,1,0,1
NASTIN,1,0,1
NATAHAEL,1,0,1
NATAHAN,1,0,1
NATALICIO,1,0,1
NATALIZIA,1,0,1
NATALYN,1,0,1
NATASKA,1,0,1
NATAVIDAD,1,0,1
NATE,1,0,1
NATELEE,1,0,1
NATHAJALID,1,0,1
NATHALY,1,0,1
NATHILEE,1,0,1
NATHON,1,0,1
NATILIA,1,0,1
NATILO,1,0,1
NATIN,1,0,1
NATIS,1,0,1
NATIVADAD,1,0,1
NATIVID,1,0,1
NATIVIDAC,1,0,1
NATLIE,1,0,1
NATRILIA,1,0,1
NATTANAEL,1,0,1
NATTY,1,0,1
NATUIN,1,0,1
NATZI,1,0,1
NATZUL,1,0,1
NAUDA,1,0,1
NAUDELA,1,0,1
NAUDELIA,1,0,1
NAUDILIA,1,0,1
NAUDY,1,0,1
NAUHUM,1,0,1
NAUSIAKA,1,0,1
NAVARETH,1,0,1
NAVARINA,1,0,1
NAVELITH,1,0,1
NAVEYBA,1,0,1
NAVIDALIA,1,0,1
NAVIEN,1,0,1
NAVIESDA,1,0,1
NAVIISEL,1,0,1
NAVYN,1,0,1
NAWELL,1,0,1
NAWILITA,1,0,1
NAWUAL,1,0,1
NAXA,1,0,1
NAXCIN,1,0,1
NAXER,1,0,1
NAXI,1,0,1
NAXON,1,0,1
NAYADY,1,0,1
NAYAMA,1,0,1
NAYARA,1,0,1
NAYAT,1,0,1
NAYDALIS,1,0,1
NAYDENDY,1,0,1
NAYDER,1,0,1
NAYDI,1,0,1
NAYDING,1,0,1
NAYDO,1,0,1
NAYDYN,1,0,1
NAYENDI,1,0,1
NAYER,1,0,1
NAYEREB,1,0,1
NAYKIN,1,0,1
NAYLETH,1,0,1
NAYM,1,0,1
NAYME,1,0,1
NAYOLA,1,0,1
NAYRE,1,0,1
NAYRI,1,0,1
NAYSIS,1,0,1
NAYUA,1,0,1
NAYVI,1,0,1
NAYVIN,1,0,1
NAZART,1,0,1
NAZIM,1,0,1
NAZIO,1,0,1
NAZUL,1,0,1
NEAMICIA,1,0,1
NEBA,1,0,1
NEBALITA,1,0,1
NEBDY,1,0,1
NEBEIDA,1,0,1
NEBELIN,1,0,1
NEBETA,1,0,1
NEBLING,1,0,1
NEBOTH,1,0,1
NEBTALY,1,0,1
NEBY,1,0,1
NEBYN,1,0,1
NEC,1,0,1
NECANOR,1,0,1
NECCIA,1,0,1
NECCIS,1,0,1
NECCTALY,1,0,1
NECCY,1,0,1
NECE,1,0,1
NECHITO,1,0,1
NECPTALI,1,0,1
NECSER,1,0,1
NECSI,1,0,1
NECSO,1,0,1
NECTA,1,0,1
NECTALIC,1,0,1
NECTALIN,1,0,1
NECTAR,1,0,1
NECTAVIO,1,0,1
NECTE,1,0,1
NECTHY,1,0,1
NECTINA,1,0,1
NECTIZ,1,0,1
NECTTY,1,0,1
NECTYS,1,0,1
NEDDA,1,0,1
NEDDAY,1,0,1
NEDDLEN,1,0,1
NEDEIDI,1,0,1
NEDESLY,1,0,1
NEDFY,1,0,1
NEDIAN,1,0,1
NEDIESKA,1,0,1
NEDIM,1,0,1
NEDING,1,0,1
NEDIZ,1,0,1
NEDLY,1,0,1
NEDMAN,1,0,1
NEDRISKA,1,0,1
NEDSAID,1,0,1
NEDSKY,1,0,1
NEDTALI,1,0,1
NEDVIA,1,0,1
NEDWIN,1,0,1
NEDYN,1,0,1
NEDYUA,1,0,1
NEEDY,1,0,1
NEEKEN,1,0,1
NEEM,1,0,1
NEEMMA,1,0,1
NEESIS,1,0,1
NEESLY,1,0,1
NEFALI,1,0,1
NEFAR,1,0,1
NEFCTALI,1,0,1
NEFF,1,0,1
NEFFER,1,0,1
NEFFRY,1,0,1
NEFHTALI,1,0,1
NEFIE,1,0,1
NEFIZ,1,0,1
NEFPTALI,1,0,1
NEFRI,1,0,1
NEFRIZ,1,0,1
NEFTHALY,1,0,1
NEFTI,1,0,1
NEGASERA,1,0,1
NEGEL,1,0,1
NEGGEL,1,0,1
NEGI,1,0,1
NEGLI,1,0,1
NEGLY,1,0,1
NEGMA,1,0,1
NEGRA,1,0,1
NEGTALIA,1,0,1
NEGTALY,1,0,1
NEHEMIAO,1,0,1
NEHERING,1,0,1
NEHERMIAS,1,0,1
NEHIDY,1,0,1
NEHOMI,1,0,1
NEHUN,1,0,1
NEIBIA,1,0,1
NEICILY,1,0,1
NEIDIA,1,0,1
NEIDIN,1,0,1
NEIDINA,1,0,1
NEIDYS,1,0,1
NEILDA,1,0,1
NEILE,1,0,1
NEILIE,1,0,1
NEILLY,1,0,1
NEIMI,1,0,1
NEINON,1,0,1
NEIRI,1,0,1
NEISBEL,1,0,1
NEISELY,1,0,1
NEISHA,1,0,1
NEISI,1,0,1
NEISON,1,0,1
NEISYLIS,1,0,1
NEIVA,1,0,1
NEIVIS,1,0,1
NEIYVIN,1,0,1
NEIZA,1,0,1
NEJLA,1,0,1
NEJMAH,1,0,1
NEKESHA,1,0,1
NELAMARIA,1,0,1
NELAMI,1,0,1
NELANI,1,0,1
NELBAN,1,0,1
NELBINA,1,0,1
NELBISS,1,0,1
NELBYN,1,0,1
NELCHOR,1,0,1
NELCIDA,1,0,1
NELCIE,1,0,1
NELCIM,1,0,1
NELCIYN,1,0,1
NELCYN,1,0,1
NELCYS,1,0,1
NELDARA,1,0,1
NELDIA,1,0,1
NELDIANA,1,0,1
NELDIR,1,0,1
NELDIVETH,1,0,1
NELDYN,1,0,1
NELEA,1,0,1
NELEBY,1,0,1
NELEO,1,0,1
NELFALY,1,0,1
NELFFI,1,0,1
NELFI,1,0,1
NELFIDA,1,0,1
NELGIA,1,0,1
NELGIN,1,0,1
NELGIO,1,0,1
NELGRI,1,0,1
NELGUIDA,1,0,1
NELGUIX,1,0,1
NELGY,1,0,1
NELHAIN,1,0,1
NELI  YOLANDA,1,0,1
NELI DEL CARMEN,1,0,1
NELIC,1,0,1
NELIE,1,0,1
NELIFE,1,0,1
NELILA,1,0,1
NELING,1,0,1
NELION,1,0,1
NELIR,1,0,1
NELISA,1,0,1
NELISSA,1,0,1
NELISSONIA,1,0,1
NELITBZ,1,0,1
NELIXS,1,0,1
NELIXZA,1,0,1
NELIYA,1,0,1
NELKIS,1,0,1
NELLDY,1,0,1
NELLE,1,0,1
NELLEYS,1,0,1
NELLLY,1,0,1
NELLRINE,1,0,1
NELLS,1,0,1
NELLYANN,1,0,1
NELLYSABEL,1,0,1
NELMARIE,1,0,1
NELMARY,1,0,1
NELMAS,1,0,1
NELMER,1,0,1
NELMINA,1,0,1
NELPA,1,0,1
NELPIA,1,0,1
NELQUI,1,0,1
NELQUIDES,1,0,1
NELQUIN,1,0,1
NELQUIODES,1,0,1
NELSAI,1,0,1
NELSAR,1,0,1
NELSE,1,0,1
NELSER,1,0,1
NELSEY,1,0,1
NELSIAN,1,0,1
NELSIDA,1,0,1
NELSIO,1,0,1
NELSIR,1,0,1
NELSITA,1,0,1
NELSITO,1,0,1
NELSOL,1,0,1
NELSONON,1,0,1
NELSUS,1,0,1
NELSYM,1,0,1
NELTO,1,0,1
NELUYN,1,0,1
NELVERT,1,0,1
NELVINA,1,0,1
NELWIN,1,0,1
NELXO,1,0,1
NELXZ,1,0,1
NELY  CAROLINA,1,0,1
NELY MARIBEL,1,0,1
NELYC,1,0,1
NELYDA,1,0,1
NELYSY,1,0,1
NELYY,1,0,1
NELYZABETH,1,0,1
NELZAN,1,0,1
NEMATALLAH,1,0,1
NEMECIS,1,0,1
NEMEDIO,1,0,1
NEMELIA,1,0,1
NEMEN,1,0,1
NEMHIL,1,0,1
NEMIHAS,1,0,1
NEMIO,1,0,1
NEMISKE,1,0,1
NEMPHA,1,0,1
NEMROTT,1,0,1
NENAMARIA,1,0,1
NENEE,1,0,1
NENEY,1,0,1
NENFER,1,0,1
NENFIN,1,0,1
NENI,1,0,1
NENIZ,1,0,1
NENNA,1,0,1
NENO,1,0,1
NENROD,1,0,1
NENRRI,1,0,1
NENRY,1,0,1
NENSIS,1,0,1
NENSO,1,0,1
NENSSY,1,0,1
NENTO,1,0,1
NENYN,1,0,1
NEOCOMEDES,1,0,1
NEODIC,1,0,1
NEOLI,1,0,1
NEOLIA,1,0,1
NEOLIN,1,0,1
NEOMAN,1,0,1
NEOMEDES,1,0,1
NEOMEY,1,0,1
NEOMINA,1,0,1
NEOMISIO,1,0,1
NEONICIO,1,0,1
NEOVANI,1,0,1
NEOVIS,1,0,1
NEOZELANDEZ,1,0,1
NEPATY,1,0,1
NEPHY,1,0,1
NEPSY,1,0,1
NEPTA¼Y,1,0,1
NEPTALIS,1,0,1
NEPTALIY,1,0,1
NEPTHALI,1,0,1
NEPTON,1,0,1
NEPZER,1,0,1
NERAIDA,1,0,1
NERAN,1,0,1
NERARDEN,1,0,1
NERARI,1,0,1
NERCIA,1,0,1
NERCIO,1,0,1
NERCYS,1,0,1
NERDIS,1,0,1
NEREDICK,1,0,1
NEREL,1,0,1
NERELIA,1,0,1
NERET,1,0,1
NEREYLIA,1,0,1
NERFETTY,1,0,1
NERGEL,1,0,1
NERGY,1,0,1
NERI DE JESUS,1,0,1
NERIAH,1,0,1
NERIAM,1,0,1
NERIAN,1,0,1
NERIAS,1,0,1
NERICIA,1,0,1
NERIDALMA,1,0,1
NERIM,1,0,1
NERISS,1,0,1
NERISTOL,1,0,1
NERJIN,1,0,1
NERLAN,1,0,1
NERLIO,1,0,1
NERLLING,1,0,1
NERLO,1,0,1
NERMILA,1,0,1
NERMIN,1,0,1
NERMINA,1,0,1
NERSIN,1,0,1
NERSO,1,0,1
NERSYY,1,0,1
NERTA,1,0,1
NERTALINA,1,0,1
NERTHA,1,0,1
NERVALIA,1,0,1
NERVI,1,0,1
NERXEDA,1,0,1
NERYDA,1,0,1
NERYI,1,0,1
NERYNA,1,0,1
NERYO,1,0,1
NERYX,1,0,1
NERYZ,1,0,1
NESAIL,1,0,1
NESBIN,1,0,1
NESBITH,1,0,1
NESCLIN,1,0,1
NESER,1,0,1
NESFFY,1,0,1
NESFI,1,0,1
NESHMY,1,0,1
NESKINS,1,0,1
NESKY,1,0,1
NESLE,1,0,1
NESLLIVE,1,0,1
NESLO,1,0,1
NESLYEN,1,0,1
NESLYN,1,0,1
NESMIA,1,0,1
NESMY,1,0,1
NESON,1,0,1
NESQUEN,1,0,1
NESSIN,1,0,1
NESSKIN,1,0,1
NESSLEN,1,0,1
NESSLER,1,0,1
NESSLIE,1,0,1
NESSLIEY,1,0,1
NESSLIHEY,1,0,1
NESSLIN,1,0,1
NESTH,1,0,1
NESTINA,1,0,1
NESTRELDA,1,0,1
NESWIN,1,0,1
NETANIA,1,0,1
NETANIAS,1,0,1
NETBY,1,0,1
NETCER,1,0,1
NETCHE,1,0,1
NETH,1,0,1
NETHERLY,1,0,1
NETLER,1,0,1
NETLEY,1,0,1
NETLY,1,0,1
NETMINA,1,0,1
NETSER,1,0,1
NETSY,1,0,1
NETTA,1,0,1
NETTIE,1,0,1
NETTSY,1,0,1
NETZAI,1,0,1
NEUBENIA,1,0,1
NEUBERIS,1,0,1
NEUDA,1,0,1
NEUDALI,1,0,1
NEUDY,1,0,1
NEUGLIN,1,0,1
NEULIS,1,0,1
NEULYN,1,0,1
NEUMANN,1,0,1
NEUMEDES,1,0,1
NEURIN,1,0,1
NEUSTALI,1,0,1
NEUTALIA,1,0,1
NEUVENIA,1,0,1
NEVALY,1,0,1
NEVANY,1,0,1
NEVELI,1,0,1
NEVELINA,1,0,1
NEVELLY,1,0,1
NEVELYN,1,0,1
NEVEZ,1,0,1
NEVIB,1,0,1
NEVID,1,0,1
NEVILLE,1,0,1
NEVIO,1,0,1
NEVISABEL,1,0,1
NEVSKY,1,0,1
NEVYN,1,0,1
NEWBLY,1,0,1
NEWLYN,1,0,1
NEXAEL,1,0,1
NEXAR,1,0,1
NEXCER,1,0,1
NEXCI,1,0,1
NEXCIBEL,1,0,1
NEXCIS,1,0,1
NEXCY,1,0,1
NEXEN,1,0,1
NEXI  IVAN,1,0,1
NEXIA,1,0,1
NEXIDA,1,0,1
NEXIDE,1,0,1
NEXIE,1,0,1
NEXMAN,1,0,1
NEXNI,1,0,1
NEXOR,1,0,1
NEXSON,1,0,1
NEXSY,1,0,1
NEXTIZ,1,0,1
NEXTOLINA,1,0,1
NEXTOR,1,0,1
NEYBA,1,0,1
NEYBE,1,0,1
NEYBIN,1,0,1
NEYBY,1,0,1
NEYCY,1,0,1
NEYDAH,1,0,1
NEYDE,1,0,1
NEYDEE,1,0,1
NEYDIN,1,0,1
NEYDIS,1,0,1
NEYDORA,1,0,1
NEYDYSS,1,0,1
NEYFA,1,0,1
NEYFER,1,0,1
NEYIRA,1,0,1
NEYLAM,1,0,1
NEYLES,1,0,1
NEYLLYN,1,0,1
NEYMI,1,0,1
NEYNI,1,0,1
NEYRE,1,0,1
NEYROVI,1,0,1
NEYSO,1,0,1
NEYSON,1,0,1
NEYTHEL,1,0,1
NEYTI,1,0,1
NEYVA,1,0,1
NEYVIN,1,0,1
NEZAR,1,0,1
NEZONNE,1,0,1
NG,1,0,1
NGA,1,0,1
NGOC,1,0,1
NHADIA,1,0,1
NHAUN,1,0,1
NHELY,1,0,1
NHEMIAS,1,0,1
NHESTAR,1,0,1
NHIELZEN,1,0,1
NHURVIN,1,0,1
NIAH,1,0,1
NIAN,1,0,1
NIBIA DE JESUS,1,0,1
NIBSOR,1,0,1
NICANOVA,1,0,1
NICATUL,1,0,1
NICAULIS,1,0,1
NICBERTO,1,0,1
NICDALIA,1,0,1
NICDEE,1,0,1
NICELDY,1,0,1
NICES,1,0,1
NICH,1,0,1
NICHMA,1,0,1
NICHO,1,0,1
NICHOLE,1,0,1
NICHTE,1,0,1
NICIDA,1,0,1
NICIELEE,1,0,1
NICKEL,1,0,1
NICKEY,1,0,1
NICKY,1,0,1
NICLILE,1,0,1
NICOA,1,0,1
NICOALS,1,0,1
NICODEMA,1,0,1
NICODIMOS,1,0,1
NICOLAS JORGE,1,0,1
NICOLD,1,0,1
NICOLLY,1,0,1
NICOLSA,1,0,1
NICOLY,1,0,1
NICOMERES,1,0,1
NICOMERIS,1,0,1
NICORRONIL,1,0,1
NICTALIAS,1,0,1
NICTO,1,0,1
NICXIA,1,0,1
NICZI,1,0,1
NICZON,1,0,1
NIDAH,1,0,1
NIDAL,1,0,1
NIDALMA,1,0,1
NIDCA,1,0,1
NIDDIAN,1,0,1
NIDEAN,1,0,1
NIDELDA,1,0,1
NIDELINA,1,0,1
NIDELMI,1,0,1
NIDEN,1,0,1
NIDENSIS,1,0,1
NIDHIYA,1,0,1
NIDIFA,1,0,1
NIDIN,1,0,1
NIDO,1,0,1
NIEGUILL,1,0,1
NIELCY,1,0,1
NIELLS,1,0,1
NIELSE,1,0,1
NIELSON,1,0,1
NIELVIS,1,0,1
NIESTA,1,0,1
NIEXI,1,0,1
NIFY,1,0,1
NIGAN,1,0,1
NIGHSON,1,0,1
NIGLAN,1,0,1
NIGLASTIN,1,0,1
NIGMA,1,0,1
NIGNA,1,0,1
NIGSON,1,0,1
NIGSOR,1,0,1
NIGTHAEL,1,0,1
NIGUELSIN,1,0,1
NIJER,1,0,1
NIKE,1,0,1
NIKEL,1,0,1
NIKOLAY,1,0,1
NIKOS,1,0,1
NIKTEA,1,0,1
NILAH,1,0,1
NILBELA,1,0,1
NILBERTO,1,0,1
NILCER,1,0,1
NILCI,1,0,1
NILCIAN,1,0,1
NILCY,1,0,1
NILDAMARIBEL,1,0,1
NILDE,1,0,1
NILDER,1,0,1
NILDES,1,0,1
NILDI,1,0,1
NILDIBETTE,1,0,1
NILDON,1,0,1
NILDOR,1,0,1
NILDREN,1,0,1
NILEPTA,1,0,1
NILES,1,0,1
NILEX,1,0,1
NILFO,1,0,1
NILHER,1,0,1
NILIAM,1,0,1
NILINS,1,0,1
NILIO,1,0,1
NILIS,1,0,1
NILJHA,1,0,1
NILLIAM,1,0,1
NILLYAM,1,0,1
NILOS,1,0,1
NILSEN,1,0,1
NILSI,1,0,1
NILSIAM,1,0,1
NILSIAN,1,0,1
NILSIO,1,0,1
NILSZENIA,1,0,1
NILTO,1,0,1
NILVER,1,0,1
NILVIN,1,0,1
NILXON,1,0,1
NILY,1,0,1
NILYA,1,0,1
NILYAN,1,0,1
NILZAN,1,0,1
NILZER,1,0,1
NILZI,1,0,1
NILZIA,1,0,1
NIMCI,1,0,1
NIME,1,0,1
NIMEL,1,0,1
NIMEN,1,0,1
NIMERIA,1,0,1
NIMFA,1,0,1
NIMFA CLAUDETTE,1,0,1
NIMIS,1,0,1
NIMRAM,1,0,1
NIMRROD,1,0,1
NIMYS,1,0,1
NINCER,1,0,1
NINDA,1,0,1
NINDALIA,1,0,1
NINDIRI,1,0,1
NINE,1,0,1
NINELBA,1,0,1
NINILES,1,0,1
NINME,1,0,1
NINMER,1,0,1
NINNIS,1,0,1
NINOSCHKA,1,0,1
NINOTCHKA,1,0,1
NINOUSKA,1,0,1
NINOVSKA,1,0,1
NINOXSA,1,0,1
NINROOD,1,0,1
NINRROB,1,0,1
NINRROL,1,0,1
NINSA,1,0,1
NINSI,1,0,1
NINSSA,1,0,1
NINUEL,1,0,1
NIOBI,1,0,1
NIOLILA,1,0,1
NIOMI,1,0,1
NIOMISIA,1,0,1
NIOVY,1,0,1
NIPCIA,1,0,1
NIPSON,1,0,1
NIPTALI,1,0,1
NIQUELINA,1,0,1
NIQUIN,1,0,1
NIRAIDA,1,0,1
NIRBA,1,0,1
NIRETH,1,0,1
NIREVIA,1,0,1
NIRGIAN,1,0,1
NIRINA,1,0,1
NIRION,1,0,1
NIRLAM,1,0,1
NIRO,1,0,1
NIRSA,1,0,1
NIRSABEL,1,0,1
NIRSIA,1,0,1
NIRTALA,1,0,1
NIRTALINA,1,0,1
NIRVAR,1,0,1
NIRZZA,1,0,1
NISAN,1,0,1
NISBIAN,1,0,1
NISCELY,1,0,1
NISHMENTH,1,0,1
NISHMETH,1,0,1
NISIS,1,0,1
NISMA,1,0,1
NISMEE,1,0,1
NISONIA,1,0,1
NISSAN,1,0,1
NISSEN,1,0,1
NISSIE,1,0,1
NISVELA,1,0,1
NISY,1,0,1
NITAN,1,0,1
NITCE,1,0,1
NITCIA,1,0,1
NITLA,1,0,1
NITRIA,1,0,1
NITRIDA,1,0,1
NITRODIS,1,0,1
NITSON,1,0,1
NITZAU,1,0,1
NIUMICIA,1,0,1
NIURCA,1,0,1
NIURKA,1,0,1
NIVAN,1,0,1
NIVELLA,1,0,1
NIVEN,1,0,1
NIVER,1,0,1
NIVIEN,1,0,1
NIVIO,1,0,1
NIVIS,1,0,1
NIWENTER,1,0,1
NIX,1,0,1
NIXA DE JESUS,1,0,1
NIXABE,1,0,1
NIXAHEL,1,0,1
NIXAHIN,1,0,1
NIXANIA,1,0,1
NIXELANIA,1,0,1
NIXIDA,1,0,1
NIXIE,1,0,1
NIXIN,1,0,1
NIXIRELY,1,0,1
NIXIS,1,0,1
NIXOLY,1,0,1
NIXZO,1,0,1
NIZHTA,1,0,1
NIZIA,1,0,1
NIZSA,1,0,1
NIZTZA,1,0,1
NMARIA,1,0,1
NOADIA,1,0,1
NOANA,1,0,1
NOBI,1,0,1
NOBIDA,1,0,1
NOBILDA,1,0,1
NOBILIS,1,0,1
NOBILYANO,1,0,1
NOBLEDA,1,0,1
NOBLELEE,1,0,1
NOBLIN,1,0,1
NOBRELINA,1,0,1
NOBRILINA,1,0,1
NOBY,1,0,1
NOCIRYS,1,0,1
NOCO,1,0,1
NODALMA,1,0,1
NODEL,1,0,1
NODERSI,1,0,1
NODETT,1,0,1
NODIA,1,0,1
NODIL,1,0,1
NODINDA,1,0,1
NODIZ,1,0,1
NOECITO,1,0,1
NOEDVIN,1,0,1
NOEL DE JESUS,1,0,1
NOELBERTO,1,0,1
NOELBIN,1,0,1
NOELDIN,1,0,1
NOELES,1,0,1
NOELIAN,1,0,1
NOELIHA,1,0,1
NOELINO,1,0,1
NOELVIA,1,0,1
NOELVIZ,1,0,1
NOEME,1,0,1
NOEMI FRANCISCA,1,0,1
NOEMINOE,1,0,1
NOEMITO,1,0,1
NOESIS,1,0,1
NOESME,1,0,1
NOEY,1,0,1
NOFICINIO,1,0,1
NOGLA,1,0,1
NOGUERA,1,0,1
NOHADIA,1,0,1
NOHECY,1,0,1
NOHEI,1,0,1
NOHELIA MELISSA,1,0,1
NOHELVIA,1,0,1
NOHELVIS,1,0,1
NOHEMIO,1,0,1
NOHEMISIA,1,0,1
NOHEMYDEL,1,0,1
NOHERCY,1,0,1
NOHETIZ,1,0,1
NOHGEMI,1,0,1
NOHIRA,1,0,1
NOHREY,1,0,1
NOIBIA,1,0,1
NOIDA,1,0,1
NOIDY,1,0,1
NOILAN,1,0,1
NOILYN,1,0,1
NOIME,1,0,1
NOIRA,1,0,1
NOLANG,1,0,1
NOLANIS,1,0,1
NOLASKA,1,0,1
NOLAYDA,1,0,1
NOLBAVIDA,1,0,1
NOLBED,1,0,1
NOLBINA,1,0,1
NOLBITO,1,0,1
NOLBIZ,1,0,1
NOLBYA,1,0,1
NOLCIN,1,0,1
NOLDIA,1,0,1
NOLDYS,1,0,1
NOLEIRA,1,0,1
NOLEIS,1,0,1
NOLEISA,1,0,1
NOLEN,1,0,1
NOLERTO,1,0,1
NOLFA,1,0,1
NOLFAN,1,0,1
NOLFANG,1,0,1
NOLFIS,1,0,1
NOLFRED,1,0,1
NOLGA,1,0,1
NOLGIA,1,0,1
NOLIAN,1,0,1
NOLIAS,1,0,1
NOLIOVEDES,1,0,1
NOLIX,1,0,1
NOLMEN,1,0,1
NOLMITA,1,0,1
NOLRY,1,0,1
NOLSY,1,0,1
NOLTER,1,0,1
NOLUMI,1,0,1
NOLVE,1,0,1
NOLVELIS,1,0,1
NOLVIA RAMONA,1,0,1
NOLVIAARACELY,1,0,1
NOLVIDA,1,0,1
NOLVIDES,1,0,1
NOLVINH,1,0,1
NOLVIO,1,0,1
NOLVITA,1,0,1
NOLWY,1,0,1
NOMELITA,1,0,1
NOMIE,1,0,1
NOMITILA,1,0,1
NOMY,1,0,1
NONALIE,1,0,1
NONELIA,1,0,1
NONES,1,0,1
NONICA,1,0,1
NONILIA,1,0,1
NONJIL,1,0,1
NONNY,1,0,1
NONTALI,1,0,1
NONY,1,0,1
NOOR,1,0,1
NOOWIE,1,0,1
NORA   MARIA,1,0,1
NORA  ALBERTINA,1,0,1
NORA GELSOMINA,1,0,1
NORA IDALIA,1,0,1
NORAELY,1,0,1
NORAIMA,1,0,1
NORALES,1,0,1
NORALESSY,1,0,1
NORALIN,1,0,1
NORALINDA,1,0,1
NORALISIS,1,0,1
NORAN,1,0,1
NORANDE,1,0,1
NORASALIA,1,0,1
NORASORBELI,1,0,1
NORAT,1,0,1
NORATINA,1,0,1
NORBALINA,1,0,1
NORBE,1,0,1
NORBEEL,1,0,1
NORBELIN,1,0,1
NORBELINO,1,0,1
NORBELIO,1,0,1
NORBELLY,1,0,1
NORBENY,1,0,1
NORBERG,1,0,1
NORBERTH,1,0,1
NORBERTHA,1,0,1
NORBEY,1,0,1
NORBEYS,1,0,1
NORBI,1,0,1
NORBIT,1,0,1
NORBYN,1,0,1
NORCELA,1,0,1
NORCIN,1,0,1
NORCISO,1,0,1
NORD,1,0,1
NORDELIZ,1,0,1
NOREDIN,1,0,1
NOREDYS,1,0,1
NORELINE,1,0,1
NOREST,1,0,1
NOREXA,1,0,1
NOREYS,1,0,1
NORFIA,1,0,1
NORFRALIA,1,0,1
NORGAN,1,0,1
NORGIO,1,0,1
NORIANA,1,0,1
NORIEGO,1,0,1
NORIK,1,0,1
NORILSY,1,0,1
NORILYN,1,0,1
NORIMA,1,0,1
NORINELY,1,0,1
NORISS,1,0,1
NORISTELA,1,0,1
NORIT,1,0,1
NORJE,1,0,1
NORKA,1,0,1
NORKEY,1,0,1
NORKYS,1,0,1
NORLAM,1,0,1
NORLANE,1,0,1
NORLANS,1,0,1
NORLARY,1,0,1
NORLEM,1,0,1
NORLEY,1,0,1
NORLINDA,1,0,1
NORLITA,1,0,1
NORM,1,0,1
NORMA   TERESA,1,0,1
NORMA  DE JESUS,1,0,1
NORMA AMPARO,1,0,1
NORMA CELINA,1,0,1
NORMA LIZETH,1,0,1
NORMAA,1,0,1
NORMALEE,1,0,1
NORMALENIS,1,0,1
NORMALETH,1,0,1
NORMALIGIA,1,0,1
NORMANIA,1,0,1
NORMANS,1,0,1
NORMAURA,1,0,1
NORME,1,0,1
NORMELI,1,0,1
NORMENANDA,1,0,1
NORMENCIA,1,0,1
NORMHAN,1,0,1
NORMILA,1,0,1
NORMITA,1,0,1
NORNAL,1,0,1
NOROAMAH,1,0,1
NORPENSA,1,0,1
NORREA,1,0,1
NORREN,1,0,1
NORRIX,1,0,1
NORTELIA,1,0,1
NORTENCIA,1,0,1
NORTILA,1,0,1
NORUELL,1,0,1
NORVACK,1,0,1
NORVELLE,1,0,1
NORVEN,1,0,1
NORVENY,1,0,1
NORVES,1,0,1
NORVEY,1,0,1
NORVICELY,1,0,1
NORVIL,1,0,1
NORVYS,1,0,1
NORWETH,1,0,1
NORYAL,1,0,1
NOSBERTO,1,0,1
NOSBI,1,0,1
NOSLEN,1,0,1
NOSLI,1,0,1
NOSLIM,1,0,1
NOSLYN,1,0,1
NOSMAN,1,0,1
NOSRITH,1,0,1
NOSTIER,1,0,1
NOSVIN,1,0,1
NOTARIO,1,0,1
NOTRICIA,1,0,1
NOVALIA,1,0,1
NOVANNY,1,0,1
NOVELDA,1,0,1
NOVELITA,1,0,1
NOVELLA,1,0,1
NOVELLYN,1,0,1
NOVEMIA,1,0,1
NOVILDA,1,0,1
NOVYN,1,0,1
NOWEL,1,0,1
NOWELA,1,0,1
NOY,1,0,1
NOYLA,1,0,1
NOYLI,1,0,1
NOYLY,1,0,1
NOYMI,1,0,1
NOYTELA,1,0,1
NOZLAN,1,0,1
NUARY,1,0,1
NUBEL,1,0,1
NUBEN,1,0,1
NUBIO,1,0,1
NUBRIA,1,0,1
NUBY,1,0,1
NUBYA,1,0,1
NUCIO,1,0,1
NUDIA  YESSENIA,1,0,1
NUDLY,1,0,1
NUDY,1,0,1
NUEE,1,0,1
NUEMIR,1,0,1
NUENEMI,1,0,1
NUERMIS,1,0,1
NUESTRO,1,0,1
NUFECIO,1,0,1
NUFLE,1,0,1
NUGED,1,0,1
NUGLA,1,0,1
NUHA,1,0,1
NUHAD,1,0,1
NUHED,1,0,1
NUIB,1,0,1
NUILZA,1,0,1
NUIMI,1,0,1
NULA,1,0,1
NULAN,1,0,1
NULBERTA,1,0,1
NULBI,1,0,1
NULBIS,1,0,1
NULFA,1,0,1
NULFO,1,0,1
NULIS,1,0,1
NULMA,1,0,1
NULSIA,1,0,1
NULSY,1,0,1
NUMEN,1,0,1
NUMIAN,1,0,1
NUMIAS,1,0,1
NUMILA,1,0,1
NUNILDA,1,0,1
NUNILO,1,0,1
NUR,1,0,1
NURA,1,0,1
NURBY,1,0,1
NURCIO,1,0,1
NURCY,1,0,1
NURDIS,1,0,1
NURE,1,0,1
NUREDDYN,1,0,1
NURIAL,1,0,1
NURICIA,1,0,1
NURIN,1,0,1
NURIO,1,0,1
NURITH,1,0,1
NURIX,1,0,1
NURLIS,1,0,1
NURLYN,1,0,1
NURME,1,0,1
NURMIA,1,0,1
NURRIL,1,0,1
NURRY,1,0,1
NURYARACELY,1,0,1
NURYN,1,0,1
NURYTH,1,0,1
NUSEY,1,0,1
NUSLIA,1,0,1
NUSLIEN,1,0,1
NUSLIX,1,0,1
NUSLYS,1,0,1
NUSTHE,1,0,1
NUSTIN,1,0,1
NUSTURN,1,0,1
NUT,1,0,1
NUTHIER,1,0,1
NUTLIS,1,0,1
NUTRY,1,0,1
NUTY,1,0,1
NUVA,1,0,1
NUVALDO,1,0,1
NUVEA,1,0,1
NUVIA ALEJANDRA,1,0,1
NUVIAN,1,0,1
NUVIN,1,0,1
NUVINA,1,0,1
NUVY CAROLINA,1,0,1
NUXZLY,1,0,1
NUYEN,1,0,1
NUZLI,1,0,1
NUZZLI,1,0,1
NYLIA,1,0,1
NYLIAN,1,0,1
NYLY,1,0,1
NYLYAN,1,0,1
NYNA,1,0,1
NYNFA,1,0,1
NYOBY,1,0,1
NYTHAN,1,0,1
NYXON,1,0,1
OACAR,1,0,1
OAKLEY,1,0,1
OALIS,1,0,1
OANA,1,0,1
OANIS,1,0,1
OASIAS,1,0,1
OATIS,1,0,1
OBADIZ,1,0,1
OBADY,1,0,1
OBANDIS,1,0,1
OBANIA,1,0,1
OBARDO,1,0,1
OBAS,1,0,1
OBAT,1,0,1
OBBILIA,1,0,1
OBBIS,1,0,1
OBCIRE,1,0,1
OBDELIO,1,0,1
OBDEVY,1,0,1
OBDIL,1,0,1
OBDOSIO,1,0,1
OBDULE,1,0,1
OBDY,1,0,1
OBEDEL,1,0,1
OBEDINDO,1,0,1
OBEIDDEY,1,0,1
OBEIZA,1,0,1
OBELGRY,1,0,1
OBELINDO,1,0,1
OBELIZARIO,1,0,1
OBELSO,1,0,1
OBELYA,1,0,1
OBENCES,1,0,1
OBENER,1,0,1
OBENILDA,1,0,1
OBERLAN,1,0,1
OBERLAND,1,0,1
OBERT,1,0,1
OBERTHON,1,0,1
OBERTINA,1,0,1
OBEYDIS,1,0,1
OBIDSON,1,0,1
OBILCIA,1,0,1
OBILDON,1,0,1
OBILON,1,0,1
OBINDA,1,0,1
OBINO,1,0,1
OBLAS,1,0,1
OBLENA,1,0,1
OBLENDA,1,0,1
OBLIXS,1,0,1
OBLYN,1,0,1
OBMER,1,0,1
OBONY,1,0,1
OBRISTELA,1,0,1
OBRY,1,0,1
OBSELINA,1,0,1
OBSIRIS,1,0,1
OBSIVIADO,1,0,1
OBSON,1,0,1
OBTABILA,1,0,1
OBTACIO,1,0,1
OBTIMIO,1,0,1
OBVIN,1,0,1
OBVITA,1,0,1
OBZALON,1,0,1
OCADIO,1,0,1
OCAMPO,1,0,1
OCCIDA,1,0,1
OCDALIO,1,0,1
OCDIRIS,1,0,1
OCEA,1,0,1
OCEANO,1,0,1
OCENA,1,0,1
OCERINA,1,0,1
OCHOA,1,0,1
OCIDER,1,0,1
OCIELI,1,0,1
OCIRSIO,1,0,1
OCKGLA,1,0,1
OCLIDAS,1,0,1
OCNIZ,1,0,1
OCSIRIS,1,0,1
OCTABIANA,1,0,1
OCTACIANA,1,0,1
OCTACIO,1,0,1
OCTAN,1,0,1
OCTANI,1,0,1
OCTAVIADO,1,0,1
OCTAVIAN,1,0,1
OCTAVILIO,1,0,1
OCTAVITA,1,0,1
OCTENIO,1,0,1
OCTERIO,1,0,1
OCTIMIA,1,0,1
OCTIMILIA,1,0,1
OCTIMIO,1,0,1
OCTINA,1,0,1
OCTO,1,0,1
OCTOVILIA,1,0,1
OCTVIO,1,0,1
ODALEA,1,0,1
ODALIN,1,0,1
ODALIO,1,0,1
ODALISIS,1,0,1
ODALITHHS,1,0,1
ODANUBIA,1,0,1
ODANYS,1,0,1
ODBAN,1,0,1
ODBER,1,0,1
ODDELINA,1,0,1
ODDETE,1,0,1
ODDEY,1,0,1
ODDIAS,1,0,1
ODDIN,1,0,1
ODDIR,1,0,1
ODDLON,1,0,1
ODECTTE,1,0,1
ODEHE,1,0,1
ODEIDA,1,0,1
ODEILA,1,0,1
ODELLE,1,0,1
ODELVINDA,1,0,1
ODELVIS,1,0,1
ODELYS,1,0,1
ODEMIO,1,0,1
ODENRY,1,0,1
ODERAN,1,0,1
ODESIN,1,0,1
ODETTH,1,0,1
ODETTHE,1,0,1
ODEYDY,1,0,1
ODEYSI,1,0,1
ODGARDO,1,0,1
ODI,1,0,1
ODIANLINA,1,0,1
ODICE,1,0,1
ODICELMA,1,0,1
ODICEO,1,0,1
ODICK,1,0,1
ODIEN,1,0,1
ODIFILDO,1,0,1
ODIGNO,1,0,1
ODIHILDA,1,0,1
ODILFIO,1,0,1
ODILIN,1,0,1
ODILMAN,1,0,1
ODILZA,1,0,1
ODIMILDO,1,0,1
ODIRIS,1,0,1
ODISELDA,1,0,1
ODISELMA,1,0,1
ODISELMIS,1,0,1
ODISSON,1,0,1
ODIVULGO,1,0,1
ODLEY,1,0,1
ODLOIDE,1,0,1
ODMY,1,0,1
ODNYER,1,0,1
ODOLFO,1,0,1
ODOLINA,1,0,1
ODOMIO,1,0,1
ODONA,1,0,1
ODONIA,1,0,1
ODOVIA,1,0,1
ODQUELIDES,1,0,1
ODRIN,1,0,1
ODUIN,1,0,1
ODULAN,1,0,1
ODVAL,1,0,1
ODVEMI,1,0,1
ODWAL,1,0,1
ODWAY,1,0,1
ODWEN,1,0,1
ODWYN,1,0,1
ODYLY,1,0,1
ODYN,1,0,1
OEDIS,1,0,1
OELMIS,1,0,1
OELYX,1,0,1
OEPIFANIO,1,0,1
OFALDA,1,0,1
OFALIA,1,0,1
OFEIDA,1,0,1
OFELDA,1,0,1
OFELIX,1,0,1
OFEMA,1,0,1
OFENIA,1,0,1
OFENIS,1,0,1
OFERIO,1,0,1
OFETINA,1,0,1
OFFMA,1,0,1
OFIDIA,1,0,1
OFIDIO,1,0,1
OFIGNA,1,0,1
OFIMNA,1,0,1
OFIS,1,0,1
OFMA,1,0,1
OFMARA,1,0,1
OFRACINA,1,0,1
OFRASIA,1,0,1
OFREDICIO,1,0,1
OFREDITA,1,0,1
OFRENCIANA,1,0,1
OFRICINIA,1,0,1
OFROSINA,1,0,1
OFSNI,1,0,1
OG,1,0,1
OGALDES,1,0,1
OGDA,1,0,1
OGDEN,1,0,1
OGELANDES,1,0,1
OGELIA,1,0,1
OGENIS,1,0,1
OGES,1,0,1
OGLAM,1,0,1
OGLAN,1,0,1
OGLAS,1,0,1
OGLIN,1,0,1
OGLISES,1,0,1
OGNA,1,0,1
OGNE,1,0,1
OGNERI,1,0,1
OGNY,1,0,1
OGUEN,1,0,1
OGUER,1,0,1
OHANDIS,1,0,1
OHARYS,1,0,1
OHAZLY,1,0,1
OHILDA,1,0,1
OILA,1,0,1
OILDA,1,0,1
OIRIS,1,0,1
OITER,1,0,1
OITZA,1,0,1
OJENCIO,1,0,1
OKALI,1,0,1
OKELYN,1,0,1
OKY,1,0,1
OLADIE,1,0,1
OLAFF,1,0,1
OLAING,1,0,1
OLALIA,1,0,1
OLALY,1,0,1
OLAMPIO,1,0,1
OLAN,1,0,1
OLANDE,1,0,1
OLANY,1,0,1
OLAPIO,1,0,1
OLAT,1,0,1
OLBE,1,0,1
OLBEN,1,0,1
OLBERTH,1,0,1
OLBIT,1,0,1
OLBUIN,1,0,1
OLDANO,1,0,1
OLDARWIN,1,0,1
OLDENN,1,0,1
OLDIMAR,1,0,1
OLDIS,1,0,1
OLDREN,1,0,1
OLDUIN,1,0,1
OLEANA,1,0,1
OLEANY,1,0,1
OLEAR,1,0,1
OLEBARES,1,0,1
OLECARIO,1,0,1
OLEDYS,1,0,1
OLEE,1,0,1
OLEIBY,1,0,1
OLEINA,1,0,1
OLELI,1,0,1
OLELVIS,1,0,1
OLEMA,1,0,1
OLENCIA,1,0,1
OLENCINA,1,0,1
OLENDA,1,0,1
OLENI,1,0,1
OLENIS,1,0,1
OLENKA,1,0,1
OLENTINA,1,0,1
OLEO,1,0,1
OLER,1,0,1
OLESSIA,1,0,1
OLETH,1,0,1
OLFAN,1,0,1
OLFANA,1,0,1
OLFARIS,1,0,1
OLFINDA,1,0,1
OLFINO,1,0,1
OLFITA,1,0,1
OLFITO,1,0,1
OLFOLINDO,1,0,1
OLFONZO,1,0,1
OLGA ANTONIETA,1,0,1
OLGA CECILIA,1,0,1
OLGA MARIA,1,0,1
OLGA VIRGINIA,1,0,1
OLGAMI,1,0,1
OLGHER,1,0,1
OLGIM,1,0,1
OLGO,1,0,1
OLGOMAR,1,0,1
OLIBANDO,1,0,1
OLIBARIO,1,0,1
OLIBIO,1,0,1
OLIBORIO,1,0,1
OLICES,1,0,1
OLICIS,1,0,1
OLICSES,1,0,1
OLIDE,1,0,1
OLIDETH,1,0,1
OLIDI,1,0,1
OLIDIAN,1,0,1
OLIE,1,0,1
OLIETH,1,0,1
OLIGARIA,1,0,1
OLIM,1,0,1
OLIMPA,1,0,1
OLIMPITA,1,0,1
OLIMPO,1,0,1
OLINCIA,1,0,1
OLINEA,1,0,1
OLINFA,1,0,1
OLINTA,1,0,1
OLINTO,1,0,1
OLISANDRO,1,0,1
OLITANIA,1,0,1
OLITZA,1,0,1
OLIVACARLOS,1,0,1
OLIVAMA,1,0,1
OLIVEN,1,0,1
OLIVERIOERIO,1,0,1
OLIVIA MARIA,1,0,1
OLIVIA TOMAS,1,0,1
OLIVIAR,1,0,1
OLIZARDO,1,0,1
OLJEN,1,0,1
OLJER,1,0,1
OLKIN,1,0,1
OLLDRING,1,0,1
OLLEN,1,0,1
OLLEY,1,0,1
OLLI,1,0,1
OLLY,1,0,1
OLMAUD,1,0,1
OLME,1,0,1
OLMITALINA,1,0,1
OLMO,1,0,1
OLMYN,1,0,1
OLNA,1,0,1
OLNER,1,0,1
OLORIA,1,0,1
OLOSIDA,1,0,1
OLOYO,1,0,1
OLPANIA,1,0,1
OLSA,1,0,1
OLSER,1,0,1
OLSMAR,1,0,1
OLSO,1,0,1
OLSSEN,1,0,1
OLSUN,1,0,1
OLSVIN,1,0,1
OLTAVILA,1,0,1
OLUMBINA,1,0,1
OLUYN,1,0,1
OLVAN   REINERY,1,0,1
OLVAR,1,0,1
OLVARO,1,0,1
OLVERICIA,1,0,1
OLVIDALIA,1,0,1
OLVIEN,1,0,1
OLVIN  ENRIQUE,1,0,1
OLVINA,1,0,1
OLVION,1,0,1
OLVIRIO,1,0,1
OLWER,1,0,1
OLWING,1,0,1
OLWYN,1,0,1
OMAHAR,1,0,1
OMAINDA,1,0,1
OMAMN,1,0,1
OMANIO,1,0,1
OMARCITO,1,0,1
OMARIGOR,1,0,1
OMARITA,1,0,1
OMARJEOVANNY,1,0,1
OMAY,1,0,1
OMBELINA,1,0,1
OMEDES,1,0,1
OMEDI,1,0,1
OMEDIN,1,0,1
OMEIDA,1,0,1
OMELIDA,1,0,1
OMERCINDA,1,0,1
OMERITA,1,0,1
OMERLI,1,0,1
OMERLYN,1,0,1
OMEYA,1,0,1
OMHARA,1,0,1
OMIDIA,1,0,1
OMIER,1,0,1
OMIGDA,1,0,1
OMILA,1,0,1
OMILAY,1,0,1
OMILTHON,1,0,1
OMINA,1,0,1
OMINDA,1,0,1
OMINIA,1,0,1
OMIRA,1,0,1
OMIRDA,1,0,1
OMIRIAM,1,0,1
OMITH,1,0,1
OMITILA,1,0,1
OMITILIA,1,0,1
OMMAR,1,0,1
OMNIDA,1,0,1
OMNIOS,1,0,1
OMOPONA,1,0,1
OMRRY,1,0,1
OMYL,1,0,1
ONACHO,1,0,1
ONACY,1,0,1
ONADIA,1,0,1
ONAHAM,1,0,1
ONAIL,1,0,1
ONAIN,1,0,1
ONAIS,1,0,1
ONALDA,1,0,1
ONALMA,1,0,1
ONANITA,1,0,1
ONARA,1,0,1
ONDI,1,0,1
ONDINORA,1,0,1
ONDRIT,1,0,1
ONDRY,1,0,1
ONDUELIA,1,0,1
ONECSIMO,1,0,1
ONECY,1,0,1
ONEDIBY,1,0,1
ONEGDA,1,0,1
ONEIDO,1,0,1
ONEIEDA,1,0,1
ONEINDA,1,0,1
ONEKA,1,0,1
ONELBA,1,0,1
ONELBIA,1,0,1
ONELBIN,1,0,1
ONELIX,1,0,1
ONELMIS,1,0,1
ONELVA,1,0,1
ONEMICIA,1,0,1
ONEMYL,1,0,1
ONENFOR,1,0,1
ONERI,1,0,1
ONERIN,1,0,1
ONERLY,1,0,1
ONESIFORO,1,0,1
ONEVI,1,0,1
ONEXA,1,0,1
ONEYBI,1,0,1
ONEYGDA,1,0,1
ONEYLEN,1,0,1
ONEYLI,1,0,1
ONFELIO,1,0,1
ONGLA,1,0,1
ONGRIS,1,0,1
ONIBER,1,0,1
ONICK,1,0,1
ONIDER,1,0,1
ONIE,1,0,1
ONIEZ,1,0,1
ONILDAD,1,0,1
ONILDES,1,0,1
ONILI,1,0,1
ONIN,1,0,1
ONIRE,1,0,1
ONIRI,1,0,1
ONISEËO,1,0,1
ONISIS,1,0,1
ONITH,1,0,1
ONIY,1,0,1
ONIZA,1,0,1
ONKLY,1,0,1
ONLIX,1,0,1
ONMAR,1,0,1
ONMEL,1,0,1
ONNAR,1,0,1
ONNIDAS,1,0,1
ONNIDES,1,0,1
ONNIE,1,0,1
ONOCIFERO,1,0,1
ONOCIFRO,1,0,1
ONOELA,1,0,1
ONOELIA,1,0,1
ONOFAL,1,0,1
ONOFRA,1,0,1
ONOFRES,1,0,1
ONOIRE,1,0,1
ONOLINDA,1,0,1
ONOMICIA,1,0,1
ONONIOS,1,0,1
ONONNITA,1,0,1
ONORALIA,1,0,1
ONORDIA,1,0,1
ONORELA,1,0,1
ONORITH,1,0,1
ONOSIMO,1,0,1
ONOVELIA,1,0,1
ONRIA,1,0,1
ONRIE,1,0,1
ONRIS,1,0,1
ONSTANTINO,1,0,1
ONVIL,1,0,1
ONWAR,1,0,1
ONYCA,1,0,1
ONYX,1,0,1
OPADINA,1,0,1
OPARIO,1,0,1
OPESTINO,1,0,1
OPHNI,1,0,1
OPINIEL,1,0,1
OPOLONIO,1,0,1
OPTASIANO,1,0,1
OPTILIO,1,0,1
OPTIMIA,1,0,1
OPTOCIANO,1,0,1
OPTON,1,0,1
OQUELIAS,1,0,1
ORAH,1,0,1
ORALLY,1,0,1
ORALNDY,1,0,1
ORANCIANA,1,0,1
ORAPASITA,1,0,1
ORASELIA,1,0,1
ORASTILA,1,0,1
ORBAR,1,0,1
ORBENIA,1,0,1
ORBIA,1,0,1
ORBINO,1,0,1
ORCELIA,1,0,1
ORCELINE,1,0,1
ORCEY,1,0,1
ORCILA,1,0,1
ORCILINA,1,0,1
ORCILLAS,1,0,1
ORCINIA,1,0,1
ORDA,1,0,1
ORDALINA,1,0,1
ORDDY,1,0,1
ORDE,1,0,1
ORDEL,1,0,1
ORDELINDA,1,0,1
ORDELIO,1,0,1
ORDEN,1,0,1
ORDEY,1,0,1
ORDINIA,1,0,1
ORDO-O,1,0,1
ORE,1,0,1
OREBINDA,1,0,1
OREDY,1,0,1
ORELIN,1,0,1
OREM,1,0,1
ORESBELA,1,0,1
ORESFILA,1,0,1
ORESMINA,1,0,1
ORESTEDES,1,0,1
ORESTES AUD,1,0,1
ORESTINO,1,0,1
ORFALINA,1,0,1
ORFAN,1,0,1
ORFARELY,1,0,1
ORFENIA,1,0,1
ORFHA,1,0,1
ORFILEA,1,0,1
ORFILIA    DE,1,0,1
ORFILINDA,1,0,1
ORFIN,1,0,1
ORFINIA,1,0,1
ORFINO,1,0,1
ORFIR,1,0,1
ORFY,1,0,1
ORGA,1,0,1
ORGANI,1,0,1
ORGAS,1,0,1
ORGEN,1,0,1
ORGENCIA,1,0,1
ORGILIA,1,0,1
ORGINIA,1,0,1
ORGINO,1,0,1
ORIANO,1,0,1
ORICELDA,1,0,1
ORIEN,1,0,1
ORIES,1,0,1
ORIESTELA,1,0,1
ORIGENIA,1,0,1
ORIK,1,0,1
ORIL,1,0,1
ORILDA,1,0,1
ORILI,1,0,1
ORILIN,1,0,1
ORILINA,1,0,1
ORIN,1,0,1
ORINALDO,1,0,1
ORINE,1,0,1
ORINS,1,0,1
ORINZO,1,0,1
ORISA,1,0,1
ORISELDO,1,0,1
ORISTENIA,1,0,1
ORIXO,1,0,1
ORIZIA,1,0,1
ORJEL,1,0,1
ORLADIS,1,0,1
ORLAM,1,0,1
ORLAMINDA,1,0,1
ORLANDONYS,1,0,1
ORLANDRO,1,0,1
ORLANTINA,1,0,1
ORLAS,1,0,1
ORLEANS,1,0,1
ORLEIS,1,0,1
ORLENCY,1,0,1
ORLENDI,1,0,1
ORLENES,1,0,1
ORLENG,1,0,1
ORLENISS,1,0,1
ORLIA,1,0,1
ORLIC,1,0,1
ORLICH,1,0,1
ORLIE,1,0,1
ORLINDAS,1,0,1
ORLINHS,1,0,1
ORLINO,1,0,1
ORLINSON,1,0,1
ORLIRIO,1,0,1
ORLISS,1,0,1
ORLISTE,1,0,1
ORLIU,1,0,1
ORLIX,1,0,1
ORLIZ,1,0,1
ORLORFF,1,0,1
ORLYTYN,1,0,1
ORMAL,1,0,1
ORMANDINA,1,0,1
ORMAS,1,0,1
ORMICILA,1,0,1
ORMIDAS,1,0,1
ORMOND,1,0,1
ORNALD,1,0,1
ORNALIN,1,0,1
ORNAUL,1,0,1
ORNE,1,0,1
ORNELLA,1,0,1
ORNELLO,1,0,1
ORNI,1,0,1
ORNIC,1,0,1
ORNICE,1,0,1
ORNILDO,1,0,1
ORNIN,1,0,1
ORNNIE,1,0,1
ORNOLD,1,0,1
OROCIO,1,0,1
OROMICILIA,1,0,1
OROMICILO,1,0,1
OROMISILA,1,0,1
ORONDINA,1,0,1
OROSCO,1,0,1
OROSILA,1,0,1
OROSIO,1,0,1
ORPELIO,1,0,1
ORPIDIO,1,0,1
ORPITA,1,0,1
ORPRA,1,0,1
ORQIDEA,1,0,1
ORQUID,1,0,1
ORQUILIA,1,0,1
ORQUIN,1,0,1
ORQUIRIA,1,0,1
ORQUIS,1,0,1
ORRID,1,0,1
ORRIS,1,0,1
ORSELA,1,0,1
ORSILIA,1,0,1
ORSIS,1,0,1
ORSITA,1,0,1
ORSULA,1,0,1
ORTA,1,0,1
ORTEL,1,0,1
ORTELINA,1,0,1
ORTENSIO,1,0,1
ORTES,1,0,1
ORTILICIA,1,0,1
ORVANO,1,0,1
ORVE,1,0,1
ORVER,1,0,1
ORVI,1,0,1
ORVIA,1,0,1
ORVILIA,1,0,1
ORVIN RANFERY,1,0,1
ORVINA,1,0,1
ORVINELY,1,0,1
ORVININ,1,0,1
ORVIS,1,0,1
ORVIT,1,0,1
ORVYN,1,0,1
ORWILL,1,0,1
ORY,1,0,1
ORYANY,1,0,1
ORYETHA,1,0,1
OSADIAS,1,0,1
OSAFA,1,0,1
OSANA,1,0,1
OSARIS,1,0,1
OSAURA,1,0,1
OSAYO,1,0,1
OSBER,1,0,1
OSBERT,1,0,1
OSBI,1,0,1
OSBILMER,1,0,1
OSBON,1,0,1
OSBUN,1,0,1
OSBYN,1,0,1
OSCAN,1,0,1
OSCAR   JAVIER,1,0,1
OSCAR  LORENZO,1,0,1
OSCAR AUGUSTO,1,0,1
OSCAR DE JESUS,1,0,1
OSCAR DEL CI,1,0,1
OSCAR EMMANUEL,1,0,1
OSCAR FRANCISCO,1,0,1
OSCAR JONAY,1,0,1
OSCARA,1,0,1
OSCARITO,1,0,1
OSCARLITO,1,0,1
OSCARNILO,1,0,1
OSCCAR,1,0,1
OSCENCIA,1,0,1
OSDALYS,1,0,1
OSDELI,1,0,1
OSDI,1,0,1
OSDIRIS,1,0,1
OSDY,1,0,1
OSEALDO,1,0,1
OSEAN,1,0,1
OSEDA,1,0,1
OSEGUERAJOSE,1,0,1
OSENIN,1,0,1
OSGAR,1,0,1
OSGLA,1,0,1
OSGRAN,1,0,1
OSGRY,1,0,1
OSGUALDO,1,0,1
OSGUAN,1,0,1
OSGUARDO,1,0,1
OSIA,1,0,1
OSIBIA,1,0,1
OSICOR,1,0,1
OSILA,1,0,1
OSILIA,1,0,1
OSIMOS,1,0,1
OSIRIS MARGOT,1,0,1
OSIRITH,1,0,1
OSIVIA,1,0,1
OSLALDO,1,0,1
OSLAS,1,0,1
OSLENDA,1,0,1
OSLINA,1,0,1
OSLING,1,0,1
OSLLIANA,1,0,1
OSLO,1,0,1
OSLVIN,1,0,1
OSLYTH,1,0,1
OSMA    LINDA,1,0,1
OSMAIDA,1,0,1
OSMAIRA,1,0,1
OSMALDA,1,0,1
OSMALI,1,0,1
OSMAM,1,0,1
OSMANNY,1,0,1
OSMANYS,1,0,1
OSMAT,1,0,1
OSMBAN,1,0,1
OSMEDES,1,0,1
OSMELINDA,1,0,1
OSMENDA,1,0,1
OSMERIS,1,0,1
OSMEYDA,1,0,1
OSNA,1,0,1
OSNELIA,1,0,1
OSNIA,1,0,1
OSNIL,1,0,1
OSNIS,1,0,1
OSOMAR,1,0,1
OSORNO,1,0,1
OSSELDA,1,0,1
OSSIRY,1,0,1
OSSIRYS,1,0,1
OSSMIN,1,0,1
OSTA,1,0,1
OSTAKIA,1,0,1
OSTELA,1,0,1
OSTERIO,1,0,1
OSTIA,1,0,1
OSTIANA,1,0,1
OSTIEN,1,0,1
OSTIMO,1,0,1
OSTINIANO,1,0,1
OSTREVERTA,1,0,1
OSTRIS,1,0,1
OSTYN,1,0,1
OSVAR,1,0,1
OSVELI,1,0,1
OSVELIM,1,0,1
OSVEN,1,0,1
OSVER,1,0,1
OSWAHN,1,0,1
OSWANIA,1,0,1
OSWAR,1,0,1
OSWEN,1,0,1
OSWI,1,0,1
OSWILMER,1,0,1
OSWOR,1,0,1
OSWSGUAL,1,0,1
OTALIA,1,0,1
OTAWA,1,0,1
OTERA,1,0,1
OTES,1,0,1
OTHALIE,1,0,1
OTHMER,1,0,1
OTHY,1,0,1
OTIFANA,1,0,1
OTILDA,1,0,1
OTILE,1,0,1
OTILIA AMPARO,1,0,1
OTILIETA,1,0,1
OTINA,1,0,1
OTMANIEL,1,0,1
OTNI,1,0,1
OTOMARO,1,0,1
OTONIER,1,0,1
OTTEM,1,0,1
OTTHOMAN,1,0,1
OTTHONIEL,1,0,1
OTTOMORE,1,0,1
OUDIS,1,0,1
OUDRA,1,0,1
OUENIS,1,0,1
OUSTROBERTO,1,0,1
OVALIS,1,0,1
OVANIEL,1,0,1
OVARES,1,0,1
OVAS,1,0,1
OVBIN,1,0,1
OVE,1,0,1
OVEDD,1,0,1
OVEGILDO,1,0,1
OVEINDO,1,0,1
OVELDO,1,0,1
OVEN,1,0,1
OVENDILIA,1,0,1
OVENSA,1,0,1
OVERA,1,0,1
OVERANTH,1,0,1
OVERLAN,1,0,1
OVERTERMUNDO,1,0,1
OVERTHON,1,0,1
OVERZON,1,0,1
OVESY,1,0,1
OVEX,1,0,1
OVIAN,1,0,1
OVIATO,1,0,1
OVIDAY,1,0,1
OVIDELIA,1,0,1
OVIDELIO,1,0,1
OVIDES,1,0,1
OVIDIA  DE LA,1,0,1
OVIDILIO,1,0,1
OVIDO,1,0,1
OVIESO,1,0,1
OVIGAY,1,0,1
OVIJANDIL,1,0,1
OVIJILIA,1,0,1
OVILIAN,1,0,1
OVILMA,1,0,1
OVINNIA,1,0,1
OVITERMINDA,1,0,1
OVIXON,1,0,1
OVLDINA,1,0,1
OVNI,1,0,1
OWAH,1,0,1
OWALDIN,1,0,1
OWAN,1,0,1
OWAR,1,0,1
OWARD,1,0,1
OWENE,1,0,1
OWENIE,1,0,1
OWERIS,1,0,1
OWINS,1,0,1
OWSBALDO,1,0,1
OWUEN,1,0,1
OXA,1,0,1
OXALOT,1,0,1
OXAN,1,0,1
OXARCIDE,1,0,1
OXCHID,1,0,1
OXDYL,1,0,1
OXEQUIEL,1,0,1
OXFORD,1,0,1
OXIAN,1,0,1
OXIRES,1,0,1
OXOLINA,1,0,1
OXOMAN,1,0,1
OXWARD,1,0,1
OYERI,1,0,1
OYTA,1,0,1
OYUELAORLIN,1,0,1
OZANIN,1,0,1
OZCAR,1,0,1
OZIRIS,1,0,1
OZNIM,1,0,1
P+DRO,1,0,1
PABILA,1,0,1
PABILIO,1,0,1
PABINO,1,0,1
PABLIK,1,0,1
PABLO  ANTONIO,1,0,1
PABLO KDAFFY,1,0,1
PABLO MACARIO,1,0,1
PABLOS,1,0,1
PABONA,1,0,1
PACACIO,1,0,1
PACASIA,1,0,1
PACHINO,1,0,1
PACKY,1,0,1
PACSY,1,0,1
PACUNDO,1,0,1
PADA,1,0,1
PADIANA,1,0,1
PADILIA,1,0,1
PADILLAANA,1,0,1
PADILLACARMEN,1,0,1
PADLO,1,0,1
PADRID,1,0,1
PADRIZ,1,0,1
PADUCILA,1,0,1
PADULA,1,0,1
PADY,1,0,1
PAHUL,1,0,1
PAIDINA,1,0,1
PAIMERCA,1,0,1
PAINER,1,0,1
PAIRILIA,1,0,1
PAISILINA,1,0,1
PAJARDO,1,0,1
PAK,1,0,1
PALACIO,1,0,1
PALAGIA,1,0,1
PALARIO,1,0,1
PALAU,1,0,1
PALICIANO,1,0,1
PALIGENA,1,0,1
PALLO,1,0,1
PALMELA,1,0,1
PALMERA,1,0,1
PALMERO,1,0,1
PALMIRO,1,0,1
PALMUNDIA,1,0,1
PALTTY,1,0,1
PALU,1,0,1
PAMFILO,1,0,1
PAMINONDAR,1,0,1
PAMONA,1,0,1
PAMY,1,0,1
PANAYULIA,1,0,1
PANCHA,1,0,1
PANCILINA,1,0,1
PANCO,1,0,1
PANCY,1,0,1
PANDY,1,0,1
PANELINA,1,0,1
PANIAGUA,1,0,1
PANSELINA,1,0,1
PANTATEON,1,0,1
PANTELI,1,0,1
PANTELYS,1,0,1
PANTON,1,0,1
PANY,1,0,1
PAPANDRINO,1,0,1
PAPIAS,1,0,1
PAPSY,1,0,1
PAPTROCINIA,1,0,1
PAPX,1,0,1
PAPY,1,0,1
PARAKLITO,1,0,1
PARALAINA,1,0,1
PARAMANZA,1,0,1
PARASELICION,1,0,1
PARCIA,1,0,1
PARDOLAN,1,0,1
PARESKIBULA,1,0,1
PARINIAS,1,0,1
PARLOME,1,0,1
PARMENEO,1,0,1
PARMENO,1,0,1
PARTICIO,1,0,1
PARVIZ,1,0,1
PASCASIA,1,0,1
PASCUALILLO,1,0,1
PASELEY,1,0,1
PASIENCIA,1,0,1
PASILDA,1,0,1
PASIPINA,1,0,1
PASO,1,0,1
PASSELI,1,0,1
PASTACIO,1,0,1
PASTORCITO,1,0,1
PATAN,1,0,1
PATANLEONA,1,0,1
PATCY,1,0,1
PATENCIA,1,0,1
PATHIEL,1,0,1
PATI,1,0,1
PATIS,1,0,1
PATISIN,1,0,1
PATRECINA,1,0,1
PATRECINDA,1,0,1
PATRICH,1,0,1
PATRICI,1,0,1
PATRICILA,1,0,1
PATRINA,1,0,1
PATRIOCINIA,1,0,1
PATRIS,1,0,1
PATROCINIOS,1,0,1
PATRONICIO,1,0,1
PATROSINA,1,0,1
PATROSINO,1,0,1
PATRUCINIO,1,0,1
PATTSI,1,0,1
PATZY,1,0,1
PAUBLITA,1,0,1
PAUBLITO,1,0,1
PAUILA,1,0,1
PAULA     DEL,1,0,1
PAULA    OLIVIA,1,0,1
PAULA  LUCIANA,1,0,1
PAULA DE JUSUS,1,0,1
PAULI,1,0,1
PAULINA AURORA,1,0,1
PAULINITO,1,0,1
PAULINO ILARIO,1,0,1
PAULITETH,1,0,1
PAULOA,1,0,1
PAULY,1,0,1
PAURELIO,1,0,1
PAUSER,1,0,1
PAVELA,1,0,1
PAVIAS,1,0,1
PAVIER,1,0,1
PAVIO,1,0,1
PAVLO,1,0,1
PAXIQUIRA,1,0,1
PAXSSI,1,0,1
PAXY,1,0,1
PAYA,1,0,1
PAYE,1,0,1
PAYINA,1,0,1
PAZCUALA,1,0,1
PAZISNERI,1,0,1
PAZITA,1,0,1
PAZMARIA,1,0,1
PEARELYN,1,0,1
PEARLAN,1,0,1
PEARLEE,1,0,1
PEARLINA,1,0,1
PEARLINE,1,0,1
PEARLYANN,1,0,1
PEBESIT,1,0,1
PECKY,1,0,1
PEDENCIA,1,0,1
PEDRO   SANTOS,1,0,1
PEDRO  JULIAN,1,0,1
PEDRO GUADALUPE,1,0,1
PEDRO JAVIER,1,0,1
PEDRO RAFAEL,1,0,1
PEDUNIA,1,0,1
PEETER,1,0,1
PEGGE,1,0,1
PEGGEE,1,0,1
PEGGIN,1,0,1
PEGMAN,1,0,1
PEISY,1,0,1
PELACIO,1,0,1
PELAJIO,1,0,1
PELAYIA,1,0,1
PELE,1,0,1
PELEADIN,1,0,1
PELGUERS,1,0,1
PELIO,1,0,1
PELITA,1,0,1
PELMA,1,0,1
PELOSIO,1,0,1
PELVI,1,0,1
PENELY,1,0,1
PENETH,1,0,1
PENIEL,1,0,1
PENNIE,1,0,1
PENNY LOPE,1,0,1
PENNY LU,1,0,1
PENSI,1,0,1
PENSO,1,0,1
PENTECOSTE,1,0,1
PEPGGI,1,0,1
PEPINA,1,0,1
PEPSEVERANDA,1,0,1
PEPSI,1,0,1
PERALTASILVIA,1,0,1
PERAZANELSON,1,0,1
PERBY,1,0,1
PERCEFONI,1,0,1
PERCEVERANDO,1,0,1
PERCIBAL,1,0,1
PERCILIA,1,0,1
PERCILIANO,1,0,1
PERCITA,1,0,1
PERCYA,1,0,1
PERDITA,1,0,1
PERDRINA,1,0,1
PERDY,1,0,1
PEREY,1,0,1
PERFECTA   CRUZ,1,0,1
PERFY,1,0,1
PERIA,1,0,1
PERLA  WALTERIN,1,0,1
PERLA JAQUELINE,1,0,1
PERLINE,1,0,1
PERLYN,1,0,1
PERMELIA,1,0,1
PERMELINA,1,0,1
PERNY,1,0,1
PERON,1,0,1
PERPETOA,1,0,1
PERSA,1,0,1
PERSAIAS,1,0,1
PERSEBERANDO,1,0,1
PERSEBERANZA,1,0,1
PERSENTACION,1,0,1
PERSEVERADO,1,0,1
PERSEVERANA,1,0,1
PERSIDES,1,0,1
PERSLY,1,0,1
PERSSI,1,0,1
PERSSY,1,0,1
PERTATICIA,1,0,1
PERUANITA,1,0,1
PERUIS,1,0,1
PERY,1,0,1
PERZI,1,0,1
PESEBIA,1,0,1
PESH,1,0,1
PESLA,1,0,1
PETACION,1,0,1
PETAIN,1,0,1
PETER ROBERT,1,0,1
PETER'S,1,0,1
PETHER,1,0,1
PETICEN,1,0,1
PETINO,1,0,1
PETLIN,1,0,1
PETONA,1,0,1
PETRA MARIA,1,0,1
PETRICIO,1,0,1
PETRNILO,1,0,1
PETROLINA,1,0,1
PETRONA DE LA,1,0,1
PETRONCITA,1,0,1
PETRONILIA,1,0,1
PETRONINA,1,0,1
PETRY,1,0,1
PETUEL,1,0,1
PETZAYDA,1,0,1
PEXAL,1,0,1
PHEBE,1,0,1
PHEOBY,1,0,1
PHILA,1,0,1
PHILEP,1,0,1
PHILIPPE JOSEPH,1,0,1
PHILIPPS,1,0,1
PHOENIX,1,0,1
PHOL,1,0,1
PHRANSIS,1,0,1
PHYLLES,1,0,1
PICOT,1,0,1
PIDICIA,1,0,1
PIEDY,1,0,1
PIERINA,1,0,1
PIERROT,1,0,1
PIERSON,1,0,1
PIETRY,1,0,1
PIFANIO,1,0,1
PIFIANA,1,0,1
PIHEER,1,0,1
PIK,1,0,1
PILANDER,1,0,1
PILARCITO,1,0,1
PILARTO,1,0,1
PILCARPO,1,0,1
PILDA,1,0,1
PILISARDO,1,0,1
PILL,1,0,1
PILOR,1,0,1
PINA ARACELY,1,0,1
PINACHO,1,0,1
PINIAS,1,0,1
PINIEL,1,0,1
PINITA,1,0,1
PINOZA,1,0,1
PINTARA,1,0,1
PIORLIN,1,0,1
PIPLE,1,0,1
PIRAY,1,0,1
PIRLIN,1,0,1
PISIBIA,1,0,1
PITA,1,0,1
PITAILIN,1,0,1
PITAYO,1,0,1
PITT,1,0,1
PIURLIEN,1,0,1
PLACIRIA,1,0,1
PLANICKAM,1,0,1
PLANO,1,0,1
PLANTIDA,1,0,1
PLANTILES,1,0,1
PLANTILO,1,0,1
PLANTINA,1,0,1
PLASCIDA,1,0,1
PLASIDIA,1,0,1
PLAYBIT,1,0,1
PLAYSO,1,0,1
PLEITES,1,0,1
PLEJANOV,1,0,1
PLENIO,1,0,1
PLIA,1,0,1
PLINDA,1,0,1
PLINEO,1,0,1
PLINIOR,1,0,1
PLINO,1,0,1
PLISCA,1,0,1
PLOTARQUIA,1,0,1
PLURIN,1,0,1
PLUTARIO,1,0,1
PLUVIO,1,0,1
PLYNIO,1,0,1
PO CHUM,1,0,1
PODI,1,0,1
PODRO,1,0,1
POEMA,1,0,1
POFIRIO,1,0,1
POINCARE,1,0,1
POLAN,1,0,1
POLCAN,1,0,1
POLDI,1,0,1
POLEGENIA,1,0,1
POLET,1,0,1
POLICARDO,1,0,1
POLICARIO,1,0,1
POLICIANA,1,0,1
POLICRONIA,1,0,1
POLIDELYN,1,0,1
POLIGENO,1,0,1
POLIGNONIA,1,0,1
POLIGONIA,1,0,1
POLIJENIA,1,0,1
POLINAR,1,0,1
POLINCITO,1,0,1
POLIPIO,1,0,1
POLISARDO,1,0,1
POLIVIO,1,0,1
POLL,1,0,1
POLVINEL,1,0,1
POMELO,1,0,1
POMENCIO,1,0,1
POMILIA,1,0,1
POMPELLO,1,0,1
PONEIDA,1,0,1
PONFILO,1,0,1
PONIFACIO,1,0,1
PONLA,1,0,1
PONSE,1,0,1
PONSIANA,1,0,1
PONTINA,1,0,1
POPANDILLA,1,0,1
POPO,1,0,1
PORFIDI,1,0,1
PORFIIO,1,0,1
PORFIRIORFIRIO,1,0,1
PORFORIO,1,0,1
PORLAMAY,1,0,1
PORLINDA,1,0,1
PORLINE,1,0,1
PORMINIA,1,0,1
PORNER,1,0,1
PORSE,1,0,1
PORSI,1,0,1
PORSY,1,0,1
PORTANLATINA,1,0,1
PORTILLODENIA,1,0,1
POSABIEN,1,0,1
POSADASINGRID,1,0,1
POU,1,0,1
POULEETH,1,0,1
POVEL,1,0,1
POVILIO,1,0,1
POWEL,1,0,1
POYESTER,1,0,1
PRACAINA,1,0,1
PRACCERES,1,0,1
PRACEDIS,1,0,1
PRACER,1,0,1
PRACIDET,1,0,1
PRACKNY,1,0,1
PRACREALINO,1,0,1
PRADA,1,0,1
PRADEXI,1,0,1
PRADIAS,1,0,1
PRADIHT,1,0,1
PRADILIA,1,0,1
PRADIN,1,0,1
PRADIZ,1,0,1
PRADYD,1,0,1
PRAEDER,1,0,1
PRAGEL,1,0,1
PRAHMI,1,0,1
PRAIDES,1,0,1
PRAIDY,1,0,1
PRAIMINDO,1,0,1
PRAMALES,1,0,1
PRAMUEL,1,0,1
PRAMY,1,0,1
PRANTILIA,1,0,1
PRASXEDES,1,0,1
PRAUCEDES,1,0,1
PRAUDA,1,0,1
PRAUSEDES,1,0,1
PRAX,1,0,1
PRAXEDELINDA,1,0,1
PRAXSEDIS,1,0,1
PRAYDIN,1,0,1
PREACHER,1,0,1
PRECELIA,1,0,1
PRECERANDO,1,0,1
PRECINDA,1,0,1
PRECINDO,1,0,1
PRECIOSICIMA,1,0,1
PRECY,1,0,1
PREDAL,1,0,1
PREDENDI,1,0,1
PREDERLINDA,1,0,1
PREDEVINDA,1,0,1
PREDIE,1,0,1
PREDILDA,1,0,1
PREDIN,1,0,1
PREDO,1,0,1
PREDYS,1,0,1
PREFERIDA,1,0,1
PREICILINA,1,0,1
PRELI,1,0,1
PREMINDA,1,0,1
PREMINIO,1,0,1
PREMITILA,1,0,1
PREMO,1,0,1
PRENCE,1,0,1
PRENCELIA,1,0,1
PRENCELINA,1,0,1
PRENCELITA,1,0,1
PRENDITA,1,0,1
PRENDO,1,0,1
PRESCEDES,1,0,1
PRESCILA,1,0,1
PRESCILIA,1,0,1
PRESEBERANDA,1,0,1
PRESEDIZ,1,0,1
PRESEDY,1,0,1
PRESEL,1,0,1
PRESENCIO,1,0,1
PRESENTA,1,0,1
PRESENTACCION,1,0,1
PRESENTANCION,1,0,1
PRESENTE,1,0,1
PRESEVERADA,1,0,1
PRESI,1,0,1
PRESIOSISIMA,1,0,1
PRESLA,1,0,1
PRESLEN,1,0,1
PRESMAN,1,0,1
PRESTAN,1,0,1
PRESVINDIO,1,0,1
PREVELINA,1,0,1
PREVIN,1,0,1
PREVIS,1,0,1
PRICEDIS,1,0,1
PRICES,1,0,1
PRICIA,1,0,1
PRICILINO,1,0,1
PRICILLA,1,0,1
PRICILVIO,1,0,1
PRID,1,0,1
PRIDA,1,0,1
PRIDIA,1,0,1
PRIFILIO,1,0,1
PRIMAN,1,0,1
PRIMARIO,1,0,1
PRIMERIA,1,0,1
PRIMERO,1,0,1
PRIMIA,1,0,1
PRIMITIBA,1,0,1
PRIMITIBO,1,0,1
PRINCELINA,1,0,1
PRINCES,1,0,1
PRINCILA,1,0,1
PRINIA,1,0,1
PRINIO,1,0,1
PRINSALES,1,0,1
PRINTESS,1,0,1
PRISALINA,1,0,1
PRISCEDES,1,0,1
PRISIDIO,1,0,1
PRISTIS,1,0,1
PROCEDIS,1,0,1
PROCERPINA,1,0,1
PROCLA,1,0,1
PROCTO,1,0,1
PRODEO,1,0,1
PRODICIA,1,0,1
PRODULTERIO,1,0,1
PROFECTA,1,0,1
PROFIRIA,1,0,1
PRONIA,1,0,1
PROSESPINA,1,0,1
PROSILIA,1,0,1
PROSPEROS,1,0,1
PROTECCION,1,0,1
PROTESTA,1,0,1
PROXESERES,1,0,1
PRUBSDA,1,0,1
PRUCENDIA,1,0,1
PRUDA,1,0,1
PRUDENTINA,1,0,1
PRUDESLINDA,1,0,1
PRULA,1,0,1
PRUTO,1,0,1
PRXEDES,1,0,1
PUARIFICACION,1,0,1
PUDENCIANA,1,0,1
PULCIANA,1,0,1
PULGENCIO,1,0,1
PULICIANO,1,0,1
PULINA,1,0,1
PULLE,1,0,1
PULQUEDIA,1,0,1
PUNCIANO,1,0,1
PUPIT,1,0,1
PURCY,1,0,1
PUREZA,1,0,1
PURICIA,1,0,1
PURIFACION,1,0,1
PURINGLA,1,0,1
PURISIMO,1,0,1
PURISISIMA,1,0,1
PURITA,1,0,1
PURL,1,0,1
PURLIA,1,0,1
PUSKAS,1,0,1
PYHURLIN,1,0,1
PYTIA,1,0,1
QIAO,1,0,1
QIEBIN,1,0,1
QINTIN,1,0,1
QLELIA,1,0,1
QUA,1,0,1
QUADE,1,0,1
QUANMAO,1,0,1
QUATY,1,0,1
QUDY,1,0,1
QUE,1,0,1
QUEBRAL,1,0,1
QUEDUAR,1,0,1
QUEDY,1,0,1
QUEEN,1,0,1
QUEHUN,1,0,1
QUEIDI,1,0,1
QUEIDIS,1,0,1
QUEJEL,1,0,1
QUELBIS,1,0,1
QUELCIN,1,0,1
QUELIA,1,0,1
QUELIP,1,0,1
QUELIZ,1,0,1
QUELLY,1,0,1
QUELMAN,1,0,1
QUELSBY,1,0,1
QUELSIN,1,0,1
QUELSY,1,0,1
QUELTY,1,0,1
QUELVA,1,0,1
QUELVY,1,0,1
QUEMBLEE,1,0,1
QUEMERCH,1,0,1
QUEMETRO,1,0,1
QUEMIS,1,0,1
QUENDELAIN,1,0,1
QUENELIN,1,0,1
QUENICK,1,0,1
QUENIDE,1,0,1
QUENIEL,1,0,1
QUENIN,1,0,1
QUENITT,1,0,1
QUENIZ,1,0,1
QUENJI,1,0,1
QUENLI,1,0,1
QUENLY,1,0,1
QUENNER,1,0,1
QUENSI,1,0,1
QUENSLY,1,0,1
QUENTON,1,0,1
QUEQUITARA,1,0,1
QUERAMIN,1,0,1
QUERBIN,1,0,1
QUERCIL,1,0,1
QUERDITA,1,0,1
QUERECIO,1,0,1
QUERGUIN,1,0,1
QUERINA,1,0,1
QUERINO,1,0,1
QUERLY,1,0,1
QUERMIT,1,0,1
QUERSORIS,1,0,1
QUERY,1,0,1
QUESLIN,1,0,1
QUESSI,1,0,1
QUESTIS,1,0,1
QUETZER,1,0,1
QUEVIA,1,0,1
QUEVIR,1,0,1
QUEVIZ,1,0,1
QUEXBIN,1,0,1
QUEXI,1,0,1
QUEYBIN,1,0,1
QUEYBIS,1,0,1
QUEYDA,1,0,1
QUEYLI,1,0,1
QUEYLIN,1,0,1
QUI+ONEZMARCO,1,0,1
QUIARA,1,0,1
QUIBIN,1,0,1
QUIBLON,1,0,1
QUIDIAN,1,0,1
QUIEBAT,1,0,1
QUIEL,1,0,1
QUIFA,1,0,1
QUIK,1,0,1
QUILAR,1,0,1
QUILBEN,1,0,1
QUILBOR,1,0,1
QUILCIA,1,0,1
QUILDER,1,0,1
QUILIAN,1,0,1
QUILVER,1,0,1
QUIMEZ,1,0,1
QUIMI,1,0,1
QUIMIX,1,0,1
QUIMO,1,0,1
QUINDITA,1,0,1
QUINEY,1,0,1
QUINGMER,1,0,1
QUINSTON,1,0,1
QUINTANILLA,1,0,1
QUINTERO,1,0,1
QUINTON,1,0,1
QUINY,1,0,1
QUIOTILDE,1,0,1
QUIREIRA,1,0,1
QUIRENIA,1,0,1
QUIRIANA,1,0,1
QUIRIDACIA,1,0,1
QUIRINOS,1,0,1
QUIRIS,1,0,1
QUIRSIA,1,0,1
QUIRSIO,1,0,1
QUISELYN,1,0,1
QUISNA,1,0,1
QUITY,1,0,1
QUIWON,1,0,1
QUIZER,1,0,1
R0NEY,1,0,1
RA,1,0,1
RAAFEL,1,0,1
RABAD,1,0,1
RABAT,1,0,1
RABATH,1,0,1
RABBI,1,0,1
RABE,1,0,1
RABELIO,1,0,1
RABER,1,0,1
RABIDIA,1,0,1
RABIEL,1,0,1
RABIN,1,0,1
RABINETH,1,0,1
RABISIN,1,0,1
RABISTIANO,1,0,1
RABIX,1,0,1
RACAB,1,0,1
RACKEL,1,0,1
RACKY,1,0,1
RADA,1,0,1
RADBID,1,0,1
RADDER,1,0,1
RADILITA,1,0,1
RADIS,1,0,1
RADNY,1,0,1
RADO,1,0,1
RADOMEL,1,0,1
RADULFO,1,0,1
RADWEL,1,0,1
RADWEY,1,0,1
RAENALDO,1,0,1
RAENELIA,1,0,1
RAENILIA,1,0,1
RAFABEL,1,0,1
RAFAEL  ANTONIO,1,0,1
RAFAEL  ENRIQUE,1,0,1
RAFAEL DE JESUS,1,0,1
RAFAELA ANTONIA,1,0,1
RAFAILITO,1,0,1
RAFAYLINO,1,0,1
RAFE,1,0,1
RAFFY,1,0,1
RAFIC,1,0,1
RAFILA,1,0,1
RAFINO,1,0,1
RAFLES,1,0,1
RAGGI,1,0,1
RAGNAR,1,0,1
RAHANY,1,0,1
RAHELA,1,0,1
RAHXME,1,0,1
RAICARPO,1,0,1
RAID,1,0,1
RAIDA,1,0,1
RAILEY,1,0,1
RAILINA,1,0,1
RAILITO,1,0,1
RAIMELDA,1,0,1
RAIMELDO,1,0,1
RAIMUINDO,1,0,1
RAIMY,1,0,1
RAINALIA,1,0,1
RAINERY,1,0,1
RAINIEL,1,0,1
RAINS,1,0,1
RAINY,1,0,1
RAISTAN,1,0,1
RAIVYN,1,0,1
RAJEL,1,0,1
RAJIN,1,0,1
RAKEY,1,0,1
RALBY,1,0,1
RALDY,1,0,1
RALEY,1,0,1
RALF,1,0,1
RALFITT,1,0,1
RALLY,1,0,1
RALPTAN,1,0,1
RALVIN,1,0,1
RALY,1,0,1
RALYN,1,0,1
RAMALLET,1,0,1
RAMBAT,1,0,1
RAMCY,1,0,1
RAMES,1,0,1
RAMESH,1,0,1
RAMFIZ,1,0,1
RAMILES,1,0,1
RAMILET,1,0,1
RAMILO,1,0,1
RAMIR,1,0,1
RAMIREZELMER,1,0,1
RAMIS,1,0,1
RAMIWELL,1,0,1
RAMIX,1,0,1
RAMMEN,1,0,1
RAMMI,1,0,1
RAMO,1,0,1
RAMOMA,1,0,1
RAMON EDUARDO,1,0,1
RAMON LAUREANO,1,0,1
RAMONA   IDALIA,1,0,1
RAMONA  DE,1,0,1
RAMONA JOSEFA,1,0,1
RAMONA MARTINA,1,0,1
RAMONAA,1,0,1
RAMOSCARMEN,1,0,1
RAMPHIS CRISTOB,1,0,1
RAMPLE,1,0,1
RAMSEL,1,0,1
RAMSSEL,1,0,1
RAMSY,1,0,1
RAMTON,1,0,1
RAMUEL,1,0,1
RANCELIA,1,0,1
RANCISCO,1,0,1
RAND,1,0,1
RANDA,1,0,1
RANDHILL,1,0,1
RANDIE,1,0,1
RANDIL,1,0,1
RANDIN,1,0,1
RANDIS,1,0,1
RANDLEN,1,0,1
RANDOF,1,0,1
RANDOLFO DE,1,0,1
RANDOLP,1,0,1
RANDUZ,1,0,1
RANDYN,1,0,1
RANECIO,1,0,1
RANEL,1,0,1
RANELFA,1,0,1
RANERY,1,0,1
RANFERY,1,0,1
RANFIN,1,0,1
RANFLES,1,0,1
RANGER,1,0,1
RANI,1,0,1
RANIERE,1,0,1
RANIERIS,1,0,1
RANIETY,1,0,1
RANILO,1,0,1
RANIN,1,0,1
RANKLIN,1,0,1
RANNULFO,1,0,1
RANOLFA,1,0,1
RANQUILIN,1,0,1
RANSSES,1,0,1
RANY,1,0,1
RAOSA,1,0,1
RAPANSEL,1,0,1
RAPSONI,1,0,1
RAQUELIN,1,0,1
RAQUINA,1,0,1
RARA,1,0,1
RASALIO,1,0,1
RASANGEL,1,0,1
RASEL,1,0,1
RASHA,1,0,1
RASHID,1,0,1
RASHIDA,1,0,1
RASILDO,1,0,1
RASILY,1,0,1
RASK,1,0,1
RASLYN,1,0,1
RASMERY,1,0,1
RASUL,1,0,1
RAUCELI,1,0,1
RAUCHER,1,0,1
RAUDELIA,1,0,1
RAUDI,1,0,1
RAUL CARLOS,1,0,1
RAULERIO,1,0,1
RAULETH,1,0,1
RAULI,1,0,1
RAULIANA,1,0,1
RAULIN,1,0,1
RAULINO,1,0,1
RAULITO,1,0,1
RAUNDY,1,0,1
RAUQUEL,1,0,1
RAVEN,1,0,1
RAVI,1,0,1
RAVIGILDA,1,0,1
RAVY,1,0,1
RAWL,1,0,1
RAWLIN,1,0,1
RAWNER,1,0,1
RAXA,1,0,1
RAXA TZEL,1,0,1
RAXANA,1,0,1
RAYALDO,1,0,1
RAYDEAN,1,0,1
RAYDENE,1,0,1
RAYGAD,1,0,1
RAYI,1,0,1
RAYKELL,1,0,1
RAYLINES,1,0,1
RAYMAC,1,0,1
RAYMAR,1,0,1
RAYMELIA,1,0,1
RAYMER,1,0,1
RAYMILDA,1,0,1
RAYMONDA,1,0,1
RAYMONDE,1,0,1
RAYMOUND,1,0,1
RAYMULDA,1,0,1
RAYMUNDOZ,1,0,1
RAYMY,1,0,1
RAYNE,1,0,1
RAYNELA,1,0,1
RAYNILIA,1,0,1
RAYNIRA,1,0,1
RAYNOR,1,0,1
RAYNY,1,0,1
RAYSEN,1,0,1
RAYTELIA,1,0,1
RAYWEEN,1,0,1
RAZEDICK,1,0,1
RAZIEL,1,0,1
REALINDA,1,0,1
REAME,1,0,1
REAYERAT,1,0,1
REBALDECINA,1,0,1
REBEKA,1,0,1
REBEKHA,1,0,1
REBELA,1,0,1
REBEN,1,0,1
REBIE,1,0,1
REBULO,1,0,1
REBUSTIANA,1,0,1
REBUSTINA,1,0,1
RECADERO,1,0,1
RECAELA,1,0,1
RECCIDES,1,0,1
RECCY,1,0,1
RECELINA,1,0,1
RECHALITA,1,0,1
RECHEL,1,0,1
RECHELINA,1,0,1
RECHI,1,0,1
RECHINAL,1,0,1
RECHMAN,1,0,1
RECIDELIA,1,0,1
RECINIST,1,0,1
RECOLIO,1,0,1
RECTALIA,1,0,1
RECTILIO,1,0,1
RED,1,0,1
REDDY,1,0,1
REDDYLOR,1,0,1
REDEMBINDA,1,0,1
REDEMPTINO,1,0,1
REDEN,1,0,1
REDENTA,1,0,1
REDENTINO,1,0,1
REDERBRINDO,1,0,1
REDESBINDA,1,0,1
REDIE,1,0,1
REDIGO,1,0,1
REDINEL,1,0,1
REDIOLVINDA,1,0,1
REDITZA,1,0,1
REDNY,1,0,1
REDOLA,1,0,1
REDRO,1,0,1
REDUMILDO,1,0,1
REDUNCINDO,1,0,1
REEN,1,0,1
REENDER,1,0,1
REENIE,1,0,1
REEYNEER,1,0,1
REGANEL,1,0,1
REGAR,1,0,1
REGELA,1,0,1
REGELIA,1,0,1
REGENA,1,0,1
REGILA,1,0,1
REGILNALDO,1,0,1
REGIMA,1,0,1
REGIMIO,1,0,1
REGINIA,1,0,1
REGINIALDA,1,0,1
REGIO,1,0,1
REGNAR,1,0,1
REGUINA,1,0,1
REGUINALDO,1,0,1
REGULA,1,0,1
REGULACION,1,0,1
REGUSTINIANO,1,0,1
REHUMBERTO,1,0,1
REIBEN,1,0,1
REICITO,1,0,1
REIDAR,1,0,1
REIDEL,1,0,1
REIDELDA,1,0,1
REIDER,1,0,1
REIDI,1,0,1
REIDILIA,1,0,1
REIDIN,1,0,1
REIGNALDO,1,0,1
REILE,1,0,1
REILIAN,1,0,1
REIMERIO,1,0,1
REIMY,1,0,1
REINA   EMILIA,1,0,1
REINA  ELETICIA,1,0,1
REINA  MAIDOY,1,0,1
REINA MARIA,1,0,1
REINA VENTURA,1,0,1
REINA YAMILE,1,0,1
REINADLDO,1,0,1
REINAIDE,1,0,1
REINAL,1,0,1
REINALDDO,1,0,1
REINALDITO,1,0,1
REINALDO HERNAN,1,0,1
REINAPATRICIA,1,0,1
REINARDIR,1,0,1
REINARIA,1,0,1
REINDER,1,0,1
REINELIA,1,0,1
REINELO,1,0,1
REINELY,1,0,1
REINERES,1,0,1
REINERITO,1,0,1
REINERYS,1,0,1
REINES,1,0,1
REINI,1,0,1
REINIERES,1,0,1
REINIERYS,1,0,1
REINILDO,1,0,1
REINIS,1,0,1
REINOLD,1,0,1
REINY,1,0,1
REISNE,1,0,1
REITELL,1,0,1
REITH,1,0,1
REIVIN,1,0,1
REIVY,1,0,1
REIVYN,1,0,1
REIY,1,0,1
REIZEL,1,0,1
REJELIA,1,0,1
REJINIO,1,0,1
REJOLITA,1,0,1
REJULIA,1,0,1
RELBIN,1,0,1
RELIDEX,1,0,1
RELINS,1,0,1
RELIONAL,1,0,1
RELMI,1,0,1
RELMIN,1,0,1
RELNA,1,0,1
RELUCIANO,1,0,1
RELVIN,1,0,1
RELYDEE,1,0,1
RELYN,1,0,1
RELYNA,1,0,1
REMA,1,0,1
REMAK,1,0,1
REMBENTO,1,0,1
REMBRANDT,1,0,1
REMELBA,1,0,1
REMELE,1,0,1
REMENELIO,1,0,1
REMERY,1,0,1
REMEWEL,1,0,1
REMEY,1,0,1
REMICIO,1,0,1
REMIERY,1,0,1
REMIGIIO,1,0,1
REMIGTON,1,0,1
REMIGUIO,1,0,1
REMIJO,1,0,1
REMILIO,1,0,1
REMINELIO,1,0,1
REMIRIO,1,0,1
REMMY,1,0,1
REMOLINA,1,0,1
REMOND,1,0,1
REMRRI,1,0,1
REN,1,0,1
RENABEL,1,0,1
RENAD,1,0,1
RENAIDA,1,0,1
RENAILA,1,0,1
RENANA,1,0,1
RENANN,1,0,1
RENARIO,1,0,1
RENATA MARCELA,1,0,1
RENAUD,1,0,1
RENCARNACION,1,0,1
RENCILIA,1,0,1
RENCIO,1,0,1
RENDINA,1,0,1
RENECENDA,1,0,1
RENEGLOS,1,0,1
RENEJO,1,0,1
RENELEO,1,0,1
RENELIDIO,1,0,1
RENELINDA,1,0,1
RENERIA,1,0,1
RENERLL,1,0,1
RENEYRA,1,0,1
RENFRED,1,0,1
RENGI,1,0,1
RENGLIN,1,0,1
RENGY,1,0,1
RENIA,1,0,1
RENIERIK,1,0,1
RENIERIN,1,0,1
RENIERIO,1,0,1
RENLEND,1,0,1
RENLY,1,0,1
RENMAN,1,0,1
RENNERI,1,0,1
RENNIS,1,0,1
RENOL,1,0,1
RENSEMBRICK,1,0,1
RENSOR,1,0,1
RENTO,1,0,1
RENUE,1,0,1
RENUEL,1,0,1
RENVERTA,1,0,1
RENWARD,1,0,1
REOLINA,1,0,1
REOTINA,1,0,1
REOTISTA,1,0,1
REPTEN,1,0,1
REQUISIANO,1,0,1
RERY,1,0,1
RESBINDO,1,0,1
RESDY,1,0,1
RESEDA,1,0,1
RESELINA,1,0,1
RESENIO,1,0,1
RESILDA,1,0,1
RESINA,1,0,1
RESINAL,1,0,1
RESLY,1,0,1
RESMEJ,1,0,1
RESNER,1,0,1
RESNIA,1,0,1
RESS,1,0,1
RESSEMBRIK,1,0,1
RESSEMBRINCK,1,0,1
RETCHIEBAL,1,0,1
RETIA,1,0,1
RETINA,1,0,1
RETT,1,0,1
RETTA,1,0,1
REUBALDA,1,0,1
REUBDEA,1,0,1
REUBIN,1,0,1
REUFINO,1,0,1
REULINE,1,0,1
REUMBERTA,1,0,1
REUMIRO,1,0,1
REUMUALDA,1,0,1
REUNBERTO,1,0,1
REUSINDO,1,0,1
REUSTIANO,1,0,1
REUTILIA,1,0,1
REUVALDO,1,0,1
REUVEN,1,0,1
REVEKA,1,0,1
REVELA,1,0,1
REVELINO,1,0,1
REVERENCIO,1,0,1
REVHINDER,1,0,1
REVIA,1,0,1
REVOSCINDO,1,0,1
REWIN,1,0,1
REXCENBRIK,1,0,1
REXDICE,1,0,1
REXSI,1,0,1
REY    DAVID,1,0,1
REY    NERY,1,0,1
REYAN,1,0,1
REYBY,1,0,1
REYBYN,1,0,1
REYDIN,1,0,1
REYDIS,1,0,1
REYINA,1,0,1
REYLILIO,1,0,1
REYLIN,1,0,1
REYLINA,1,0,1
REYMILDA,1,0,1
REYMIN,1,0,1
REYMIRIO,1,0,1
REYNA    DEL,1,0,1
REYNA  MERCEDES,1,0,1
REYNA DE JESUS,1,0,1
REYNAA,1,0,1
REYNAB,1,0,1
REYNADID,1,0,1
REYNALDO EFRAIN,1,0,1
REYNALDS,1,0,1
REYNATO,1,0,1
REYNAY,1,0,1
REYNDALDO,1,0,1
REYNEDI,1,0,1
REYNEIRA,1,0,1
REYNELD,1,0,1
REYNELY,1,0,1
REYNERIN,1,0,1
REYNIER,1,0,1
REYNIKY,1,0,1
REYNILDA,1,0,1
REYNIN,1,0,1
REYNOD,1,0,1
REYNOE,1,0,1
REYNOLDO,1,0,1
REYONEL,1,0,1
REYS,1,0,1
REYSMAN,1,0,1
REYTI DE JESUS,1,0,1
REYTY,1,0,1
REYVELT,1,0,1
REYVEN,1,0,1
REYVIN,1,0,1
REZELT,1,0,1
REZENDO,1,0,1
REZIN,1,0,1
RHAAT,1,0,1
RHANDOLF,1,0,1
RHODER,1,0,1
RHONALD,1,0,1
RHONEEY,1,0,1
RHONEL,1,0,1
RHONY,1,0,1
RHOSBEL,1,0,1
RHYNA,1,0,1
RI,1,0,1
RIÑA,1,0,1
RIANSI,1,0,1
RIASELBIA,1,0,1
RIBBENS,1,0,1
RIBENS,1,0,1
RIBILIO,1,0,1
RIBINS,1,0,1
RIBORGERTO,1,0,1
RIBY,1,0,1
RICAELA,1,0,1
RICAL,1,0,1
RICARDINA,1,0,1
RICARDITO,1,0,1
RICARDO ARTURO,1,0,1
RICARDO LEON,1,0,1
RICARDO MANUEL,1,0,1
RICARDOENRIQUE,1,0,1
RICARDOITO,1,0,1
RICAROD,1,0,1
RICCIA,1,0,1
RICCIE,1,0,1
RICCILIO,1,0,1
RICDALIO,1,0,1
RICE,1,0,1
RICHAD,1,0,1
RICHADS,1,0,1
RICHAED,1,0,1
RICHAN,1,0,1
RICHARDO,1,0,1
RICHARDS,1,0,1
RICHAT,1,0,1
RICHERT,1,0,1
RICHIARD,1,0,1
RICHIBAL,1,0,1
RICHIRIA,1,0,1
RICHS,1,0,1
RICHY ANN,1,0,1
RICKET,1,0,1
RICKI,1,0,1
RICLES,1,0,1
RICOL,1,0,1
RICONA,1,0,1
RICORIA,1,0,1
RICSA,1,0,1
RICSE,1,0,1
RICSI,1,0,1
RICXA,1,0,1
RICXI,1,0,1
RICZE,1,0,1
RIDA,1,0,1
RIDAY,1,0,1
RIDED,1,0,1
RIDELTITO,1,0,1
RIDERR,1,0,1
RIDEZ,1,0,1
RIDIA,1,0,1
RIDILINA,1,0,1
RIDIN,1,0,1
RIDIONA,1,0,1
RIDONZKY,1,0,1
RIDY,1,0,1
RIEBIE,1,0,1
RIEDIR,1,0,1
RIEDMAN,1,0,1
RIEINA,1,0,1
RIENZY,1,0,1
RIES,1,0,1
RIGAR,1,0,1
RIGILIA,1,0,1
RIGO BERTO,1,0,1
RIGOBERTOANTONI,1,0,1
RIGOBRTO,1,0,1
RIGOEBRTO,1,0,1
RIGOGERTO,1,0,1
RIGUILDA,1,0,1
RIGULA,1,0,1
RIHLA,1,0,1
RIIVAL,1,0,1
RIKA,1,0,1
RIKEY,1,0,1
RIKIE,1,0,1
RILAN,1,0,1
RILDA,1,0,1
RILIA,1,0,1
RILINS,1,0,1
RILLTHIE,1,0,1
RILSI,1,0,1
RIM,1,0,1
RIMAGEN,1,0,1
RIMAILA,1,0,1
RIMANS,1,0,1
RIMEX,1,0,1
RIMI,1,0,1
RIMIN,1,0,1
RIMMEL,1,0,1
RIMNA,1,0,1
RINADA,1,0,1
RINADEIRA,1,0,1
RINANDINA,1,0,1
RINARICETH,1,0,1
RINATO,1,0,1
RINDO,1,0,1
RINDULFO,1,0,1
RINEMALIA,1,0,1
RINER,1,0,1
RINGTON,1,0,1
RINILDA,1,0,1
RINNA,1,0,1
RINOEL,1,0,1
RINOLFA,1,0,1
RINTAN,1,0,1
RINTHIA,1,0,1
RINULIA,1,0,1
RIOLSDA,1,0,1
RIOMARA,1,0,1
RIONEY,1,0,1
RIPCHER,1,0,1
RIPCIA,1,0,1
RIPSY,1,0,1
RIPZA,1,0,1
RIQUELIO,1,0,1
RIQUELME,1,0,1
RIRSY,1,0,1
RISELIA,1,0,1
RISEY,1,0,1
RISIS,1,0,1
RISKA,1,0,1
RISMA,1,0,1
RISMARLEN,1,0,1
RISSELLA,1,0,1
RISSNA,1,0,1
RISSY,1,0,1
RIST,1,0,1
RISTER,1,0,1
RISTZA,1,0,1
RISY,1,0,1
RITA LORENA,1,0,1
RITAELIZZETH,1,0,1
RITALINA,1,0,1
RITCY,1,0,1
RITHSY,1,0,1
RITHZY,1,0,1
RITINA,1,0,1
RITISIN,1,0,1
RITTO,1,0,1
RITTZY,1,0,1
RITXI,1,0,1
RITZ,1,0,1
RIUDEL,1,0,1
RIUMBERTO,1,0,1
RIUTILDA,1,0,1
RIVA,1,0,1
RIVAN,1,0,1
RIVEIRO,1,0,1
RIVENS,1,0,1
RIVERAGLORIA,1,0,1
RIVERAKARLA,1,0,1
RIVERCIDE,1,0,1
RIVERSIDE,1,0,1
RIVIAN,1,0,1
RIVIEN,1,0,1
RIXAN,1,0,1
RIXCY,1,0,1
RIXIS,1,0,1
RIXON,1,0,1
RIXSI,1,0,1
RIXSNA,1,0,1
RIXSY,1,0,1
RIYAD,1,0,1
RIZAL,1,0,1
RIZMY,1,0,1
RIZTA,1,0,1
RIZY,1,0,1
RMON,1,0,1
ROA,1,0,1
ROALBERTO,1,0,1
ROALMA,1,0,1
ROALNULFO,1,0,1
ROAMBERTO,1,0,1
ROAMHERY,1,0,1
ROAMITA,1,0,1
ROAN,1,0,1
ROASVELT,1,0,1
ROAURA,1,0,1
ROBANCELI,1,0,1
ROBAS,1,0,1
ROBBING,1,0,1
ROBBINSON,1,0,1
ROBEER,1,0,1
ROBELDO,1,0,1
ROBELIN,1,0,1
ROBELL,1,0,1
ROBELTA,1,0,1
ROBEN,1,0,1
ROBERCINDA,1,0,1
ROBERDANI,1,0,1
ROBERGIL,1,0,1
ROBERIO,1,0,1
ROBERSINDA,1,0,1
ROBERTHS,1,0,1
ROBERTICO,1,0,1
ROBERTIS,1,0,1
ROBERTO OCTAVIO,1,0,1
ROBES,1,0,1
ROBET,1,0,1
ROBETH,1,0,1
ROBETO,1,0,1
ROBETSON,1,0,1
ROBIA,1,0,1
ROBIG,1,0,1
ROBIGNA,1,0,1
ROBIL,1,0,1
ROBILINA,1,0,1
ROBILYN,1,0,1
ROBING,1,0,1
ROBINSO,1,0,1
ROBISNERI,1,0,1
ROBITA,1,0,1
ROBLETO,1,0,1
ROBLIN,1,0,1
ROBOHAN,1,0,1
ROBOS,1,0,1
ROBUSTIN,1,0,1
ROBYE,1,0,1
ROBYNS,1,0,1
ROBZANIA,1,0,1
ROCCY,1,0,1
ROCEBEL,1,0,1
ROCELA,1,0,1
ROCEMON,1,0,1
ROCENIA,1,0,1
ROCESVINTA,1,0,1
ROCHEN,1,0,1
ROCI,1,0,1
ROCICLER,1,0,1
ROCIDALIA,1,0,1
ROCIDANIA,1,0,1
ROCIL,1,0,1
ROCILDA,1,0,1
ROCINEL,1,0,1
ROCIRIS,1,0,1
ROCKEY,1,0,1
ROCKNY,1,0,1
ROCKSANDA,1,0,1
ROCKSANY,1,0,1
ROCKWELL,1,0,1
ROCMAN,1,0,1
ROCNEY,1,0,1
ROCNY,1,0,1
ROCOSTIANO,1,0,1
ROCSELI,1,0,1
ROCXANI,1,0,1
ROCXIVERY,1,0,1
RODAI,1,0,1
RODAILA,1,0,1
RODALME,1,0,1
RODALMER,1,0,1
RODAMANTE,1,0,1
RODANILO,1,0,1
RODANYN,1,0,1
RODASWALMER,1,0,1
RODBEL,1,0,1
RODBINDA,1,0,1
RODELFO,1,0,1
RODELINDA,1,0,1
RODELL,1,0,1
RODELMIN,1,0,1
RODEMILIA,1,0,1
RODEN,1,0,1
RODENEL,1,0,1
RODENTINO,1,0,1
RODERCK,1,0,1
RODERITH,1,0,1
RODERMO,1,0,1
RODERTHS,1,0,1
RODERY,1,0,1
RODESINDO,1,0,1
RODESVINDA,1,0,1
RODETT,1,0,1
RODEZA,1,0,1
RODEZMAN,1,0,1
RODGENS,1,0,1
RODIAL,1,0,1
RODIAN,1,0,1
RODICINDA,1,0,1
RODIELBER,1,0,1
RODIGBERTO,1,0,1
RODILFIDO,1,0,1
RODIMAR,1,0,1
RODIMEL,1,0,1
RODIMILA,1,0,1
RODIMILTON,1,0,1
RODIMIROANTONIO,1,0,1
RODINDO,1,0,1
RODING,1,0,1
RODINO,1,0,1
RODION,1,0,1
RODIRGO,1,0,1
RODIS ARTURO,1,0,1
RODISMIRO,1,0,1
RODIT,1,0,1
RODIVAN,1,0,1
RODMIN,1,0,1
RODNAL,1,0,1
RODNAN,1,0,1
RODNEL,1,0,1
RODNELL,1,0,1
RODNER,1,0,1
RODO,1,0,1
RODOBALDO,1,0,1
RODODENDRO,1,0,1
RODOEL,1,0,1
RODOFO,1,0,1
RODOLBERTO,1,0,1
RODOLFITO,1,0,1
RODOLFO ALFREDO,1,0,1
RODOLFO ARMANDO,1,0,1
RODOLFO AUGUSTO,1,0,1
RODOME,1,0,1
RODRICO,1,0,1
RODRIERY,1,0,1
RODRIGUEZJUAN,1,0,1
RODRIMIRO,1,0,1
RODSBINDA,1,0,1
RODSLY,1,0,1
RODSMAN,1,0,1
RODULINDA,1,0,1
RODULLIO,1,0,1
RODWUIN,1,0,1
RODZANA,1,0,1
ROELI,1,0,1
ROES,1,0,1
ROESNO,1,0,1
ROEZAEL,1,0,1
ROFEL,1,0,1
ROFER,1,0,1
ROFIN,1,0,1
ROFINO,1,0,1
ROFOS,1,0,1
ROGELITA,1,0,1
ROGENES,1,0,1
ROGER DE JESUS,1,0,1
ROGERIA,1,0,1
ROGERR,1,0,1
ROGET,1,0,1
ROGEY,1,0,1
ROGGE,1,0,1
ROGILIA,1,0,1
ROGING,1,0,1
ROGNAL,1,0,1
ROGNER,1,0,1
ROGUESTIN,1,0,1
ROGUSTIANO,1,0,1
ROGUSTINO,1,0,1
ROHALTAR,1,0,1
ROHASBIN,1,0,1
ROHASIBELT,1,0,1
ROHDA,1,0,1
ROHNNER,1,0,1
ROHTMAN,1,0,1
ROIDELBER,1,0,1
ROIMIRO,1,0,1
ROISBEL,1,0,1
ROISE,1,0,1
ROISSELA,1,0,1
ROITA,1,0,1
ROITELIS,1,0,1
ROJAZ,1,0,1
ROJE,1,0,1
ROJELINA,1,0,1
ROJIN,1,0,1
ROKEL,1,0,1
ROLAM,1,0,1
ROLANDO ERNESTO,1,0,1
ROLANOD,1,0,1
ROLBEN,1,0,1
ROLBERTO,1,0,1
ROLBY,1,0,1
ROLD,1,0,1
ROLD NATTANAEL,1,0,1
ROLDEN,1,0,1
ROLDINA,1,0,1
ROLDY,1,0,1
ROLEY,1,0,1
ROLF,1,0,1
ROLFY,1,0,1
ROLIA,1,0,1
ROLIEN,1,0,1
ROLINS,1,0,1
ROLIX,1,0,1
ROLLER,1,0,1
ROLLINTON,1,0,1
ROLMAR,1,0,1
ROLTER,1,0,1
ROLTVER,1,0,1
ROLVA,1,0,1
ROLVY,1,0,1
ROLVYN,1,0,1
ROMAËO,1,0,1
ROMAC,1,0,1
ROMAHY,1,0,1
ROMAILA,1,0,1
ROMALDINA,1,0,1
ROMALDITA,1,0,1
ROMALINA,1,0,1
ROMANCIA,1,0,1
ROMANCITO,1,0,1
ROMANDA,1,0,1
ROMANELI,1,0,1
ROMARK,1,0,1
ROMAYRA,1,0,1
ROMENCIO,1,0,1
ROMENIE,1,0,1
ROMI,1,0,1
ROMIE,1,0,1
ROMIERIS,1,0,1
ROMILDO,1,0,1
ROMITA,1,0,1
ROMITILIO,1,0,1
ROMNALDA,1,0,1
ROMNI,1,0,1
ROMNIE,1,0,1
ROMNIS,1,0,1
ROMOALDA,1,0,1
ROMULDIS,1,0,1
ROMUMEL,1,0,1
ROMUSTIANO,1,0,1
ROMYRA,1,0,1
RONAHL,1,0,1
RONAILA,1,0,1
RONALBERTO,1,0,1
RONALDA,1,0,1
RONALDYS,1,0,1
RONALFA,1,0,1
RONALIQUE,1,0,1
RONALLD,1,0,1
RONALS,1,0,1
RONALT,1,0,1
RONALVIX,1,0,1
RONANA,1,0,1
RONAT,1,0,1
RONCY,1,0,1
RONDOLPH,1,0,1
RONDY,1,0,1
RONEIY,1,0,1
RONELINA,1,0,1
RONELIS,1,0,1
RONELL,1,0,1
RONERD,1,0,1
RONEY  ARMANDO,1,0,1
RONEYS,1,0,1
RONHNIE,1,0,1
RONIBEL,1,0,1
RONIM,1,0,1
RONIMELIA,1,0,1
RONING,1,0,1
RONITO,1,0,1
RONLYN,1,0,1
RONMALDO,1,0,1
RONME,1,0,1
RONNAN,1,0,1
RONNEI,1,0,1
RONNELYN,1,0,1
RONNERE,1,0,1
RONNIEL,1,0,1
RONNIN,1,0,1
RONNSY,1,0,1
RONNYL,1,0,1
RONOR,1,0,1
RONOSTINO,1,0,1
RONQUILIA,1,0,1
RONSBINGH,1,0,1
RONSE,1,0,1
RONYE,1,0,1
RONYZ,1,0,1
ROODA,1,0,1
ROODNEY,1,0,1
ROODY,1,0,1
ROOK,1,0,1
ROOKYLAIN,1,0,1
ROOLDAN,1,0,1
ROOLVIN,1,0,1
ROOLY,1,0,1
ROOMAN,1,0,1
ROOMEL,1,0,1
ROONED,1,0,1
ROONES,1,0,1
ROONNIE,1,0,1
ROOSBELT,1,0,1
ROOSEBEL,1,0,1
ROOSELBELT,1,0,1
ROOSELT,1,0,1
ROOSELVETH,1,0,1
ROOSENBERTH,1,0,1
ROOSNY,1,0,1
ROOSSEBELTH,1,0,1
ROOSSELL,1,0,1
ROOSSVELT,1,0,1
ROOSVEL,1,0,1
ROOSVELL,1,0,1
ROOSVI,1,0,1
ROOT,1,0,1
ROOYAL,1,0,1
ROPERTA,1,0,1
ROPERTO,1,0,1
ROPOS,1,0,1
ROPSANA,1,0,1
ROPSANI,1,0,1
ROQUEBEL,1,0,1
ROQUELIN,1,0,1
ROQUETS,1,0,1
ROQUEVEL,1,0,1
RORANY,1,0,1
RORBELINA,1,0,1
RORBI,1,0,1
RORDANO,1,0,1
RORE,1,0,1
RORI,1,0,1
RORIN,1,0,1
ROS MERY,1,0,1
ROSA    LIDIA,1,0,1
ROSA   LINA,1,0,1
ROSA   LINDA,1,0,1
ROSA  ADELINA,1,0,1
ROSA  IDALIA,1,0,1
ROSA  LIDIA,1,0,1
ROSA  MARIA,1,0,1
ROSA AMANDA,1,0,1
ROSA DE LA,1,0,1
ROSA DE OLIVO,1,0,1
ROSA ENA,1,0,1
ROSA GUADALUPE,1,0,1
ROSA PETRONA,1,0,1
ROSAALBA,1,0,1
ROSABELL,1,0,1
ROSABELLE,1,0,1
ROSABELT,1,0,1
ROSABELY,1,0,1
ROSABERTA,1,0,1
ROSABIEN,1,0,1
ROSABIRNA,1,0,1
ROSADELA,1,0,1
ROSADELI,1,0,1
ROSADELSI,1,0,1
ROSADELY,1,0,1
ROSADENIA,1,0,1
ROSADIMIA,1,0,1
ROSAEDA,1,0,1
ROSAELIA,1,0,1
ROSAELVINTA,1,0,1
ROSAFATH,1,0,1
ROSAGNA,1,0,1
ROSAHAMNA,1,0,1
ROSAHURA,1,0,1
ROSAICELA,1,0,1
ROSAIDE,1,0,1
ROSAILA,1,0,1
ROSAIVANIA,1,0,1
ROSALAINA,1,0,1
ROSALBEL,1,0,1
ROSALDA,1,0,1
ROSALDINA,1,0,1
ROSALEIDA,1,0,1
ROSALENE,1,0,1
ROSALENI,1,0,1
ROSALESCARLOS,1,0,1
ROSALIA DE LA,1,0,1
ROSALIAS,1,0,1
ROSALICIDA,1,0,1
ROSALIDIO,1,0,1
ROSALIGNA,1,0,1
ROSALIMA,1,0,1
ROSALINAN,1,0,1
ROSALINDO,1,0,1
ROSALINE,1,0,1
ROSALIS,1,0,1
ROSALMIDA,1,0,1
ROSALTINA,1,0,1
ROSALVINO,1,0,1
ROSAMERI,1,0,1
ROSAMERICA,1,0,1
ROSAMERY,1,0,1
ROSAMILA,1,0,1
ROSAMILIA,1,0,1
ROSAMILIAN,1,0,1
ROSAMINA,1,0,1
ROSAMINDO,1,0,1
ROSANANGEL,1,0,1
ROSANDI,1,0,1
ROSANEL,1,0,1
ROSANELI,1,0,1
ROSANILA,1,0,1
ROSANILDA,1,0,1
ROSANITA,1,0,1
ROSANIY,1,0,1
ROSANNY,1,0,1
ROSANOLVIA,1,0,1
ROSANTA,1,0,1
ROSAOSA,1,0,1
ROSARA,1,0,1
ROSARIO  DE,1,0,1
ROSASONIA,1,0,1
ROSATE,1,0,1
ROSATILLO,1,0,1
ROSAURA YESENIA,1,0,1
ROSAVESIS,1,0,1
ROSAVINTA,1,0,1
ROSAYLA,1,0,1
ROSAZITA,1,0,1
ROSBALDO,1,0,1
ROSBBIN,1,0,1
ROSBERG,1,0,1
ROSBERYS,1,0,1
ROSBETH,1,0,1
ROSBI,1,0,1
ROSBILDA,1,0,1
ROSBIM,1,0,1
ROSBIMDY,1,0,1
ROSBINA,1,0,1
ROSBINDES,1,0,1
ROSBINDY,1,0,1
ROSBINGS,1,0,1
ROSBYM,1,0,1
ROSCELIS,1,0,1
ROSCIDEL,1,0,1
ROSCY,1,0,1
ROSDELL,1,0,1
ROSEBA,1,0,1
ROSEBELLA,1,0,1
ROSEBER,1,0,1
ROSEBET,1,0,1
ROSEBUD,1,0,1
ROSECHELLY,1,0,1
ROSEELT,1,0,1
ROSELBEL,1,0,1
ROSELBER,1,0,1
ROSELBERTO,1,0,1
ROSELDE,1,0,1
ROSELIM,1,0,1
ROSELIY,1,0,1
ROSELLINA,1,0,1
ROSELONA,1,0,1
ROSELVET,1,0,1
ROSELVIN,1,0,1
ROSELVINA,1,0,1
ROSELVINDO,1,0,1
ROSELYNN,1,0,1
ROSEMAR,1,0,1
ROSEMARYA,1,0,1
ROSEMBERLTH,1,0,1
ROSEMONDE,1,0,1
ROSENBERT,1,0,1
ROSENDY,1,0,1
ROSENEL,1,0,1
ROSENIO,1,0,1
ROSENMAN,1,0,1
ROSERSS,1,0,1
ROSERVIN,1,0,1
ROSETTE,1,0,1
ROSETZELER,1,0,1
ROSEVEX,1,0,1
ROSEVINDA,1,0,1
ROSEWELTH,1,0,1
ROSHAON,1,0,1
ROSHIKO,1,0,1
ROSHME,1,0,1
ROSHUEL,1,0,1
ROSIA,1,0,1
ROSIBANY,1,0,1
ROSIBELINDA,1,0,1
ROSIBELMAR,1,0,1
ROSIBENIA,1,0,1
ROSIBON,1,0,1
ROSIDALY,1,0,1
ROSIDANIA,1,0,1
ROSIFEL,1,0,1
ROSILANY,1,0,1
ROSILDENA,1,0,1
ROSILDENO,1,0,1
ROSILELYS,1,0,1
ROSILIANO,1,0,1
ROSILIO,1,0,1
ROSILITA,1,0,1
ROSILO,1,0,1
ROSILVIA,1,0,1
ROSIMA,1,0,1
ROSIMAR,1,0,1
ROSIMARY,1,0,1
ROSINBERTO,1,0,1
ROSINIS,1,0,1
ROSINO,1,0,1
ROSINORY,1,0,1
ROSISBELA,1,0,1
ROSISHA,1,0,1
ROSITA LOURDES,1,0,1
ROSITALIA,1,0,1
ROSIVELIA,1,0,1
ROSIVELIDA,1,0,1
ROSIVETH,1,0,1
ROSIVIL,1,0,1
ROSIVINDA,1,0,1
ROSIX,1,0,1
ROSLAINA,1,0,1
ROSLINA,1,0,1
ROSLIO,1,0,1
ROSMANCITO,1,0,1
ROSMAR,1,0,1
ROSMARIE,1,0,1
ROSMARIN,1,0,1
ROSMAS,1,0,1
ROSMEIDA,1,0,1
ROSMELIA,1,0,1
ROSMELINA,1,0,1
ROSMELINDA,1,0,1
ROSMELL,1,0,1
ROSMELLY,1,0,1
ROSMEN,1,0,1
ROSMERHI,1,0,1
ROSMERITS,1,0,1
ROSMEX,1,0,1
ROSMID,1,0,1
ROSMIL,1,0,1
ROSMILDA,1,0,1
ROSMINDO,1,0,1
ROSMIREY,1,0,1
ROSMUNDINA,1,0,1
ROSNALD,1,0,1
ROSNAN,1,0,1
ROSNELI,1,0,1
ROSNELY,1,0,1
ROSNERGRS,1,0,1
ROSNES,1,0,1
ROSNIE,1,0,1
ROSNIN,1,0,1
ROSNIS,1,0,1
ROSO,1,0,1
ROSOLA,1,0,1
ROSOMA,1,0,1
ROSSA,1,0,1
ROSSALIN,1,0,1
ROSSALINDA,1,0,1
ROSSBELTH,1,0,1
ROSSBIN,1,0,1
ROSSEEBEL,1,0,1
ROSSELHT,1,0,1
ROSSELIA,1,0,1
ROSSELIN,1,0,1
ROSSELVEN,1,0,1
ROSSELYM,1,0,1
ROSSEMBERG,1,0,1
ROSSENDA,1,0,1
ROSSENVELL,1,0,1
ROSSETTE,1,0,1
ROSSEVELT,1,0,1
ROSSHANI,1,0,1
ROSSICELA,1,0,1
ROSSIDEL,1,0,1
ROSSIEBELL,1,0,1
ROSSIGNOLI,1,0,1
ROSSIL,1,0,1
ROSSIVEL,1,0,1
ROSSLEEN,1,0,1
ROSSLIN,1,0,1
ROSSMY,1,0,1
ROSSNE,1,0,1
ROSSNI,1,0,1
ROSSYDEL,1,0,1
ROSSYLL,1,0,1
ROSTAN,1,0,1
ROSTHAN,1,0,1
ROSUARA,1,0,1
ROSVELIA,1,0,1
ROSVELL,1,0,1
ROSVELTH,1,0,1
ROSVEY,1,0,1
ROSY BELL,1,0,1
ROSYBETT,1,0,1
ROSYDALIA,1,0,1
ROTHMANS,1,0,1
ROTHMAR,1,0,1
ROTINA,1,0,1
ROTLINA,1,0,1
ROTMEL,1,0,1
ROTMER,1,0,1
ROTNNY,1,0,1
ROTNY,1,0,1
ROTSANI,1,0,1
ROTSILIN,1,0,1
ROTTMAN,1,0,1
ROUDY,1,0,1
ROULIA,1,0,1
ROULNA,1,0,1
ROUNDEST,1,0,1
ROUSBELL,1,0,1
ROUSELL,1,0,1
ROUSVEL,1,0,1
ROVAL,1,0,1
ROVE,1,0,1
ROVELL,1,0,1
ROVELMAN,1,0,1
ROVENSY,1,0,1
ROVINSO,1,0,1
ROVINSSON,1,0,1
ROVINZO,1,0,1
ROVITH,1,0,1
ROVSHAN,1,0,1
ROWAL,1,0,1
ROWERT,1,0,1
ROWI,1,0,1
ROWINA,1,0,1
ROWLIN,1,0,1
ROWMEL,1,0,1
ROX,1,0,1
ROXAANA,1,0,1
ROXALVA,1,0,1
ROXAMER,1,0,1
ROXANDA,1,0,1
ROXANDRA,1,0,1
ROXANNE,1,0,1
ROXBY,1,0,1
ROXDE,1,0,1
ROXEBEL,1,0,1
ROXIE,1,0,1
ROXIVELIA,1,0,1
ROXMARI,1,0,1
ROXMEL,1,0,1
ROXMIN,1,0,1
ROXMY,1,0,1
ROXNEY,1,0,1
ROXSANDA,1,0,1
ROXSANY,1,0,1
ROXSE,1,0,1
ROXSI,1,0,1
ROXVI,1,0,1
ROXZUANY,1,0,1
ROY  LLEWELLYN,1,0,1
ROYBEN,1,0,1
ROYBIN,1,0,1
ROYDE,1,0,1
ROYDEN,1,0,1
ROYDEY,1,0,1
ROYDIN,1,0,1
ROYDY,1,0,1
ROYERS,1,0,1
ROYES,1,0,1
ROYLANA,1,0,1
ROYLANDO,1,0,1
ROYLE,1,0,1
ROYLNY,1,0,1
ROYMAN,1,0,1
ROYS,1,0,1
ROYSI,1,0,1
ROZ,1,0,1
ROZANNA,1,0,1
ROZANNY,1,0,1
ROZZEL,1,0,1
RREDYS,1,0,1
RUAL,1,0,1
RUBA,1,0,1
RUBAL,1,0,1
RUBAS,1,0,1
RUBBELA,1,0,1
RUBBER,1,0,1
RUBBYS,1,0,1
RUBDEL,1,0,1
RUBDELINA,1,0,1
RUBDI,1,0,1
RUBDIN,1,0,1
RUBECINDO,1,0,1
RUBELBIR,1,0,1
RUBELINO,1,0,1
RUBELITA,1,0,1
RUBELL,1,0,1
RUBELMAN,1,0,1
RUBEM,1,0,1
RUBEN HUMBERTO,1,0,1
RUBENCE,1,0,1
RUBENCITO,1,0,1
RUBENILDIO,1,0,1
RUBENIS,1,0,1
RUBENMAN,1,0,1
RUBENSE,1,0,1
RUBENSINDA,1,0,1
RUBERIS,1,0,1
RUBERMON,1,0,1
RUBERNAN,1,0,1
RUBERTILIO,1,0,1
RUBERTY,1,0,1
RUBESLINDO,1,0,1
RUBI LILIAN,1,0,1
RUBIA DE JESUS,1,0,1
RUBIANA,1,0,1
RUBICELIA,1,0,1
RUBIER,1,0,1
RUBIK,1,0,1
RUBILEXI,1,0,1
RUBINALDA,1,0,1
RUBINALDO,1,0,1
RUBINDI,1,0,1
RUBINSTIEN,1,0,1
RUBINZO,1,0,1
RUBIR,1,0,1
RUBITS,1,0,1
RUBLIAM,1,0,1
RUBLIAN,1,0,1
RUBRIA,1,0,1
RUBSY,1,0,1
RUBUSTINIANO,1,0,1
RUBY ESMERALDA,1,0,1
RUBYN,1,0,1
RUBYNETTE,1,0,1
RUCA,1,0,1
RUCDI,1,0,1
RUCEL,1,0,1
RUCELA,1,0,1
RUCELINA,1,0,1
RUCH,1,0,1
RUCHIS,1,0,1
RUCHT,1,0,1
RUCINA,1,0,1
RUCIO,1,0,1
RUCLI,1,0,1
RUCT,1,0,1
RUDAYS,1,0,1
RUDBED,1,0,1
RUDBELL,1,0,1
RUDDI,1,0,1
RUDELCINDO,1,0,1
RUDELFINDA,1,0,1
RUDELINO,1,0,1
RUDEMIRA,1,0,1
RUDEN,1,0,1
RUDERMAN,1,0,1
RUDESBINDA,1,0,1
RUDESMAN,1,0,1
RUDIJ,1,0,1
RUDIK,1,0,1
RUDILDIR,1,0,1
RUDILIAM,1,0,1
RUDINARDA,1,0,1
RUDINIA,1,0,1
RUDIRIS,1,0,1
RUDISBEL,1,0,1
RUDISBINDA,1,0,1
RUDISCELDA,1,0,1
RUDISH,1,0,1
RUDOCCINDO,1,0,1
RUDOL,1,0,1
RUDOLFO,1,0,1
RUDOLPN,1,0,1
RUDRICO,1,0,1
RUDT,1,0,1
RUDTH,1,0,1
RUDUIN,1,0,1
RUDVELINA,1,0,1
RUDVELINDA,1,0,1
RUDY CONCEPCION,1,0,1
RUDYBELL,1,0,1
RUEBERT,1,0,1
RUECINDO,1,0,1
RUELA,1,0,1
RUENDY,1,0,1
RUESIDIS,1,0,1
RUFA,1,0,1
RUFAS,1,0,1
RUFELIO,1,0,1
RUFFY,1,0,1
RUFINITA,1,0,1
RUFORD,1,0,1
RUGBI,1,0,1
RUGDILIO,1,0,1
RUHDY,1,0,1
RUHI,1,0,1
RUHIYYIH,1,0,1
RUHOLLAH,1,0,1
RUICHAR,1,0,1
RUILA,1,0,1
RUILBER,1,0,1
RUILVETTRS,1,0,1
RUKLIN,1,0,1
RUKS,1,0,1
RULBE,1,0,1
RULBELINA,1,0,1
RULBIA,1,0,1
RULBINO,1,0,1
RULDER,1,0,1
RULDIA,1,0,1
RULFIO,1,0,1
RULFO,1,0,1
RULIEART,1,0,1
RULIN,1,0,1
RULINE,1,0,1
RULINIA,1,0,1
RULIS,1,0,1
RULITO,1,0,1
RULMADO,1,0,1
RULVIN,1,0,1
RUMALIA,1,0,1
RUMAURA,1,0,1
RUMBERTA,1,0,1
RUMECIO,1,0,1
RUMELDA,1,0,1
RUMENCILDO,1,0,1
RUMENCIO,1,0,1
RUMENTILA,1,0,1
RUMEO,1,0,1
RUMERCENY,1,0,1
RUMILDAYAMILETH,1,0,1
RUMILO,1,0,1
RUMIN,1,0,1
RUMNEL,1,0,1
RUMUALDLO,1,0,1
RUMUARDO,1,0,1
RUNIER,1,0,1
RUNNER,1,0,1
RUNNERIO,1,0,1
RUNNY,1,0,1
RUPARD,1,0,1
RUPENDARER,1,0,1
RUPENT,1,0,1
RUPERON,1,0,1
RUPERTHA,1,0,1
RUPET,1,0,1
RUPHAS,1,0,1
RUPHUS,1,0,1
RUPO,1,0,1
RUPOR,1,0,1
RURBEL,1,0,1
RURBELL,1,0,1
RURIK,1,0,1
RUSANA,1,0,1
RUSBANY,1,0,1
RUSBELLA,1,0,1
RUSBELTH,1,0,1
RUSBEN,1,0,1
RUSBERTH,1,0,1
RUSBILIA,1,0,1
RUSBIN,1,0,1
RUSEBEL,1,0,1
RUSEN,1,0,1
RUSGAR,1,0,1
RUSH,1,0,1
RUSHFORD,1,0,1
RUSIA,1,0,1
RUSIRES,1,0,1
RUSLAN,1,0,1
RUSMERI,1,0,1
RUSMIN,1,0,1
RUSNERIN,1,0,1
RUSSBEL,1,0,1
RUSSI,1,0,1
RUSSIL,1,0,1
RUSSLAN,1,0,1
RUSTBELL,1,0,1
RUSTEM,1,0,1
RUSUEL,1,0,1
RUSULA,1,0,1
RUSVELIA,1,0,1
RUSVIN,1,0,1
RUTBE,1,0,1
RUTBELINDA,1,0,1
RUTBER,1,0,1
RUTBINA,1,0,1
RUTDELINA,1,0,1
RUTEL,1,0,1
RUTELDA,1,0,1
RUTHBELIN,1,0,1
RUTHBY,1,0,1
RUTHCILIA,1,0,1
RUTHDIN,1,0,1
RUTHELDA,1,0,1
RUTHELINA,1,0,1
RUTHELYN,1,0,1
RUTHIBELL,1,0,1
RUTHIE,1,0,1
RUTHLIN,1,0,1
RUTHS,1,0,1
RUTHT,1,0,1
RUTHTI,1,0,1
RUTI,1,0,1
RUTIA,1,0,1
RUTIH,1,0,1
RUTILO,1,0,1
RUTIZ,1,0,1
RUTLY,1,0,1
RUTO,1,0,1
RUTSI,1,0,1
RUTTH,1,0,1
RUTTY,1,0,1
RUTVINDA,1,0,1
RUTYINE,1,0,1
RUVECINDO,1,0,1
RUVER,1,0,1
RUVERTINA,1,0,1
RUVIDA,1,0,1
RUVIL,1,0,1
RUVINA,1,0,1
RUVY,1,0,1
RUWING,1,0,1
RUXA,1,0,1
RUXEL,1,0,1
RUXY,1,0,1
RUYANILE,1,0,1
RUYINES,1,0,1
RUZTH,1,0,1
RYANY,1,0,1
RYBIN,1,0,1
RYBY,1,0,1
RYDBERG,1,0,1
RYNERIO,1,0,1
RYSNA,1,0,1
RYSTHIA,1,0,1
RYTA,1,0,1
S H,1,0,1
S¦LMAN,1,0,1
SAABEL,1,0,1
SAADIN,1,0,1
SAAMA,1,0,1
SAAMIRA,1,0,1
SAANDY,1,0,1
SABADIAS,1,0,1
SABAINA,1,0,1
SABAL,1,0,1
SABALO,1,0,1
SABARITO,1,0,1
SABATH,1,0,1
SABAYO,1,0,1
SABBDY,1,0,1
SABBY,1,0,1
SABELDI,1,0,1
SABELITA,1,0,1
SABELLON,1,0,1
SABELSON,1,0,1
SABELTINA,1,0,1
SABERIA,1,0,1
SABEYRA,1,0,1
SABIA,1,0,1
SABIELA,1,0,1
SABINITA,1,0,1
SABRI,1,0,1
SABRINO,1,0,1
SABUELA,1,0,1
SACARIA,1,0,1
SACATIN,1,0,1
SACCIA,1,0,1
SACELA,1,0,1
SACHA,1,0,1
SACRA,1,0,1
SACRAMENTO,1,0,1
SACSSIA,1,0,1
SACUALMER,1,0,1
SADALINA,1,0,1
SADDAM,1,0,1
SADDI,1,0,1
SADDIE,1,0,1
SADE,1,0,1
SADELMI,1,0,1
SADEN,1,0,1
SADIMUEL,1,0,1
SADIO,1,0,1
SADIP,1,0,1
SADIXA,1,0,1
SADIY,1,0,1
SADIZK,1,0,1
SADOLINA,1,0,1
SADOY,1,0,1
SADRIA,1,0,1
SADULINA,1,0,1
SADYHT,1,0,1
SADYN,1,0,1
SAELA,1,0,1
SAENS,1,0,1
SAEYT,1,0,1
SAGARARIO,1,0,1
SAGLUL,1,0,1
SAGONY,1,0,1
SAGRARY,1,0,1
SAHAUN,1,0,1
SAHE,1,0,1
SAHERA,1,0,1
SAHIDY,1,0,1
SAHILI,1,0,1
SAHIO,1,0,1
SAHUDI,1,0,1
SAHUN,1,0,1
SAHYLY,1,0,1
SAIA,1,0,1
SAIBER,1,0,1
SAIBI,1,0,1
SAID JACOBO,1,0,1
SAIDAMARUDENIA,1,0,1
SAIDIE,1,0,1
SAIDINIA,1,0,1
SAIDIT,1,0,1
SAIDIZ,1,0,1
SAIDYS,1,0,1
SAIGRA,1,0,1
SAIHD,1,0,1
SAIHRA,1,0,1
SAILAS,1,0,1
SAILE,1,0,1
SAILI,1,0,1
SAILOR,1,0,1
SAIMAN,1,0,1
SAIMON,1,0,1
SAIMOND,1,0,1
SAIMY,1,0,1
SAINELIA,1,0,1
SAINI,1,0,1
SAINOL,1,0,1
SAINOR,1,0,1
SAIRES,1,0,1
SAIRITA,1,0,1
SAIROS,1,0,1
SAIRUSBAN,1,0,1
SAIRUVAN,1,0,1
SAKRA,1,0,1
SALAFIEL,1,0,1
SALAHTIEL,1,0,1
SALATINA,1,0,1
SALBA,1,0,1
SALBADORA,1,0,1
SALBEN,1,0,1
SALBIO,1,0,1
SALDANIA,1,0,1
SALDINA,1,0,1
SALDOR,1,0,1
SALENDIAS,1,0,1
SALENTINO,1,0,1
SALESTADO,1,0,1
SALEUSTIANA,1,0,1
SALEY,1,0,1
SALGADODONEYDA,1,0,1
SALICIA,1,0,1
SALIFA,1,0,1
SALIKA,1,0,1
SALINO,1,0,1
SALIXTA,1,0,1
SALIZE,1,0,1
SALMALINA,1,0,1
SALMAY,1,0,1
SALMIN,1,0,1
SALMIRON,1,0,1
SALMIS,1,0,1
SALMO,1,0,1
SALMON,1,0,1
SALMY,1,0,1
SALOE,1,0,1
SALOMAN,1,0,1
SALOMEN,1,0,1
SALOMES,1,0,1
SALONA,1,0,1
SALORNINA,1,0,1
SALSAMARIA,1,0,1
SALSEDO,1,0,1
SALUCIA,1,0,1
SALUCIANO,1,0,1
SALUCITA,1,0,1
SALUS,1,0,1
SALUSTRINA,1,0,1
SALVA,1,0,1
SALVAN,1,0,1
SALVAROR,1,0,1
SALVATTORE,1,0,1
SALVE,1,0,1
SALVIO,1,0,1
SALVITAS,1,0,1
SALVY,1,0,1
SAMABEL,1,0,1
SAMAHI,1,0,1
SAMANTALEONARDO,1,0,1
SAMAQUIEL,1,0,1
SAMBAI,1,0,1
SAMBELINA,1,0,1
SAMBEN,1,0,1
SAMBOY,1,0,1
SAMDRA,1,0,1
SAMEA,1,0,1
SAMEC,1,0,1
SAMIRIAN,1,0,1
SAMIYR,1,0,1
SAMMA,1,0,1
SAMMIE,1,0,1
SAMNA,1,0,1
SAMNY,1,0,1
SAMONA,1,0,1
SAMORA,1,0,1
SAMRIT,1,0,1
SAMUEL ARMANDO,1,0,1
SAMUELA,1,0,1
SAMUELL,1,0,1
SAMUELORLANDO,1,0,1
SAN FRANCISCO,1,0,1
SAN GENARO,1,0,1
SAN ISIDRO,1,0,1
SAN NICOLAS,1,0,1
SAN PATRICIO,1,0,1
SANA,1,0,1
SANAIDA,1,0,1
SANALY,1,0,1
SANBERNARDO,1,0,1
SANCHEZEDIS,1,0,1
SANCRA,1,0,1
SANDA,1,0,1
SANDALINA,1,0,1
SANDAR,1,0,1
SANDAS,1,0,1
SANDAY,1,0,1
SANDELA,1,0,1
SANDERA,1,0,1
SANDERSON,1,0,1
SANDEX,1,0,1
SANDIANO,1,0,1
SANDILIA,1,0,1
SANDILICTO,1,0,1
SANDIN,1,0,1
SANDIVAR,1,0,1
SANDOKAN,1,0,1
SANDRA DOLORES,1,0,1
SANDRA LILIAN,1,0,1
SANDRA YANETH,1,0,1
SANDRAA,1,0,1
SANDRYS,1,0,1
SANDYT,1,0,1
SANEIDA,1,0,1
SANELINA,1,0,1
SANEYDA,1,0,1
SANFORD,1,0,1
SANGERINA,1,0,1
SANGOS,1,0,1
SANI,1,0,1
SANIAM,1,0,1
SANILDA,1,0,1
SANIS,1,0,1
SANLETA,1,0,1
SANLI,1,0,1
SANMA,1,0,1
SANMENELEO,1,0,1
SANN,1,0,1
SANNA,1,0,1
SANNALEE,1,0,1
SANNIA,1,0,1
SANNY,1,0,1
SANOLRA,1,0,1
SANONO,1,0,1
SANOTS,1,0,1
SANOVIA,1,0,1
SANSRA,1,0,1
SANTA    MARIA,1,0,1
SANTA  PAULINA,1,0,1
SANTA ANTONIA,1,0,1
SANTA ROSARIO,1,0,1
SANTAGRACIA,1,0,1
SANTALI,1,0,1
SANTALIDIA,1,0,1
SANTANITO,1,0,1
SANTHA,1,0,1
SANTIAS,1,0,1
SANTIEL,1,0,1
SANTIIAGO,1,0,1
SANTINY,1,0,1
SANTIS,1,0,1
SANTISIMO,1,0,1
SANTITA,1,0,1
SANTO ANGEL,1,0,1
SANTODS,1,0,1
SANTONITO,1,0,1
SANTOPS,1,0,1
SANTOS   ANIBAL,1,0,1
SANTOS  ELIAS,1,0,1
SANTOS  ORLINDO,1,0,1
SANTOS  ORNOVIO,1,0,1
SANTOS ABRAHAN,1,0,1
SANTOS AMELIA,1,0,1
SANTOS BILMA,1,0,1
SANTOS EUGENIA,1,0,1
SANTOS FAUSTINA,1,0,1
SANTOS FREDIS,1,0,1
SANTOS JOSE,1,0,1
SANTOS LUCINDA,1,0,1
SANTOS MATEO,1,0,1
SANTOS NARCISO,1,0,1
SANTOS REIMUNDO,1,0,1
SANTOS RENE,1,0,1
SANTOS SALVADOR,1,0,1
SANTOS SINDOLFO,1,0,1
SANTOS VENANCIO,1,0,1
SANTOSDIONICIO,1,0,1
SANTOSISABEL,1,0,1
SANTOSJULIAN,1,0,1
SANTOSMELADIS,1,0,1
SANTOSNERI,1,0,1
SANTOSRIGOBERTO,1,0,1
SANTOZ,1,0,1
SANTQ,1,0,1
SANTRA,1,0,1
SANTSO,1,0,1
SANTTOS,1,0,1
SANTURNINO,1,0,1
SANTYS,1,0,1
SANUBI,1,0,1
SANYO,1,0,1
SAOLY,1,0,1
SAPSON,1,0,1
SAQUELO,1,0,1
SAQUEOS,1,0,1
SAQUIRY,1,0,1
SARA  SUYAPA,1,0,1
SARA APOLONIA,1,0,1
SARA DE LOS,1,0,1
SARABIA,1,0,1
SARABID,1,0,1
SARABIO,1,0,1
SARABUNDA,1,0,1
SARADELY,1,0,1
SARADILIA,1,0,1
SARAEL,1,0,1
SARAHA,1,0,1
SARAHLEE,1,0,1
SARAHT,1,0,1
SARAILITA,1,0,1
SARAINES,1,0,1
SARALI,1,0,1
SARALINDA,1,0,1
SARALLEYN,1,0,1
SARAMELLA,1,0,1
SARANITA,1,0,1
SARATENA,1,0,1
SARATY,1,0,1
SARAVIA,1,0,1
SARBY,1,0,1
SARDIN,1,0,1
SARDINA,1,0,1
SARE,1,0,1
SAREJ,1,0,1
SARELY,1,0,1
SAREN,1,0,1
SAREYNA,1,0,1
SARGENT,1,0,1
SARHA,1,0,1
SARHAI,1,0,1
SARHAY,1,0,1
SARHY,1,0,1
SARIBELIA,1,0,1
SARIDALBA,1,0,1
SARINALMA,1,0,1
SARINEL,1,0,1
SARINSE,1,0,1
SARISABETH,1,0,1
SARISSA,1,0,1
SARITSA,1,0,1
SARITXA,1,0,1
SARLENE,1,0,1
SARLINA,1,0,1
SARLYN,1,0,1
SARMELIA,1,0,1
SAROMY,1,0,1
SARORY,1,0,1
SARRIS,1,0,1
SARSARIA,1,0,1
SARVI,1,0,1
SARYNELA,1,0,1
SARYNHA,1,0,1
SASARI,1,0,1
SASCHA,1,0,1
SASIA,1,0,1
SASIMO,1,0,1
SATADINA,1,0,1
SATAMARIA,1,0,1
SATATIEL,1,0,1
SATCHA,1,0,1
SATIMAN,1,0,1
SATIRNO,1,0,1
SATU,1,0,1
SATULINA,1,0,1
SATURNILO,1,0,1
SAUBLO,1,0,1
SAUDALIO,1,0,1
SAUDDIELL,1,0,1
SAUDDY,1,0,1
SAUDELINA,1,0,1
SAUHRY,1,0,1
SAUL JONATAN,1,0,1
SAULICE,1,0,1
SAULIDA,1,0,1
SAULITO,1,0,1
SAUMY,1,0,1
SAURALDINA,1,0,1
SAURITA,1,0,1
SAUROFILIA,1,0,1
SAUSILIA,1,0,1
SAUTOS,1,0,1
SAVADOR,1,0,1
SAVARIO,1,0,1
SAVENA,1,0,1
SAVIE,1,0,1
SAWILA,1,0,1
SAWSAN,1,0,1
SAYAN,1,0,1
SAYBI,1,0,1
SAYDATH,1,0,1
SAYDER,1,0,1
SAYDIN,1,0,1
SAYDIS,1,0,1
SAYETT,1,0,1
SAYHIRA,1,0,1
SAYI,1,0,1
SAYIL,1,0,1
SAYLIN,1,0,1
SAYN,1,0,1
SAYNELA,1,0,1
SAYRE,1,0,1
SAYRIN,1,0,1
SAYRO,1,0,1
SAYROL,1,0,1
SCARLES,1,0,1
SCARLIN,1,0,1
SCARLLETH,1,0,1
SCARLYN,1,0,1
SCHAFFER,1,0,1
SCHEILANE,1,0,1
SCHERIL,1,0,1
SCHERLIN,1,0,1
SCHEYBI,1,0,1
SCHEYLA,1,0,1
SCHIRLEY,1,0,1
SCHNCIDER,1,0,1
SCHOONEWOLFF,1,0,1
SCHORLY,1,0,1
SCHOUBERTH,1,0,1
SCHUKRY,1,0,1
SCHULIM,1,0,1
SCHULT,1,0,1
SCHWARZ,1,0,1
SCINIE,1,0,1
SCOR,1,0,1
SE,1,0,1
SEABERT,1,0,1
SEAGUR,1,0,1
SEALIE,1,0,1
SEALTINA,1,0,1
SEAR,1,0,1
SEAWELL,1,0,1
SEBALINA,1,0,1
SEBAS,1,0,1
SEBASTEAN,1,0,1
SEBASTIANO,1,0,1
SEBASTIANS,1,0,1
SEBEDEO,1,0,1
SEBEDO,1,0,1
SEBELINA,1,0,1
SEBELLO,1,0,1
SEBEN,1,0,1
SEBERIO,1,0,1
SEBEYDA,1,0,1
SEBINA,1,0,1
SEBNI,1,0,1
SEBY,1,0,1
SECIONA,1,0,1
SECTH,1,0,1
SECUDNINO,1,0,1
SECYA,1,0,1
SECYL,1,0,1
SEDDY,1,0,1
SEDELINA,1,0,1
SEDELITA,1,0,1
SEDENIA,1,0,1
SEDENITA,1,0,1
SEDEQUIAS,1,0,1
SEDIA,1,0,1
SEDIE,1,0,1
SEDIL,1,0,1
SEDILIA,1,0,1
SEDIMOR,1,0,1
SEDIN,1,0,1
SEDIO,1,0,1
SEDLIN,1,0,1
SEDMAN,1,0,1
SEDMIRA,1,0,1
SEDNEY,1,0,1
SEDNY,1,0,1
SEDOËA,1,0,1
SEDONAY,1,0,1
SEDONIA,1,0,1
SEDRAC,1,0,1
SEDUMBERTO,1,0,1
SEDVIA,1,0,1
SEDVIN,1,0,1
SEDYLINA,1,0,1
SEDYS,1,0,1
SEEDY,1,0,1
SEEYDI,1,0,1
SEFANA,1,0,1
SEFANIA,1,0,1
SEFARIN,1,0,1
SEFI,1,0,1
SEFIL,1,0,1
SEFRELIA,1,0,1
SEGIS,1,0,1
SEGISMUNDA,1,0,1
SEGMOND,1,0,1
SEGRID,1,0,1
SEGUIFREDO,1,0,1
SEGUNDO DE JESU,1,0,1
SEGURO,1,0,1
SEGYI,1,0,1
SEHIMA,1,0,1
SEHM,1,0,1
SEHUN,1,0,1
SEIDDA,1,0,1
SEIDIS,1,0,1
SEILYN,1,0,1
SEIMA,1,0,1
SEIR,1,0,1
SEISY,1,0,1
SEKIN,1,0,1
SELADIA,1,0,1
SELAFU,1,0,1
SELAME,1,0,1
SELANO,1,0,1
SELARIO,1,0,1
SELATIEL,1,0,1
SELAUDIO,1,0,1
SELAURA,1,0,1
SELAYDA,1,0,1
SELBER,1,0,1
SELBIM,1,0,1
SELCY,1,0,1
SELDINA,1,0,1
SELDINIA,1,0,1
SELDITA,1,0,1
SELDY,1,0,1
SELE,1,0,1
SELEA,1,0,1
SELENIH,1,0,1
SELENIO,1,0,1
SELENNE,1,0,1
SELESTEAIDA,1,0,1
SELESTIANA,1,0,1
SELFIA,1,0,1
SELFIDO,1,0,1
SELFINA,1,0,1
SELGÜIN,1,0,1
SELGIA,1,0,1
SELGIEN,1,0,1
SELGIN,1,0,1
SELGUIN,1,0,1
SELHIN,1,0,1
SELIANO,1,0,1
SELIC,1,0,1
SELIDONIO,1,0,1
SELIDORO,1,0,1
SELIER,1,0,1
SELIKA,1,0,1
SELINDO,1,0,1
SELITANEO,1,0,1
SELITANIO,1,0,1
SELITH,1,0,1
SELIVIA,1,0,1
SELIZ,1,0,1
SELKIN,1,0,1
SELKIR,1,0,1
SELKY,1,0,1
SELKYN,1,0,1
SELMAL,1,0,1
SELMIDA,1,0,1
SELMIG,1,0,1
SELMINA,1,0,1
SELMON,1,0,1
SELPIDA,1,0,1
SELQUIN,1,0,1
SELQUIS,1,0,1
SELSALINA,1,0,1
SELSI,1,0,1
SELSTON,1,0,1
SELUSTIANO,1,0,1
SELUSTRIANO,1,0,1
SELVCIN,1,0,1
SELVEN,1,0,1
SELVERIO,1,0,1
SELVIDALIA,1,0,1
SELVIL,1,0,1
SELVIM,1,0,1
SELVIN DE JESUS,1,0,1
SELVIN ROBERTO,1,0,1
SELVING,1,0,1
SELWETTA,1,0,1
SELWING,1,0,1
SELWYN,1,0,1
SELYM,1,0,1
SEMANS,1,0,1
SEMARIA,1,0,1
SEMBEL,1,0,1
SEMDY,1,0,1
SEMEAN,1,0,1
SEMEBER,1,0,1
SEMED,1,0,1
SEMEHIN,1,0,1
SEMEL,1,0,1
SEMELIN,1,0,1
SEMELITA,1,0,1
SEMENES,1,0,1
SEMEON,1,0,1
SEMERNA,1,0,1
SEMET,1,0,1
SEMINTAN,1,0,1
SEMIRA,1,0,1
SEMONA,1,0,1
SEMOR,1,0,1
SEMPELIA,1,0,1
SEMPOROSA,1,0,1
SEMPRONIANA,1,0,1
SEMRI,1,0,1
SENAUN,1,0,1
SENCIO,1,0,1
SENDEL,1,0,1
SENDELIRIA,1,0,1
SENDELLA,1,0,1
SENDIC,1,0,1
SENDYS,1,0,1
SENEA,1,0,1
SENECIA,1,0,1
SENEMAN,1,0,1
SENER,1,0,1
SENESO,1,0,1
SENGER,1,0,1
SENGNECIA,1,0,1
SENID,1,0,1
SENIE,1,0,1
SENIO,1,0,1
SENIR,1,0,1
SENITO,1,0,1
SENIZ,1,0,1
SENNIA,1,0,1
SENOFELIA,1,0,1
SENORA,1,0,1
SENORLIA,1,0,1
SENTA,1,0,1
SENTY,1,0,1
SENYA,1,0,1
SENYS,1,0,1
SEOBEYDA,1,0,1
SEOCADIA,1,0,1
SEOMAIDA,1,0,1
SEOTELDA,1,0,1
SEPARA,1,0,1
SEPARIO,1,0,1
SEPENCA,1,0,1
SEPERA,1,0,1
SEPETIN,1,0,1
SEPINCA,1,0,1
SEPLIN,1,0,1
SEPO,1,0,1
SEPORA,1,0,1
SEPREANO,1,0,1
SEPRIANO,1,0,1
SEPTIMO,1,0,1
SEQUELINA,1,0,1
SERAFINI,1,0,1
SERAL,1,0,1
SERANDITA,1,0,1
SERANID,1,0,1
SERBA,1,0,1
SERBELINA,1,0,1
SERBENIO,1,0,1
SERCELY,1,0,1
SERCIO,1,0,1
SERECIO,1,0,1
SEREFIN,1,0,1
SERELINA,1,0,1
SERELITO,1,0,1
SERES,1,0,1
SERESA,1,0,1
SERETTA,1,0,1
SERFIDA,1,0,1
SERGE,1,0,1
SERGEVY,1,0,1
SERGIA DE JESUS,1,0,1
SERGIA MILAGROS,1,0,1
SERGIIO,1,0,1
SERGILIA,1,0,1
SERGINIA,1,0,1
SERGINIO,1,0,1
SERGIOJAVIER,1,0,1
SERGUEI,1,0,1
SERGUEL,1,0,1
SERGUIO,1,0,1
SERIN,1,0,1
SERIO,1,0,1
SERLENIS,1,0,1
SERLINA,1,0,1
SERLING,1,0,1
SERLIS,1,0,1
SERLYN,1,0,1
SERMA,1,0,1
SERMELITA,1,0,1
SERMINARIO,1,0,1
SERMINDO,1,0,1
SERMINIO,1,0,1
SERNELITA,1,0,1
SERNICIA,1,0,1
SEROXINA,1,0,1
SERPA,1,0,1
SERRIN,1,0,1
SERRY,1,0,1
SERSO,1,0,1
SERTORIO,1,0,1
SERVA,1,0,1
SERVELIANO,1,0,1
SERVELLA,1,0,1
SERVERIANA,1,0,1
SERVI,1,0,1
SERVIDE,1,0,1
SERVIDES,1,0,1
SERVILIO,1,0,1
SERVODEO,1,0,1
SESALINA,1,0,1
SESAREO,1,0,1
SESARINA,1,0,1
SESLY,1,0,1
SESMI,1,0,1
SESTONY,1,0,1
SETDA,1,0,1
SETELIER,1,0,1
SETHUR,1,0,1
SETHY,1,0,1
SETI,1,0,1
SETJONATHAN,1,0,1
SETLINA,1,0,1
SETMA,1,0,1
SETNEY,1,0,1
SEUDER,1,0,1
SEUMARIA,1,0,1
SEVALOIS,1,0,1
SEVAMMY,1,0,1
SEVANDO,1,0,1
SEVASTEAN,1,0,1
SEVERITA,1,0,1
SEVERITO,1,0,1
SEVIA,1,0,1
SEVIDES,1,0,1
SEVIDIA,1,0,1
SEVINO,1,0,1
SEWINSEN,1,0,1
SEXAGESIMA,1,0,1
SEXI,1,0,1
SEXTA,1,0,1
SEXY,1,0,1
SEYDAH,1,0,1
SEYDEN,1,0,1
SEYDIE,1,0,1
SEYDYS,1,0,1
SEYED HASHEM,1,0,1
SEYHLA,1,0,1
SEYLHY,1,0,1
SEYLING,1,0,1
SEYMUR,1,0,1
SEYNE,1,0,1
SEYNIE,1,0,1
SEYRIE,1,0,1
SEZARIO,1,0,1
SHAARON,1,0,1
SHABIE,1,0,1
SHADIAC,1,0,1
SHADIE,1,0,1
SHAFF,1,0,1
SHAHAN,1,0,1
SHAHIRA,1,0,1
SHAHNAZ,1,0,1
SHAIDY,1,0,1
SHAIN,1,0,1
SHAIRA,1,0,1
SHAKINS,1,0,1
SHALDARIZ,1,0,1
SHALLONN,1,0,1
SHAM,1,0,1
SHAMANTA,1,0,1
SHAMMA,1,0,1
SHANDRA,1,0,1
SHANDY,1,0,1
SHANEL,1,0,1
SHANET,1,0,1
SHANGA,1,0,1
SHANGRI LA,1,0,1
SHANIC,1,0,1
SHANIE,1,0,1
SHAREN,1,0,1
SHARIAR,1,0,1
SHARIKA,1,0,1
SHARIN,1,0,1
SHARINA,1,0,1
SHARINE,1,0,1
SHARLENY,1,0,1
SHARLEY,1,0,1
SHARLIE,1,0,1
SHARLINE,1,0,1
SHARLINO,1,0,1
SHARLY,1,0,1
SHARLYNE,1,0,1
SHARLYU,1,0,1
SHARMAY,1,0,1
SHARMEN,1,0,1
SHARN,1,0,1
SHARNAY,1,0,1
SHARO,1,0,1
SHAROM,1,0,1
SHARONI,1,0,1
SHAROVIA,1,0,1
SHARRON,1,0,1
SHARRYDINE,1,0,1
SHARVIN,1,0,1
SHASAIRA,1,0,1
SHAUKI,1,0,1
SHAURIE,1,0,1
SHAYLA,1,0,1
SHE,1,0,1
SHEAN,1,0,1
SHEBBY,1,0,1
SHEDLEY,1,0,1
SHEDNA,1,0,1
SHEEILLHA,1,0,1
SHEELA,1,0,1
SHEENALEE,1,0,1
SHEERRY,1,0,1
SHEEZELDY,1,0,1
SHEFFIELD,1,0,1
SHEFIK,1,0,1
SHEILARK,1,0,1
SHEILIN,1,0,1
SHEILLY,1,0,1
SHEIVA,1,0,1
SHELDINE,1,0,1
SHELEAN,1,0,1
SHELEY,1,0,1
SHELFORD,1,0,1
SHELKA,1,0,1
SHELLA,1,0,1
SHELLBY,1,0,1
SHELLISA,1,0,1
SHELMAN,1,0,1
SHELMI,1,0,1
SHELSY,1,0,1
SHEMI,1,0,1
SHENI,1,0,1
SHENLY,1,0,1
SHENNY,1,0,1
SHERAL,1,0,1
SHERANNIE,1,0,1
SHEREDAN,1,0,1
SHEREY,1,0,1
SHERIDON,1,0,1
SHERILEE,1,0,1
SHERIWIN,1,0,1
SHERLANE,1,0,1
SHERLE,1,0,1
SHERLEAN,1,0,1
SHERLIAN,1,0,1
SHERLIE,1,0,1
SHERMINE,1,0,1
SHERRAN,1,0,1
SHERREL,1,0,1
SHERRETH,1,0,1
SHERRIL,1,0,1
SHERRIMAY,1,0,1
SHERROLL,1,0,1
SHERRON,1,0,1
SHERRY HAY,1,0,1
SHERRY LEE,1,0,1
SHERRYL,1,0,1
SHERRYLEE,1,0,1
SHERRYLYN,1,0,1
SHERWEN,1,0,1
SHESABEL,1,0,1
SHESTER,1,0,1
SHEURA,1,0,1
SHEVELRY,1,0,1
SHEVY,1,0,1
SHEYBI,1,0,1
SHEYDER,1,0,1
SHEYLI,1,0,1
SHEYLLY,1,0,1
SHEYMI,1,0,1
SHEYVA,1,0,1
SHIDIA,1,0,1
SHIELIN,1,0,1
SHIERLEY,1,0,1
SHIGERU,1,0,1
SHILA,1,0,1
SHILLA,1,0,1
SHILLEN,1,0,1
SHIM,1,0,1
SHINIA,1,0,1
SHINNY,1,0,1
SHINTHIA,1,0,1
SHIREAN,1,0,1
SHIRIA,1,0,1
SHIRIN,1,0,1
SHIRKIE,1,0,1
SHIRLEEN,1,0,1
SHIRLEEY,1,0,1
SHIRLEN,1,0,1
SHIRLENE,1,0,1
SHIRLENNY,1,0,1
SHIRLIN,1,0,1
SHIRYL,1,0,1
SHIU,1,0,1
SHOCHEL,1,0,1
SHOCHIL,1,0,1
SHOGGUEY,1,0,1
SHOLEN,1,0,1
SHOLEY,1,0,1
SHON,1,0,1
SHONA,1,0,1
SHONE,1,0,1
SHONNA,1,0,1
SHORKY,1,0,1
SHORLINE,1,0,1
SHORMAN,1,0,1
SHORN,1,0,1
SHORNIE,1,0,1
SHORTEAN,1,0,1
SHOU,1,0,1
SHOVES,1,0,1
SHOVY,1,0,1
SHRISTIAN,1,0,1
SHRLITA,1,0,1
SHUARLENE,1,0,1
SHUBAO,1,0,1
SHUBER,1,0,1
SHUCRE,1,0,1
SHUGEIDY,1,0,1
SHUGIAN,1,0,1
SHULMAN,1,0,1
SHUNICE,1,0,1
SHUTY,1,0,1
SHUY,1,0,1
SHYNTIA,1,0,1
SHYRLET,1,0,1
SHYRLY,1,0,1
SIAFRIDO,1,0,1
SIAMARA,1,0,1
SIAN,1,0,1
SIARA,1,0,1
SIBDONY,1,0,1
SIBECH,1,0,1
SIBES,1,0,1
SIBIL,1,0,1
SIBIN,1,0,1
SIBIO,1,0,1
SIBISTERIO,1,0,1
SIBRANA,1,0,1
SIBYL,1,0,1
SIBYS,1,0,1
SICELLA,1,0,1
SICERIO,1,0,1
SICFRIDO,1,0,1
SICLES,1,0,1
SICRIY,1,0,1
SICRY,1,0,1
SICTIA,1,0,1
SIDDIA,1,0,1
SIDE,1,0,1
SIDENIO,1,0,1
SIDEY,1,0,1
SIDGRID,1,0,1
SIDGRY,1,0,1
SIDHER,1,0,1
SIDI,1,0,1
SIDIANA,1,0,1
SIDLEY,1,0,1
SIDNCY,1,0,1
SIDOINIA,1,0,1
SIDOLENA,1,0,1
SIDONEA,1,0,1
SIDONEO,1,0,1
SIDRA,1,0,1
SIDSNEY,1,0,1
SIDYA,1,0,1
SIDYHAN,1,0,1
SIDYS,1,0,1
SIE ZHI,1,0,1
SIEBY,1,0,1
SIELA,1,0,1
SIEMAN,1,0,1
SIEMPREVIVA,1,0,1
SIERKE,1,0,1
SIERY,1,0,1
SIET,1,0,1
SIFIDIO,1,0,1
SIFIL,1,0,1
SIFOROSA,1,0,1
SIFRED,1,0,1
SIFRIANO,1,0,1
SIFRIDA,1,0,1
SIGDIA,1,0,1
SIGELA,1,0,1
SIGFRILDA,1,0,1
SIGLAS,1,0,1
SIGMARINGEN,1,0,1
SIGNE,1,0,1
SIGNEY,1,0,1
SIGNIH,1,0,1
SIGNORELI,1,0,1
SIGNY,1,0,1
SIGRITH,1,0,1
SIGRITS,1,0,1
SIGURD,1,0,1
SIGUVARO,1,0,1
SIHEYLA,1,0,1
SIHO,1,0,1
SIINEIDA,1,0,1
SIL,1,0,1
SILADELFO,1,0,1
SILAGRO,1,0,1
SILAS!,1,0,1
SILAVAD,1,0,1
SILBAHIN,1,0,1
SILBERSAUL,1,0,1
SILBERTO,1,0,1
SILBESTAN,1,0,1
SILBIDA,1,0,1
SILBINIA,1,0,1
SILCIA,1,0,1
SILDANA,1,0,1
SILDIANA,1,0,1
SILE,1,0,1
SILEC,1,0,1
SILENEA,1,0,1
SILET,1,0,1
SILEXY,1,0,1
SILFIDES,1,0,1
SILFONZO,1,0,1
SILGIDO,1,0,1
SILHA,1,0,1
SILHI,1,0,1
SILHVIA,1,0,1
SILIANO,1,0,1
SILIANS,1,0,1
SILICIA,1,0,1
SILIEM,1,0,1
SILIFREDO,1,0,1
SILIN,1,0,1
SILINIA,1,0,1
SILINIO,1,0,1
SILINO,1,0,1
SILIVIA,1,0,1
SILJI,1,0,1
SILMHIA,1,0,1
SILMO,1,0,1
SILNIA,1,0,1
SILO DARIO,1,0,1
SILPINA,1,0,1
SILSE,1,0,1
SILSI,1,0,1
SILSO,1,0,1
SILTIA,1,0,1
SILUYA,1,0,1
SILVADO,1,0,1
SILVANIO,1,0,1
SILVANIS,1,0,1
SILVAS,1,0,1
SILVE,1,0,1
SILVERA,1,0,1
SILVESTRO,1,0,1
SILVIAGRICELDA,1,0,1
SILVIDO,1,0,1
SILVINIA,1,0,1
SILVISTAN,1,0,1
SILVON,1,0,1
SILVY,1,0,1
SILVYA,1,0,1
SILWEN,1,0,1
SILYA,1,0,1
SIMA,1,0,1
SIMAILA,1,0,1
SIMBIA,1,0,1
SIMEN,1,0,1
SIMENIO,1,0,1
SIMENO,1,0,1
SIMFORIANA,1,0,1
SIMFOROSA,1,0,1
SIMFOROZO,1,0,1
SIMINES,1,0,1
SIMIONCITO,1,0,1
SIMNE,1,0,1
SIMNIA,1,0,1
SIMOFELIA,1,0,1
SIMONEY,1,0,1
SIMPILICIA,1,0,1
SIMPOROSO,1,0,1
SIMPRECIO,1,0,1
SIMRY,1,0,1
SIMY,1,0,1
SINATRA,1,0,1
SINCINIO,1,0,1
SINCLEDIS,1,0,1
SINCRECIA,1,0,1
SINDADELIA,1,0,1
SINDALINA,1,0,1
SINDE,1,0,1
SINDEISE,1,0,1
SINDER,1,0,1
SINDIAK,1,0,1
SINDIC,1,0,1
SINDIDA,1,0,1
SINDIRICIA,1,0,1
SINDIS,1,0,1
SINDRE,1,0,1
SINDRIA,1,0,1
SINDUL,1,0,1
SINDULIO,1,0,1
SINDYA,1,0,1
SINEA,1,0,1
SINEDLEY,1,0,1
SINEHIDY,1,0,1
SINELANDIA,1,0,1
SINEON,1,0,1
SINFEIN,1,0,1
SINFOFORIANO,1,0,1
SINFORA,1,0,1
SINFORIA,1,0,1
SINFORIAN,1,0,1
SINGELTON,1,0,1
SINGFRID,1,0,1
SINGLER,1,0,1
SINGRI,1,0,1
SINIAN,1,0,1
SINICIO,1,0,1
SINIMAN,1,0,1
SINIO,1,0,1
SINITO,1,0,1
SINKLER,1,0,1
SINLIA,1,0,1
SINNDYA,1,0,1
SINNI,1,0,1
SINNIAH,1,0,1
SINNY,1,0,1
SINOBIO,1,0,1
SINOFELIA,1,0,1
SINORI,1,0,1
SINORIO,1,0,1
SINOVIA,1,0,1
SINOWAY,1,0,1
SINPLICIO,1,0,1
SINRI,1,0,1
SINRRE,1,0,1
SINSIA,1,0,1
SINTIAN,1,0,1
SINTIGUE,1,0,1
SINTLIA,1,0,1
SINTTIA,1,0,1
SINTY,1,0,1
SINUHE,1,0,1
SINYA,1,0,1
SIOLY,1,0,1
SIOMILDA,1,0,1
SIOMNA,1,0,1
SIONEIDA,1,0,1
SIPIN,1,0,1
SIPRE,1,0,1
SIPRINITA,1,0,1
SIPRIT,1,0,1
SIRCI,1,0,1
SIRCY,1,0,1
SIRDIAN,1,0,1
SIREA,1,0,1
SIREL,1,0,1
SIRELI,1,0,1
SIRENIO,1,0,1
SIRES,1,0,1
SIRET,1,0,1
SIRGUILLERMO,1,0,1
SIRHLE,1,0,1
SIRIANA,1,0,1
SIRIFE,1,0,1
SIRIK,1,0,1
SIRINALDO,1,0,1
SIRLA,1,0,1
SIRLEHY,1,0,1
SIRLEZ,1,0,1
SIRLHEY,1,0,1
SIRMAI,1,0,1
SIRSE,1,0,1
SIRSI,1,0,1
SIRSY,1,0,1
SIRVIN,1,0,1
SIRZA,1,0,1
SIS,1,0,1
SISAHI,1,0,1
SISELLA,1,0,1
SISENANDO,1,0,1
SISERIE,1,0,1
SISGLINDA,1,0,1
SISIONA,1,0,1
SISKIA,1,0,1
SISLEY,1,0,1
SISNI,1,0,1
SISSI GIACONDA,1,0,1
SISTEN,1,0,1
SIT,1,0,1
SITA   FIDELIA,1,0,1
SITENG,1,0,1
SITLER,1,0,1
SITO,1,0,1
SITORNA,1,0,1
SITUETH,1,0,1
SIUDOCIA,1,0,1
SIUSI,1,0,1
SIVAN,1,0,1
SIVAR,1,0,1
SIVAS,1,0,1
SIVE,1,0,1
SIVEL,1,0,1
SIVELANA,1,0,1
SIVIABE,1,0,1
SIVIDIO,1,0,1
SIVITH,1,0,1
SIVIZ,1,0,1
SIVYL,1,0,1
SIXDIA,1,0,1
SIXIA,1,0,1
SIXOMARA,1,0,1
SIXZA,1,0,1
SIYYID,1,0,1
SIZUE,1,0,1
SKAD,1,0,1
SKANDIA,1,0,1
SKAREN,1,0,1
SKARLES,1,0,1
SKARLESTH,1,0,1
SKARLETTE,1,0,1
SKELPY,1,0,1
SKENZAR,1,0,1
SKEYLAR,1,0,1
SLANLY,1,0,1
SLAUVIN,1,0,1
SLAVISTADO,1,0,1
SLIET,1,0,1
SLIM,1,0,1
SLIVER,1,0,1
SLSY,1,0,1
SLYVIAN,1,0,1
SMAILE,1,0,1
SMAIUEL,1,0,1
SMALL,1,0,1
SMARLIN,1,0,1
SMARRY,1,0,1
SMELLY,1,0,1
SMERY,1,0,1
SMILCEN,1,0,1
SMILE,1,0,1
SNAIDAR,1,0,1
SNAIDOR,1,0,1
SNATOS,1,0,1
SNAYDAR,1,0,1
SNEIDER,1,0,1
SNESTOR,1,0,1
SNEYDAR,1,0,1
SNIN,1,0,1
SNOKEY,1,0,1
SO SHUE,1,0,1
SOAAD,1,0,1
SOAB,1,0,1
SOANA,1,0,1
SOANETH,1,0,1
SOANI,1,0,1
SOARIS,1,0,1
SOBEIDI,1,0,1
SOBEIDO,1,0,1
SOBEYINA,1,0,1
SOBEYLA,1,0,1
SOBEYRA,1,0,1
SOBHLLE,1,0,1
SOBIANA,1,0,1
SOBRICIO,1,0,1
SOBRITA,1,0,1
SOCCHILH,1,0,1
SOCEMO,1,0,1
SOCHI,1,0,1
SOCINIA,1,0,1
SOCORRITO,1,0,1
SOCORRO ROSARIO,1,0,1
SOCRATE,1,0,1
SODEYVI,1,0,1
SODIEL,1,0,1
SODIN,1,0,1
SODIS,1,0,1
SODOFREDO,1,0,1
SOEE,1,0,1
SOEIDY,1,0,1
SOELEM,1,0,1
SOEN,1,0,1
SOENYA,1,0,1
SOEY,1,0,1
SOFELIA,1,0,1
SOFERMOD,1,0,1
SOFHIA,1,0,1
SOFIA DE JESUS,1,0,1
SOFIA FRANCISCA,1,0,1
SOFIA NOEMY,1,0,1
SOFIS,1,0,1
SOFOCLES,1,0,1
SOFRONIA,1,0,1
SOFROY,1,0,1
SOFY,1,0,1
SOGDIGUI,1,0,1
SOGELIN,1,0,1
SOGENIS,1,0,1
SOGENY,1,0,1
SOGER,1,0,1
SOGGEITH,1,0,1
SOGHEY,1,0,1
SOGNY,1,0,1
SOGUEY,1,0,1
SOHAH,1,0,1
SOHAL,1,0,1
SOHANI,1,0,1
SOHAR,1,0,1
SOHARI,1,0,1
SOHEILA,1,0,1
SOHELY,1,0,1
SOHER,1,0,1
SOHEYDA,1,0,1
SOHILA,1,0,1
SOHLA,1,0,1
SOJAN,1,0,1
SOJERY,1,0,1
SOK,1,0,1
SOLADITA,1,0,1
SOLANGI,1,0,1
SOLANYEH,1,0,1
SOLBEN,1,0,1
SOLBERNA,1,0,1
SOLBYN,1,0,1
SOLCIRE,1,0,1
SOLDA,1,0,1
SOLDE,1,0,1
SOLDIN,1,0,1
SOLEM,1,0,1
SOLEMA,1,0,1
SOLEN,1,0,1
SOLER,1,0,1
SOLEVA,1,0,1
SOLEVANA,1,0,1
SOLEVIA,1,0,1
SOLICE,1,0,1
SOLIDAD,1,0,1
SOLISCARMEN,1,0,1
SOLISZA,1,0,1
SOLLIN,1,0,1
SOLMARIA,1,0,1
SOLMARINA,1,0,1
SOLNES,1,0,1
SOLONO,1,0,1
SOLORETH,1,0,1
SOLUSTIANA,1,0,1
SOLVADOR,1,0,1
SOLVIA,1,0,1
SOLYLUZ,1,0,1
SOLYN,1,0,1
SOMADIA,1,0,1
SOMAILA,1,0,1
SOMANTHA,1,0,1
SOMI,1,0,1
SOMIA,1,0,1
SOMMY,1,0,1
SOMY,1,0,1
SON,1,0,1
SONALILA,1,0,1
SONALITH,1,0,1
SONAN,1,0,1
SONANIA,1,0,1
SONARIA,1,0,1
SONCLA,1,0,1
SONDER,1,0,1
SONDRA,1,0,1
SONE,1,0,1
SONEL,1,0,1
SONHYA,1,0,1
SONIA RAMONA,1,0,1
SONIDA,1,0,1
SONIH,1,0,1
SONIL,1,0,1
SONIS,1,0,1
SONMEY,1,0,1
SONNEA,1,0,1
SONNI,1,0,1
SONTO,1,0,1
SONTOS,1,0,1
SOOLBYN,1,0,1
SOOLVYN,1,0,1
SOONER,1,0,1
SOPREN,1,0,1
SOQUILO,1,0,1
SORA,1,0,1
SORALICIA,1,0,1
SORBELITA,1,0,1
SORBIA,1,0,1
SORCELINA,1,0,1
SORCYRE,1,0,1
SORDENIO,1,0,1
SOREN,1,0,1
SORENZO,1,0,1
SORFELICITA,1,0,1
SORIBEL,1,0,1
SORIDA,1,0,1
SORIEDDY,1,0,1
SORIN,1,0,1
SORISMA,1,0,1
SORIXTH,1,0,1
SORIZ,1,0,1
SORJANY,1,0,1
SORLING,1,0,1
SORMALILIAN,1,0,1
SORMAN,1,0,1
SORMILEX,1,0,1
SORMITO,1,0,1
SORN,1,0,1
SORODI,1,0,1
SOROMILDA,1,0,1
SOROVABEL,1,0,1
SORYDETH,1,0,1
SORYT,1,0,1
SOSALBA,1,0,1
SOSAN,1,0,1
SOSANA,1,0,1
SOSBY,1,0,1
SOSETT,1,0,1
SOSIBEL,1,0,1
SOSMEN,1,0,1
SOSTER,1,0,1
SOTIL,1,0,1
SOUAMMY,1,0,1
SOVAIDA,1,0,1
SOVEIBA,1,0,1
SOVEIRA,1,0,1
SOVEYDI,1,0,1
SOY,1,0,1
SOYDA,1,0,1
SOZA,1,0,1
SOZAADA,1,0,1
SOZBIE,1,0,1
SOZER,1,0,1
SPAISER,1,0,1
SPANIA,1,0,1
SPIROS,1,0,1
SPONGER,1,0,1
SPORDIAN,1,0,1
SPRINGLE,1,0,1
SPYPOS,1,0,1
SQUERY,1,0,1
SSENIA,1,0,1
SSNTOS,1,0,1
STAFIE,1,0,1
STAFORD,1,0,1
STAINER,1,0,1
STAMFORD,1,0,1
STANATIEL,1,0,1
STANCY,1,0,1
STANDAD,1,0,1
STANY,1,0,1
STARIDE,1,0,1
STARKY,1,0,1
STARLET,1,0,1
STARLETH,1,0,1
STARRIE,1,0,1
STASEY,1,0,1
STASMORE,1,0,1
STAVROS,1,0,1
STAYSEE,1,0,1
STEDECTARS,1,0,1
STEDI,1,0,1
STEFFANI,1,0,1
STELIAN,1,0,1
STELIOS,1,0,1
STENDIAS,1,0,1
STEPHANE,1,0,1
STEPHANIA,1,0,1
STEPHANNIE,1,0,1
STEPHENIE,1,0,1
STERGIANI,1,0,1
STERLEN,1,0,1
STERLINA,1,0,1
STERLYN,1,0,1
STERTENG,1,0,1
STERTING,1,0,1
STERY,1,0,1
STESLA,1,0,1
STETMAN,1,0,1
STEWEN,1,0,1
STHANLEY,1,0,1
STHEFANY,1,0,1
STHEFFANIE,1,0,1
STHERLING,1,0,1
STIBALLYST,1,0,1
STIBB,1,0,1
STIENER,1,0,1
STILITA,1,0,1
STILWARD,1,0,1
STIVENSOR,1,0,1
STIVIN,1,0,1
STIWART,1,0,1
STIWARTH,1,0,1
STJEPAN,1,0,1
STOECEL,1,0,1
STOKLLY,1,0,1
STOM,1,0,1
STREBERTA,1,0,1
STRINGAM,1,0,1
STTAFFER,1,0,1
STUART D,1,0,1
STURDAY,1,0,1
STYBENSON,1,0,1
SU  JEN,1,0,1
SUADA,1,0,1
SUAH,1,0,1
SUAIDA,1,0,1
SUALVY,1,0,1
SUAME,1,0,1
SUAMEN,1,0,1
SUAMIX,1,0,1
SUAMMY,1,0,1
SUAMYS,1,0,1
SUANEY,1,0,1
SUANIA,1,0,1
SUANILDA,1,0,1
SUANIRA,1,0,1
SUANN,1,0,1
SUANYS,1,0,1
SUARDI,1,0,1
SUAREZ,1,0,1
SUAREZRUDY,1,0,1
SUAZANA,1,0,1
SUB,1,0,1
SUBHELEN,1,0,1
SUBLEMIA,1,0,1
SUBTIBERTO,1,0,1
SUCEIRY,1,0,1
SUCESO,1,0,1
SUCHEN,1,0,1
SUCRI,1,0,1
SUCRY,1,0,1
SUCUNDINO,1,0,1
SUDDENLY,1,0,1
SUDEIDA,1,0,1
SUDMA,1,0,1
SUDMAN,1,0,1
SUDYT,1,0,1
SUEILAN,1,0,1
SUEL,1,0,1
SUELAN,1,0,1
SUELDINARIO,1,0,1
SUELEEN,1,0,1
SUELEM,1,0,1
SUEMER,1,0,1
SUENIA,1,0,1
SUE-O,1,0,1
SUERLOS,1,0,1
SUETONIO,1,0,1
SUEYHEN,1,0,1
SUFRINAL,1,0,1
SUGEIDA,1,0,1
SUGEIL,1,0,1
SUGEILA,1,0,1
SUGEINY,1,0,1
SUGEIRIN,1,0,1
SUGELYN,1,0,1
SUGELYS,1,0,1
SUGENNE,1,0,1
SUGEYDY,1,0,1
SUGEYN,1,0,1
SUGUNDA,1,0,1
SUHA,1,0,1
SUHAILYOLIBETH,1,0,1
SUHAMI,1,0,1
SUHEIGT,1,0,1
SUHELIN,1,0,1
SUHELLEN,1,0,1
SUHEN,1,0,1
SUHEYE,1,0,1
SUHMY,1,0,1
SUHUAYLI,1,0,1
SUIDAINA,1,0,1
SUIDY,1,0,1
SUILEMA,1,0,1
SUIN,1,0,1
SUINEY,1,0,1
SUIRIS,1,0,1
SUIT,1,0,1
SUITENIA,1,0,1
SUITER,1,0,1
SUJANA,1,0,1
SUJENI,1,0,1
SUJEYMY,1,0,1
SUKARNO,1,0,1
SULAICA,1,0,1
SULAYDI,1,0,1
SULBIA,1,0,1
SULEISMA,1,0,1
SULES,1,0,1
SULIBAN,1,0,1
SULIBET,1,0,1
SULILIE,1,0,1
SULITH,1,0,1
SULMAT,1,0,1
SULMER,1,0,1
SULMERITA,1,0,1
SULSI,1,0,1
SUMAENIA,1,0,1
SUMELDA,1,0,1
SUMIA,1,0,1
SUMMA,1,0,1
SUMMARIN,1,0,1
SUMNY,1,0,1
SUMRY,1,0,1
SUNAIDA,1,0,1
SUNAS,1,0,1
SUNCIO,1,0,1
SUNDAY,1,0,1
SUNEE,1,0,1
SUNEIDA,1,0,1
SUNIAN,1,0,1
SUNIE,1,0,1
SUNIER,1,0,1
SUNILIA,1,0,1
SUNIN,1,0,1
SUNNIE,1,0,1
SUNON,1,0,1
SUNSET,1,0,1
SUOMEN,1,0,1
SUPERANZA,1,0,1
SUQUEYLY,1,0,1
SUQUI,1,0,1
SURE,1,0,1
SUREBIA,1,0,1
SUREILA,1,0,1
SUREMA,1,0,1
SUREYDA,1,0,1
SURGUIN,1,0,1
SURIBETT,1,0,1
SURIN,1,0,1
SURINA,1,0,1
SURISADAI,1,0,1
SURIZ,1,0,1
SURJIS,1,0,1
SURKY,1,0,1
SURTEY,1,0,1
SUS,1,0,1
SUSAM,1,0,1
SUSANA DEL,1,0,1
SUSANA ELENA,1,0,1
SUSANA GRACIELA,1,0,1
SUSANA JENNIFER,1,0,1
SUSANI,1,0,1
SUSAS,1,0,1
SUSBIN,1,0,1
SUSED,1,0,1
SUSEIRY,1,0,1
SUSELA,1,0,1
SUSELMARI,1,0,1
SUSETIE,1,0,1
SUSIBETH,1,0,1
SUSIN,1,0,1
SUSSYS,1,0,1
SUSTREBERTA,1,0,1
SUSUNA,1,0,1
SUSYE,1,0,1
SUTECK,1,0,1
SUTURNINO,1,0,1
SUU,1,0,1
SUVAMY,1,0,1
SUVY,1,0,1
SUXNIA,1,0,1
SUY,1,0,1
SUYAOA,1,0,1
SUYAPA DEL,1,0,1
SUYAPA MERCEDES,1,0,1
SUYELI,1,0,1
SUYENSE,1,0,1
SUYLEM,1,0,1
SUZA,1,0,1
SUZANO,1,0,1
SUZI,1,0,1
SVEND,1,0,1
SVENE,1,0,1
SWANI,1,0,1
SWAR,1,0,1
SWAZIE,1,0,1
SWEENEY,1,0,1
SWEENY,1,0,1
SWENSON,1,0,1
SWIN,1,0,1
SXIOMARA,1,0,1
SXJELL,1,0,1
SYBELLA,1,0,1
SYBIA,1,0,1
SYBYL,1,0,1
SYDEHAM,1,0,1
SYDGRID,1,0,1
SYDIA,1,0,1
SYED,1,0,1
SYLACK,1,0,1
SYLON,1,0,1
SYLVINIA,1,0,1
SYLVIO,1,0,1
SYLVON,1,0,1
SYMSON,1,0,1
SYNARA,1,0,1
SYNDIA,1,0,1
SYNTA,1,0,1
SYRCE,1,0,1
SYRIA,1,0,1
SYRIAN,1,0,1
SYRLEY,1,0,1
SYSY,1,0,1
SYVIA,1,0,1
SYWELL,1,0,1
TAËA,1,0,1
TAËYA,1,0,1
TABIL,1,0,1
TABISHA,1,0,1
TACHITO,1,0,1
TACHO,1,0,1
TACIA,1,0,1
TACIANO,1,0,1
TADIO,1,0,1
TAG,1,0,1
TAGRID,1,0,1
TAGUALPA,1,0,1
TAHEREH,1,0,1
TAHIRA,1,0,1
TAIDE,1,0,1
TAIN,1,0,1
TAIRO,1,0,1
TAISELIA,1,0,1
TAISES,1,0,1
TAIZA,1,0,1
TAKASI,1,0,1
TAKEISHA,1,0,1
TAKERO,1,0,1
TALAL,1,0,1
TALENTINO,1,0,1
TALES,1,0,1
TALHER,1,0,1
TALIS,1,0,1
TALMADGE,1,0,1
TALVERT,1,0,1
TALVY,1,0,1
TAMARRA,1,0,1
TAMASA,1,0,1
TAMASIA,1,0,1
TAMAY,1,0,1
TAMBI,1,0,1
TAMBRA,1,0,1
TAMERLAN,1,0,1
TAMIO,1,0,1
TAMISSA,1,0,1
TAMMI,1,0,1
TAMMIE,1,0,1
TAMON,1,0,1
TAN,1,0,1
TANACIA,1,0,1
TANCHIS,1,0,1
TANCI,1,0,1
TANIA FRANCISCA,1,0,1
TANIA SUETLANA,1,0,1
TANIA VANESSA,1,0,1
TANICHE,1,0,1
TANICIO,1,0,1
TANIK,1,0,1
TANILO,1,0,1
TANIRIS,1,0,1
TANIUSKA,1,0,1
TANJA,1,0,1
TANMY,1,0,1
TANNER,1,0,1
TANNIE,1,0,1
TANSITO,1,0,1
TANSY,1,0,1
TANUS,1,0,1
TANYN,1,0,1
TANYS,1,0,1
TAPIA,1,0,1
TAQUIORA,1,0,1
TARACIO,1,0,1
TARCILE,1,0,1
TAREN,1,0,1
TARES,1,0,1
TARGUINO,1,0,1
TARIDA,1,0,1
TARIGIO,1,0,1
TARIK,1,0,1
TARLIN,1,0,1
TARSYS,1,0,1
TARZIS,1,0,1
TASLIA,1,0,1
TASMERIA,1,0,1
TASNIA,1,0,1
TASSIA,1,0,1
TASSLIN,1,0,1
TAT,1,0,1
TATHIANA,1,0,1
TATITO,1,0,1
TATY,1,0,1
TAUFI,1,0,1
TAUFICH,1,0,1
TAURELIANO,1,0,1
TAUSSY,1,0,1
TAVY,1,0,1
TAWZY,1,0,1
TAXLA,1,0,1
TAYCHA,1,0,1
TAYDE,1,0,1
TAYDRA,1,0,1
TAYLI,1,0,1
TAYLORD,1,0,1
TAYME,1,0,1
TAYRIS,1,0,1
TAYVID,1,0,1
TEA GRINDIS,1,0,1
TEADINA,1,0,1
TEATICIA,1,0,1
TEBAS,1,0,1
TEBNI,1,0,1
TECHI,1,0,1
TECHICO,1,0,1
TECHY,1,0,1
TEDDI,1,0,1
TEDDIN,1,0,1
TEDDIS,1,0,1
TEDDYS,1,0,1
TEDEAN,1,0,1
TEDENCIO,1,0,1
TEDIY,1,0,1
TEDORO,1,0,1
TEDOSA,1,0,1
TEDOY,1,0,1
TEDUA,1,0,1
TEED,1,0,1
TEFFANY,1,0,1
TEGUALDA,1,0,1
TEHANI,1,0,1
TEHFIE,1,0,1
TEHO,1,0,1
TEHODOSIA,1,0,1
TEHULINDA,1,0,1
TEIDY,1,0,1
TEILA,1,0,1
TEJERINO,1,0,1
TELBALINA,1,0,1
TELBIA,1,0,1
TELBY,1,0,1
TELDA,1,0,1
TELDER,1,0,1
TELEFONO,1,0,1
TELEGONIO,1,0,1
TELER,1,0,1
TELFINA,1,0,1
TELGUIN,1,0,1
TELIN,1,0,1
TELINDA,1,0,1
TELIS,1,0,1
TELMA DE,1,0,1
TELMA DE JESUS,1,0,1
TELMAMAXIMA,1,0,1
TELMIN,1,0,1
TELMINA,1,0,1
TELMIRA,1,0,1
TELMITA,1,0,1
TELMYS,1,0,1
TELORIDALMA,1,0,1
TELSAN,1,0,1
TELSINA,1,0,1
TELVI,1,0,1
TELVY,1,0,1
TELY,1,0,1
TELYA,1,0,1
TEMAN,1,0,1
TEMERIO,1,0,1
TEMES,1,0,1
TEMFLORA,1,0,1
TEMMA,1,0,1
TEMMY,1,0,1
TEMOR,1,0,1
TEMORE,1,0,1
TEMPORINA,1,0,1
TEMPRONINA,1,0,1
TEN,1,0,1
TENCIANA,1,0,1
TENCIM,1,0,1
TENGIS,1,0,1
TENLEY,1,0,1
TENMA,1,0,1
TENNESSE,1,0,1
TENNESSEE,1,0,1
TENNIS,1,0,1
TENNY,1,0,1
TENOCHKO,1,0,1
TENORIA,1,0,1
TENRELY,1,0,1
TENRRY,1,0,1
TENSI,1,0,1
TENSSY,1,0,1
TENY,1,0,1
TEOBALDA,1,0,1
TEOBALDA MARIA,1,0,1
TEOBILO,1,0,1
TEOBULO,1,0,1
TEODAFELIO,1,0,1
TEODASIA,1,0,1
TEODESVINDA,1,0,1
TEODIOCIO,1,0,1
TEODISTA,1,0,1
TEODOCITA,1,0,1
TEODODIA,1,0,1
TEODOLANDO,1,0,1
TEODOLIDA,1,0,1
TEODOMINA,1,0,1
TEODONILIA,1,0,1
TEODORAORA,1,0,1
TEODORCIA,1,0,1
TEODORIFICA,1,0,1
TEODORILA,1,0,1
TEODOSEA,1,0,1
TEODOSEO,1,0,1
TEODOSITA,1,0,1
TEODOVALDO,1,0,1
TEODOVIAS,1,0,1
TEOFANI,1,0,1
TEOFELO,1,0,1
TEOFILIO,1,0,1
TEOHODOLINDA,1,0,1
TEOJILO,1,0,1
TEOLA,1,0,1
TEOLDINO,1,0,1
TEOLICIA,1,0,1
TEOLIN,1,0,1
TEOLUDO,1,0,1
TEOLULO,1,0,1
TEOMARA,1,0,1
TEOMILIA,1,0,1
TEONELA,1,0,1
TEONIS,1,0,1
TEONY,1,0,1
TEOODORO,1,0,1
TEOPHILUS,1,0,1
TEORA,1,0,1
TEORALDO,1,0,1
TEORODO,1,0,1
TEOTISTO,1,0,1
TERCIA,1,0,1
TERCY,1,0,1
TERECILA,1,0,1
TEREL,1,0,1
TERELITA,1,0,1
TERELVINA,1,0,1
TEREN,1,0,1
TERENCIO DE,1,0,1
TERENCIOS,1,0,1
TERENSE,1,0,1
TERENSITA,1,0,1
TERENSO,1,0,1
TERERA,1,0,1
TERESA DEL,1,0,1
TERESADE,1,0,1
TERESILA,1,0,1
TERESINDO,1,0,1
TERESITA  J,1,0,1
TERESMINDA,1,0,1
TERESO REMIGIO,1,0,1
TEREZA  DE,1,0,1
TEREZALIONOR,1,0,1
TEREZITA,1,0,1
TERHEZA,1,0,1
TERIA,1,0,1
TERICE,1,0,1
TERICK,1,0,1
TERLING,1,0,1
TERLLY,1,0,1
TERLYS,1,0,1
TERMAN,1,0,1
TERNA,1,0,1
TEROLINA,1,0,1
TEROSIDIA,1,0,1
TERRAFINA,1,0,1
TERRESCOBA,1,0,1
TERRICK,1,0,1
TERRIE,1,0,1
TERRIEFEINA,1,0,1
TERRIL,1,0,1
TERRILYN,1,0,1
TERRISSA,1,0,1
TERRYANN,1,0,1
TERRYL,1,0,1
TERRYLEE,1,0,1
TERRYLYN,1,0,1
TERSA DE JESUS,1,0,1
TERSAN,1,0,1
TERSY,1,0,1
TERZI,1,0,1
TESALIA,1,0,1
TESHANA,1,0,1
TESIE,1,0,1
TESLAMINA,1,0,1
TESLANIA,1,0,1
TESLHY,1,0,1
TESLIE,1,0,1
TESLIN,1,0,1
TESMAN,1,0,1
TESMINIA,1,0,1
TESNILA,1,0,1
TESNY,1,0,1
TESPECIO,1,0,1
TESPESIO,1,0,1
TESRRY,1,0,1
TESSMAN,1,0,1
TESTA,1,0,1
TETAM,1,0,1
TETENCIO,1,0,1
TETHEY,1,0,1
TETMAN,1,0,1
TEUDULO,1,0,1
TEUNDULFO,1,0,1
TEVIS,1,0,1
TEWIS,1,0,1
TEXAR,1,0,1
TEXE,1,0,1
TEXIA,1,0,1
TEXLY,1,0,1
TEYBIN,1,0,1
TEYDA,1,0,1
TEYLO,1,0,1
TEYLOR,1,0,1
TEZZA,1,0,1
THAAMAR,1,0,1
THAIRIS,1,0,1
THALMI,1,0,1
THAMARA,1,0,1
THAMCIN,1,0,1
THAMMY,1,0,1
THANMY,1,0,1
THANNIA,1,0,1
THANY,1,0,1
THARCIS,1,0,1
THARPLEE,1,0,1
THASHA,1,0,1
THEA,1,0,1
THED,1,0,1
THEDA,1,0,1
THEIMA,1,0,1
THEJANY,1,0,1
THELBINA,1,0,1
THELIX,1,0,1
THELMA FELICITA,1,0,1
THELMER,1,0,1
THELSA,1,0,1
THELSY,1,0,1
THEMAR,1,0,1
THENSE,1,0,1
THEO KARL,1,0,1
THEODOSIA,1,0,1
THEOTISTE,1,0,1
THERA,1,0,1
THERIS,1,0,1
THERLA,1,0,1
THERLYN,1,0,1
THERON,1,0,1
THERRON,1,0,1
THERSY,1,0,1
THESY,1,0,1
THEXI,1,0,1
THEZLA,1,0,1
THIANA,1,0,1
THIERRY JEAN,1,0,1
THILMAN,1,0,1
THILSON,1,0,1
THIMSIA,1,0,1
THIRSSA,1,0,1
THIRZIA,1,0,1
THOEDOR,1,0,1
THOMAZA,1,0,1
THOMIS,1,0,1
THOMMY,1,0,1
THONIS,1,0,1
THONNY,1,0,1
THORIS,1,0,1
THREACY,1,0,1
THRIN,1,0,1
THTETMA,1,0,1
THULE,1,0,1
THYRZA,1,0,1
TIADOLINDA,1,0,1
TIALOUISE,1,0,1
TIAN,1,0,1
TIANO,1,0,1
TIANSONG,1,0,1
TIBDEO,1,0,1
TIBILA,1,0,1
TIBIRCIO,1,0,1
TIBOR,1,0,1
TIBURCION,1,0,1
TIBUSCIO,1,0,1
TIBY,1,0,1
TIDELIA,1,0,1
TIDOLINDA,1,0,1
TIDORA,1,0,1
TIENE,1,0,1
TIERI,1,0,1
TIERTY,1,0,1
TIFANY,1,0,1
TIFFANNY,1,0,1
TIGUI,1,0,1
TIJERINO,1,0,1
TILFOR,1,0,1
TILITA,1,0,1
TILKA,1,0,1
TILMAN,1,0,1
TILMAQUIN,1,0,1
TILO,1,0,1
TILTON,1,0,1
TILZON,1,0,1
TIM,1,0,1
TIMORA,1,0,1
TIMOROCIA,1,0,1
TIMOTEAA,1,0,1
TINENY,1,0,1
TINIA,1,0,1
TINNY,1,0,1
TINTINA,1,0,1
TIODIL,1,0,1
TIODORINDA,1,0,1
TIODOZO,1,0,1
TIOFILIO,1,0,1
TIOLA,1,0,1
TIOMIRO,1,0,1
TIRANO,1,0,1
TIRBLANDINA,1,0,1
TIRCIO,1,0,1
TIRHZA,1,0,1
TIRIO,1,0,1
TIRJANA,1,0,1
TIRSSA,1,0,1
TIRSSO,1,0,1
TIRYA,1,0,1
TIRZHA,1,0,1
TIRZIA,1,0,1
TIRZZA,1,0,1
TISHDALE,1,0,1
TISNICA,1,0,1
TISPOR,1,0,1
TITAN,1,0,1
TITO HUMBERTO,1,0,1
TIUBALDO,1,0,1
TIUNQUENS,1,0,1
TIUQUENS,1,0,1
TIVERIO,1,0,1
TIVIS,1,0,1
TJ,1,0,1
TO,1,0,1
TO-A,1,0,1
TOÑO,1,0,1
TOËITA,1,0,1
TOB,1,0,1
TOBALDO,1,0,1
TOBAS,1,0,1
TOBI,1,0,1
TOBIAS DE JESUS,1,0,1
TOBIASJULIAN,1,0,1
TOBIRIO,1,0,1
TOBITO,1,0,1
TODDY,1,0,1
TODOCIA,1,0,1
TODOLINDA,1,0,1
TODORA,1,0,1
TOFICK,1,0,1
TOINA,1,0,1
TOINETTE,1,0,1
TOLA,1,0,1
TOLENLINO,1,0,1
TOLENTO,1,0,1
TOLERTINO,1,0,1
TOLIGIO,1,0,1
TOLITA,1,0,1
TOLMAN,1,0,1
TOM MARVIN,1,0,1
TOMA,1,0,1
TOMALINA,1,0,1
TOMAS CONRADO,1,0,1
TOMAS HERNAN,1,0,1
TOMASINO,1,0,1
TOMEK,1,0,1
TOMESA,1,0,1
TOMIE,1,0,1
TOMILIA,1,0,1
TOMMMY,1,0,1
TOMOTEA,1,0,1
TOMPE,1,0,1
TOMPSHON,1,0,1
TOMSON,1,0,1
TONANZIN,1,0,1
TONEYDA,1,0,1
TONGAY,1,0,1
TONHY,1,0,1
TONIEL,1,0,1
TONIL,1,0,1
TONILIA,1,0,1
TONINA,1,0,1
TONYA,1,0,1
TONYLITA,1,0,1
TOQUI,1,0,1
TORCUATRO,1,0,1
TOREBIO,1,0,1
TOREN,1,0,1
TORENS,1,0,1
TOREVIA,1,0,1
TORI,1,0,1
TORIAN,1,0,1
TORIN,1,0,1
TORINA,1,0,1
TORIS,1,0,1
TORMENTO,1,0,1
TORNES,1,0,1
TOROBIA,1,0,1
TORSTEIN,1,0,1
TORSTEN,1,0,1
TOSHIHIRA,1,0,1
TOSKA,1,0,1
TOSTA,1,0,1
TOSTAS,1,0,1
TOTI,1,0,1
TOVIAN,1,0,1
TOVILLAS,1,0,1
TOVIN,1,0,1
TOYA,1,0,1
TOYINA,1,0,1
TOYOHIKO,1,0,1
TOYS,1,0,1
TRACE,1,0,1
TRACEDES,1,0,1
TRACIE,1,0,1
TRACILACCION,1,0,1
TRAISY,1,0,1
TRANCITO DEL,1,0,1
TRANSFORMACION,1,0,1
TRANZITO,1,0,1
TREACY,1,0,1
TREAMAINE,1,0,1
TREASY,1,0,1
TRECI,1,0,1
TRECIE,1,0,1
TREDES,1,0,1
TREDY,1,0,1
TREFENIA,1,0,1
TREISE,1,0,1
TREJADIO,1,0,1
TREMAYNS,1,0,1
TRENIO,1,0,1
TRENITA,1,0,1
TREPINA,1,0,1
TRESIE,1,0,1
TRESSA,1,0,1
TRESY,1,0,1
TREVI,1,0,1
TREYSY,1,0,1
TRIALINA,1,0,1
TRIANA,1,0,1
TRIDIDAD,1,0,1
TRIDILIA,1,0,1
TRIFENA,1,0,1
TRIFIDA,1,0,1
TRIGIDA,1,0,1
TRIGLAN,1,0,1
TRIGOURNEY,1,0,1
TRIKSY,1,0,1
TRILNI,1,0,1
TRIMILO,1,0,1
TRINALES,1,0,1
TRINDAD,1,0,1
TRINDIAD,1,0,1
TRINIA,1,0,1
TRINILA,1,0,1
TRINITO,1,0,1
TRINY ALBA,1,0,1
TRIPINIA,1,0,1
TRISA,1,0,1
TRISHIA,1,0,1
TRISZIA,1,0,1
TRIUNFA,1,0,1
TRIUNFO,1,0,1
TRIXCELA,1,0,1
TRIXIE,1,0,1
TRNSITO,1,0,1
TROCHES,1,0,1
TROCHEZ,1,0,1
TROCHEZJOSE,1,0,1
TROMAN,1,0,1
TRONDEL,1,0,1
TRU,1,0,1
TRUBI,1,0,1
TRUBILAN,1,0,1
TRUBY,1,0,1
TRUDDY,1,0,1
TRUDI,1,0,1
TRUDIZ,1,0,1
TRUEMAN,1,0,1
TU,1,0,1
TUBA,1,0,1
TUBAR,1,0,1
TUBI,1,0,1
TUCXY,1,0,1
TUFAJA,1,0,1
TUHT,1,0,1
TUI,1,0,1
TUL,1,0,1
TULIANO,1,0,1
TULIBERIO,1,0,1
TULIN,1,0,1
TULIO   ARMANDO,1,0,1
TULIVEN,1,0,1
TUMPIE,1,0,1
TUMY,1,0,1
TUNEZ,1,0,1
TUNISIA,1,0,1
TUNMIN,1,0,1
TUNY,1,0,1
TURBIDIS,1,0,1
TURCY,1,0,1
TURE,1,0,1
TURIANA,1,0,1
TURIN,1,0,1
TURY,1,0,1
TUSLIN,1,0,1
TUSMELDA,1,0,1
TUYKIS,1,0,1
TWIGGI,1,0,1
TYREE,1,0,1
TYREL,1,0,1
TYRELL,1,0,1
TYRONE ADRIANO,1,0,1
TYRSA,1,0,1
TYWRITH,1,0,1
UALBERTO,1,0,1
UALQUIRIA,1,0,1
UBAIRO,1,0,1
UBALIO,1,0,1
UBARDO,1,0,1
UBAUDILIO,1,0,1
UBE,1,0,1
UBEDA,1,0,1
UBEDINA,1,0,1
UBELBINA,1,0,1
UBELDA,1,0,1
UBELINDO,1,0,1
UBENCE LAOS,1,0,1
UBENCELAO,1,0,1
UBENCELIA,1,0,1
UBENDI,1,0,1
UBENRIQUE,1,0,1
UBENSA,1,0,1
UBENSELAGOS,1,0,1
UBENSELAO,1,0,1
UBERCINDA,1,0,1
UBERTA,1,0,1
UBERTINO,1,0,1
UBIGILDO,1,0,1
UBILON,1,0,1
UBINAL,1,0,1
UBINGBERTO,1,0,1
UBINSA,1,0,1
UBITICIA,1,0,1
UBITO,1,0,1
UBLADIMIRO,1,0,1
UBLICES,1,0,1
UBO,1,0,1
UBRAYN,1,0,1
UBSTACIA,1,0,1
UBUILSON,1,0,1
UCELINA,1,0,1
UCINIO,1,0,1
UCRANIA,1,0,1
UDAIKI,1,0,1
UDALDA,1,0,1
UDEEN,1,0,1
UDELINA,1,0,1
UDELINO,1,0,1
UDELY,1,0,1
UDEMIA,1,0,1
UDEN,1,0,1
UDI,1,0,1
UDIANA,1,0,1
UDIBEILA,1,0,1
UDIMPIDO,1,0,1
UDINE,1,0,1
UDIVIO,1,0,1
UDIZ,1,0,1
UDOMILIA,1,0,1
UDREL,1,0,1
UECEBIO,1,0,1
UELSEN,1,0,1
UENDI,1,0,1
UENDY,1,0,1
UENY,1,0,1
UESICA,1,0,1
UFELINDA,1,0,1
UFENIA,1,0,1
UFRANCIA,1,0,1
UFRIDO,1,0,1
UFROCINA,1,0,1
UGGER,1,0,1
UGIEL,1,0,1
UGLIDIS,1,0,1
UGNACIO,1,0,1
UGOBITELIO,1,0,1
UGRES,1,0,1
UGUALDER,1,0,1
UIL,1,0,1
UILMA,1,0,1
UILSON,1,0,1
ULABIA,1,0,1
ULADIMIR,1,0,1
ULAH,1,0,1
ULBA,1,0,1
ULBALDO,1,0,1
ULBERCIS,1,0,1
ULBERTINA,1,0,1
ULBIANA,1,0,1
ULBIO,1,0,1
ULCIANA,1,0,1
ULCIANO,1,0,1
ULDAVINA,1,0,1
ULDEZ,1,0,1
ULDIZ,1,0,1
ULFENCIA,1,0,1
ULFREDO,1,0,1
ULHFRON,1,0,1
ULIA,1,0,1
ULIAM,1,0,1
ULIBALDO,1,0,1
ULICCEZ,1,0,1
ULICSES,1,0,1
ULIEN,1,0,1
ULISETH,1,0,1
ULISSER,1,0,1
ULIZ,1,0,1
ULIZES,1,0,1
ULLOAOSCAR,1,0,1
ULLUM,1,0,1
ULME,1,0,1
ULMIN,1,0,1
ULODIA,1,0,1
ULOFIO,1,0,1
ULPA,1,0,1
ULPANEA,1,0,1
ULPIANA,1,0,1
ULPINO,1,0,1
ULRIG,1,0,1
ULSIAS,1,0,1
ULSIN,1,0,1
ULTER,1,0,1
ULTIDIC,1,0,1
ULVIL,1,0,1
UMANZOR,1,0,1
UMBRAL,1,0,1
UMELIDA,1,0,1
UMELVA,1,0,1
UMENILDA,1,0,1
UNABIL,1,0,1
UNASIS,1,0,1
UNBERTINA,1,0,1
UNCEBIA,1,0,1
UNDILIA,1,0,1
UNDIY,1,0,1
UNECIMO,1,0,1
UNELDA,1,0,1
UNES,1,0,1
UNICIS,1,0,1
UNIE,1,0,1
UNILFREDO,1,0,1
UNILMAN,1,0,1
UNIOUNS,1,0,1
UNIRES,1,0,1
UNIS,1,0,1
UNISSE,1,0,1
UNIZA,1,0,1
UNMILA,1,0,1
UNNIS,1,0,1
UNWIN,1,0,1
UPHEMIA,1,0,1
URALIA,1,0,1
URANIS,1,0,1
URANY,1,0,1
URAY,1,0,1
URBALDO,1,0,1
URBALINA,1,0,1
URBANEA,1,0,1
URBE,1,0,1
URBELIN,1,0,1
URBELINDO,1,0,1
URBELINO,1,0,1
URBENSIO,1,0,1
URBERTO,1,0,1
URBINAMARITZA,1,0,1
URBINIA,1,0,1
URBINIO,1,0,1
URCILA,1,0,1
URCIO,1,0,1
URDA,1,0,1
URDANICO,1,0,1
URDELINDA,1,0,1
URDELINO,1,0,1
URDILIA,1,0,1
URDULIA,1,0,1
UREAL,1,0,1
UREMA,1,0,1
URFIA,1,0,1
URFILIA,1,0,1
URICELDA,1,0,1
URIDENCE,1,0,1
URIE,1,0,1
URIELA,1,0,1
URIFICACION,1,0,1
URIL,1,0,1
URINO,1,0,1
URISEO,1,0,1
URISNO,1,0,1
URIVEE,1,0,1
URIY,1,0,1
URLIN,1,0,1
URMAR,1,0,1
URMILA,1,0,1
URMINDA,1,0,1
UROLIS,1,0,1
URSINGO,1,0,1
URSINIA,1,0,1
URSINIO,1,0,1
URSO,1,0,1
URSOLO,1,0,1
URSULA URSINA,1,0,1
URSULINAS,1,0,1
URSULINDO,1,0,1
URSY,1,0,1
URVELIA,1,0,1
URVELINDA,1,0,1
URVENSE,1,0,1
URVIA,1,0,1
URVILA,1,0,1
URWICK,1,0,1
URZIEL,1,0,1
USAMA,1,0,1
USAYA,1,0,1
USBALDA,1,0,1
USBELINDA,1,0,1
USCELLA,1,0,1
USDOVE,1,0,1
USEBIA,1,0,1
USIDES,1,0,1
USIRES,1,0,1
USIRYS,1,0,1
USMALDO,1,0,1
USMARTI,1,0,1
USMELINDA,1,0,1
USQUI,1,0,1
USSMAL,1,0,1
USTACIANO,1,0,1
USTASIA,1,0,1
USUIAS,1,0,1
USURLA,1,0,1
USWALDA,1,0,1
USZIEL,1,0,1
UTENCIO,1,0,1
UTIEL,1,0,1
UTILIO,1,0,1
UTINIO,1,0,1
UUILMER,1,0,1
UVADIEL,1,0,1
UVALINDA,1,0,1
UVANDA,1,0,1
UVEDA,1,0,1
UVEDINDA,1,0,1
UVELINDO,1,0,1
UVENCELAO,1,0,1
UVENDA,1,0,1
UVENIS,1,0,1
UVENSELAO,1,0,1
UVENSES,1,0,1
UVERCINDA,1,0,1
UVESLINDA,1,0,1
UVIA,1,0,1
UVIDVERTO,1,0,1
UVIGILDA,1,0,1
UVINDA,1,0,1
UVISTRE,1,0,1
UVITELIO,1,0,1
UVO,1,0,1
UWALDITRUDIS,1,0,1
UWANCELAO,1,0,1
UWENCESLAO,1,0,1
UYANIX,1,0,1
UZIR,1,0,1
UZZIELL,1,0,1
UZZUEL,1,0,1
UZZYP,1,0,1
VABIS,1,0,1
VADELINE,1,0,1
VAIKE,1,0,1
VAIRION,1,0,1
VAIRY,1,0,1
VALAIS,1,0,1
VALAN,1,0,1
VALBAR,1,0,1
VALD,1,0,1
VALDITRUDIS,1,0,1
VALDONADO,1,0,1
VALDRIGE,1,0,1
VALEDES,1,0,1
VALEN,1,0,1
VALENCITA,1,0,1
VALENLINA,1,0,1
VALENTI,1,0,1
VALENTIN SANTOS,1,0,1
VALERINA,1,0,1
VALESIANO,1,0,1
VALESTER,1,0,1
VALIA,1,0,1
VALINA,1,0,1
VALION,1,0,1
VALIREE,1,0,1
VALISTAN,1,0,1
VALITON,1,0,1
VALKY,1,0,1
VALLADARES,1,0,1
VALLADOLID,1,0,1
VALLAN,1,0,1
VALLERY,1,0,1
VALMA,1,0,1
VALMER,1,0,1
VALMY,1,0,1
VALOIDINA,1,0,1
VALONCE,1,0,1
VALQUIRIA,1,0,1
VALTA,1,0,1
VALTREEN,1,0,1
VANACHEK,1,0,1
VANANCIA,1,0,1
VANANCIO,1,0,1
VANCANE,1,0,1
VANCIL,1,0,1
VANCITO,1,0,1
VANCY,1,0,1
VANDELEE,1,0,1
VANDELO,1,0,1
VANDERLY,1,0,1
VANDOLENE,1,0,1
VANECITA,1,0,1
VANEGAS,1,0,1
VANESKA,1,0,1
VANGELISTA,1,0,1
VANICE,1,0,1
VANILDA,1,0,1
VANJA,1,0,1
VANNIEL,1,0,1
VANNIRSON,1,0,1
VANSENE,1,0,1
VANSIL,1,0,1
VAPSI,1,0,1
VAPSY,1,0,1
VARBI,1,0,1
VARIA RAFAELA,1,0,1
VARLIN,1,0,1
VARNEGAS,1,0,1
VARNELL,1,0,1
VARTOLO,1,0,1
VASELICA,1,0,1
VASELISA,1,0,1
VASHHTI,1,0,1
VASHNY,1,0,1
VASKATHA,1,0,1
VASLEE,1,0,1
VASMMY,1,0,1
VASNIA,1,0,1
VASQUER,1,0,1
VASQUEZANA,1,0,1
VASTHI,1,0,1
VASWIN,1,0,1
VAUCDILIO,1,0,1
VAUDELIA,1,0,1
VAVIER,1,0,1
VAXEDA,1,0,1
VAYOLITA,1,0,1
VAYRO,1,0,1
VAZEILLE,1,0,1
VCTORIANO,1,0,1
VEA,1,0,1
VEANNY,1,0,1
VEAREN,1,0,1
VECCY,1,0,1
VECICA,1,0,1
VECTOR,1,0,1
VEDALIDIA,1,0,1
VEDELDA,1,0,1
VEDELINDA,1,0,1
VEDELMIRA,1,0,1
VEDILIA,1,0,1
VEDREDIR,1,0,1
VEDYN,1,0,1
VEHTY,1,0,1
VEIDA,1,0,1
VEISU,1,0,1
VEIVAN,1,0,1
VEKEN,1,0,1
VEKSSA,1,0,1
VELACIO,1,0,1
VELBETH,1,0,1
VELBIS,1,0,1
VELCARIO,1,0,1
VELCI,1,0,1
VELCIS,1,0,1
VELDIS,1,0,1
VELECIS,1,0,1
VELENCITA,1,0,1
VELENIS,1,0,1
VELERI,1,0,1
VELESMA,1,0,1
VELGIA,1,0,1
VELGIN,1,0,1
VELGY,1,0,1
VELICITA,1,0,1
VELIE,1,0,1
VELIRA,1,0,1
VELISOR,1,0,1
VELIX,1,0,1
VELIZJAINIERO,1,0,1
VELKIZ,1,0,1
VELKYN,1,0,1
VELKYSS,1,0,1
VELLATRIS,1,0,1
VELLKISS,1,0,1
VELMAR,1,0,1
VELMY,1,0,1
VELMYN,1,0,1
VELMYS,1,0,1
VELO,1,0,1
VELSIN,1,0,1
VELSY,1,0,1
VELSYS,1,0,1
VELTON,1,0,1
VELVER,1,0,1
VELVETH,1,0,1
VELVIS,1,0,1
VELYNH,1,0,1
VELZER,1,0,1
VEMIS,1,0,1
VEMVENUTO,1,0,1
VENACIA,1,0,1
VENACIO,1,0,1
VENANCEO,1,0,1
VENAVITO,1,0,1
VENCE,1,0,1
VENCELIO,1,0,1
VENCESLAO,1,0,1
VENCI,1,0,1
VENDA,1,0,1
VENDELEN,1,0,1
VENDERANDO,1,0,1
VENEDA,1,0,1
VENEDILIA,1,0,1
VENEDITA,1,0,1
VENENCIA,1,0,1
VENENCIANA,1,0,1
VENERO,1,0,1
VENIDIA,1,0,1
VENILDE,1,0,1
VENILDIA,1,0,1
VENITSA,1,0,1
VENIVE,1,0,1
VENIZ,1,0,1
VENJASMIN,1,0,1
VENNECY,1,0,1
VENNETTA,1,0,1
VENNICIO,1,0,1
VENNIE,1,0,1
VENNIS,1,0,1
VENNY,1,0,1
VENONIS,1,0,1
VENOS,1,0,1
VENROW,1,0,1
VENS,1,0,1
VENTALINA,1,0,1
VENTRA,1,0,1
VENTROLINA,1,0,1
VENTURAS,1,0,1
VENTURINA,1,0,1
VENTY,1,0,1
VEQUER,1,0,1
VERA MARIA,1,0,1
VERA MILAGROS,1,0,1
VERARDA,1,0,1
VERARDO,1,0,1
VERCEDLI,1,0,1
VERCELINA,1,0,1
VERCELIO,1,0,1
VERCELIS,1,0,1
VERDALINA,1,0,1
VERDIE,1,0,1
VERED,1,0,1
VEREGINIA,1,0,1
VERENAY,1,0,1
VERENIZE,1,0,1
VERFANIA,1,0,1
VERGEL,1,0,1
VERGELIO,1,0,1
VERGEN,1,0,1
VERIDIANO,1,0,1
VERINIA,1,0,1
VERLANDA,1,0,1
VERLENIA,1,0,1
VERLEY,1,0,1
VERLID,1,0,1
VERLIS,1,0,1
VERMIN,1,0,1
VERMIRA,1,0,1
VERN,1,0,1
VERNALDINA,1,0,1
VERNALISI,1,0,1
VERNAN,1,0,1
VERNAR,1,0,1
VERNEL,1,0,1
VERNI,1,0,1
VERNICIA,1,0,1
VERNILDA,1,0,1
VERNITA,1,0,1
VERNNETTA,1,0,1
VERONINA,1,0,1
VERONITA,1,0,1
VERONIVA,1,0,1
VEROUSKA,1,0,1
VERRON,1,0,1
VERSALY,1,0,1
VERSIA,1,0,1
VERSIE,1,0,1
VERTALICIA,1,0,1
VERTIL,1,0,1
VERTOLDO,1,0,1
VERTULIA,1,0,1
VERZAVIT,1,0,1
VERZELY,1,0,1
VESAIDA,1,0,1
VESANIA,1,0,1
VESCI,1,0,1
VESER,1,0,1
VESPASIANO,1,0,1
VESPSI,1,0,1
VESSI,1,0,1
VESSIE,1,0,1
VESSIN,1,0,1
VESTALIA,1,0,1
VESTALIO,1,0,1
VESYS,1,0,1
VETELIA,1,0,1
VETICIA,1,0,1
VETTI,1,0,1
VETTY,1,0,1
VETYS,1,0,1
VETZA,1,0,1
VEULHA,1,0,1
VEVERIANO,1,0,1
VEVIAN,1,0,1
VEXABEL,1,0,1
VEXADIA,1,0,1
VEXAIDA,1,0,1
VEXAYDA,1,0,1
VEXI,1,0,1
VEXIS,1,0,1
VEYA,1,0,1
VEYADA,1,0,1
VEYBY,1,0,1
VEYCY,1,0,1
VEYDY,1,0,1
VEYRA,1,0,1
VEYRAN,1,0,1
VEYSA,1,0,1
VEZA,1,0,1
VEZIO,1,0,1
VHINORA,1,0,1
VI,1,0,1
VIADIT,1,0,1
VIAERMINIA,1,0,1
VIAGNE,1,0,1
VIAGNNE,1,0,1
VIAGNY,1,0,1
VIAJA,1,0,1
VIALDA,1,0,1
VIALINA,1,0,1
VIALIS,1,0,1
VIAMED,1,0,1
VIANEI,1,0,1
VIANNA,1,0,1
VIANO,1,0,1
VIANOR,1,0,1
VIANOVIS,1,0,1
VIARTA,1,0,1
VIATA,1,0,1
VIATO,1,0,1
VIATORIA,1,0,1
VIATORO,1,0,1
VIBIA,1,0,1
VIBIANO,1,0,1
VIBIONA,1,0,1
VICENIA,1,0,1
VICENTEJINMY,1,0,1
VICI,1,0,1
VICILIA,1,0,1
VICITA,1,0,1
VICIXTORA,1,0,1
VICKIEMAY,1,0,1
VICKTOR,1,0,1
VICLETO,1,0,1
VICNARA,1,0,1
VICOR,1,0,1
VICOTIRA,1,0,1
VICSE,1,0,1
VICTAL,1,0,1
VICTALIANA,1,0,1
VICTALO,1,0,1
VICTALY,1,0,1
VICTAMINO,1,0,1
VICTENIO,1,0,1
VICTILIA,1,0,1
VICTO,1,0,1
VICTOLINO,1,0,1
VICTONIO,1,0,1
VICTOR LAN,1,0,1
VICTORIA YANIRA,1,0,1
VICTORINADEL,1,0,1
VICTORO,1,0,1
VICVENTE,1,0,1
VIDAEL,1,0,1
VIDAI,1,0,1
VIDALA,1,0,1
VIDALBERTA,1,0,1
VIDALBINA,1,0,1
VIDALDA,1,0,1
VIDALE,1,0,1
VIDALIC,1,0,1
VIDALMIRO,1,0,1
VIDALMY,1,0,1
VIDAMOR,1,0,1
VIDANIO,1,0,1
VIDARDINA,1,0,1
VIDELBINA,1,0,1
VIDELEN,1,0,1
VIDEN,1,0,1
VIDENDY,1,0,1
VIDETTE,1,0,1
VIDEZ,1,0,1
VIDIALINA,1,0,1
VIDINIA,1,0,1
VIDLALIO,1,0,1
VIDMAYA,1,0,1
VIDUEL,1,0,1
VIDVI,1,0,1
VIELA,1,0,1
VIEMBENIDO,1,0,1
VIEN,1,0,1
VIERIKA,1,0,1
VIERNA,1,0,1
VIESKA,1,0,1
VIGILACION,1,0,1
VIGNEL,1,0,1
VIGNNY,1,0,1
VIGTORINO,1,0,1
VIHAIN,1,0,1
VIKA,1,0,1
VIKE,1,0,1
VIKELDA,1,0,1
VIKIER,1,0,1
VIKIS,1,0,1
VIKRON,1,0,1
VILANOVA,1,0,1
VILARS,1,0,1
VILATINO,1,0,1
VILAVIT,1,0,1
VILAY,1,0,1
VILBIA,1,0,1
VILCIA,1,0,1
VILCY,1,0,1
VILDAN,1,0,1
VILDAR,1,0,1
VILDONIA,1,0,1
VILEADO,1,0,1
VILECTO,1,0,1
VILENTINA,1,0,1
VILGIA,1,0,1
VILHA,1,0,1
VILI,1,0,1
VILIAN,1,0,1
VILIM,1,0,1
VILIMA,1,0,1
VILITZA,1,0,1
VILIXA,1,0,1
VILKIS,1,0,1
VILLADEL,1,0,1
VILLADYL,1,0,1
VILLANDE,1,0,1
VILLANE,1,0,1
VILLATORO,1,0,1
VILLEDANANCY,1,0,1
VILLESMINA,1,0,1
VILLIAN,1,0,1
VILLIS,1,0,1
VILLOLMA,1,0,1
VILMA DIVINIA,1,0,1
VILMARIS,1,0,1
VILMES,1,0,1
VILMIFLOR,1,0,1
VILMIN,1,0,1
VILNER,1,0,1
VILOMAR,1,0,1
VILQUI,1,0,1
VILSAI,1,0,1
VILSAM,1,0,1
VILVERTO,1,0,1
VILVIDO,1,0,1
VIMMIA,1,0,1
VINACELIA,1,0,1
VINCENZO,1,0,1
VINCI,1,0,1
VINDAD,1,0,1
VINDELJOSE,1,0,1
VINDELL,1,0,1
VINDONIO,1,0,1
VINE,1,0,1
VINELIO,1,0,1
VINERBA,1,0,1
VINGINIA,1,0,1
VINGLER,1,0,1
VINGNER,1,0,1
VINNESSA,1,0,1
VINNIA,1,0,1
VINNISIO,1,0,1
VINTRICE,1,0,1
VINY,1,0,1
VIODELDA,1,0,1
VIOLELA,1,0,1
VIOLENTINA,1,0,1
VIOLETTE,1,0,1
VIOLINA,1,0,1
VIOVANI,1,0,1
VIQUY,1,0,1
VIRBA,1,0,1
VIRCDONIO,1,0,1
VIRCILIA,1,0,1
VIRDINIA,1,0,1
VIRGA,1,0,1
VIRGELINA,1,0,1
VIRGENIZ,1,0,1
VIRGILIA DE LOS,1,0,1
VIRGININA,1,0,1
VIRIA,1,0,1
VIRIAN,1,0,1
VIRIATO,1,0,1
VIRJIL,1,0,1
VIRJINIO,1,0,1
VIRLANY,1,0,1
VIRMAN,1,0,1
VIRNALILL,1,0,1
VIRNEL,1,0,1
VIRNY,1,0,1
VIRSI,1,0,1
VIRTHA,1,0,1
VIRTIO,1,0,1
VIRZA,1,0,1
VIRZAVIT,1,0,1
VISAHARA,1,0,1
VISBERTA,1,0,1
VISI,1,0,1
VISIDALIA,1,0,1
VISILIA,1,0,1
VISITASION,1,0,1
VISLANDA,1,0,1
VISTA,1,0,1
VISTINET,1,0,1
VISTOR,1,0,1
VITALELIS,1,0,1
VITALINDO,1,0,1
VITALINIA,1,0,1
VITALISIO,1,0,1
VITBERTO,1,0,1
VITERMINA,1,0,1
VITERMUNDA,1,0,1
VITOLIA,1,0,1
VITORIANA,1,0,1
VITORIANO,1,0,1
VITORILA,1,0,1
VITRINIA,1,0,1
VITTO,1,0,1
VITULIO,1,0,1
VIUBERTO,1,0,1
VIUDIC,1,0,1
VIVALEE,1,0,1
VIVECCA,1,0,1
VIVIANNE,1,0,1
VIVIANS,1,0,1
VIVIDA,1,0,1
VIVIEEN,1,0,1
VIVIEL,1,0,1
VIVISMI,1,0,1
VIVORLEY,1,0,1
VIVY,1,0,1
VIXDELIS,1,0,1
VIXTON,1,0,1
VIZIA,1,0,1
VLACINA,1,0,1
VLADIMAR,1,0,1
VLADIMER,1,0,1
VLADIS,1,0,1
VLADYMIR,1,0,1
VOCTORIA,1,0,1
VOILET,1,0,1
VONDEL,1,0,1
VONERGE,1,0,1
VONIFACIO,1,0,1
VONISS,1,0,1
VONZ,1,0,1
VORDETH,1,0,1
VORLIE,1,0,1
VORLIN,1,0,1
VORNUN,1,0,1
VOU,1,0,1
VOWORD,1,0,1
VUILMER,1,0,1
VVANIA,1,0,1
VVIL,1,0,1
VYEKI,1,0,1
VYLMIS,1,0,1
VYRON,1,0,1
WAALTER,1,0,1
WACHA,1,0,1
WACHINA,1,0,1
WACHINTON,1,0,1
WACKNER,1,0,1
WADALIA,1,0,1
WADALUPE,1,0,1
WADDI,1,0,1
WADDYS,1,0,1
WADIH,1,0,1
WADIL,1,0,1
WADILQUEL,1,0,1
WADIR,1,0,1
WADRID,1,0,1
WADSON,1,0,1
WAFA,1,0,1
WAGNES,1,0,1
WAHID,1,0,1
WAHLLTER,1,0,1
WAI KIN,1,0,1
WAIL,1,0,1
WAILIANS,1,0,1
WAILIN,1,0,1
WAILY,1,0,1
WAIMYN,1,0,1
WAINIQUIL,1,0,1
WAINRAGHIT,1,0,1
WAINWRIGHT,1,0,1
WAINY,1,0,1
WAIRA,1,0,1
WAIRON,1,0,1
WAISAN,1,0,1
WAISLAO,1,0,1
WAITH,1,0,1
WALBIN,1,0,1
WALCHER,1,0,1
WALCIDES,1,0,1
WALCIO,1,0,1
WALDAR,1,0,1
WALDE,1,0,1
WALDELMAR,1,0,1
WALDEMOR,1,0,1
WALDERINE,1,0,1
WALDETRUDYS,1,0,1
WALDHEIN,1,0,1
WALDHIR,1,0,1
WALDIDES,1,0,1
WALDILUDIS,1,0,1
WALDIMOR,1,0,1
WALDIRIS,1,0,1
WALDIS,1,0,1
WALDISTRUDIS,1,0,1
WALDITRUDIZ,1,0,1
WALDOME,1,0,1
WALDOR,1,0,1
WALENTON,1,0,1
WALESKIVET,1,0,1
WALESY,1,0,1
WALEXZA,1,0,1
WALFANG,1,0,1
WALFRED,1,0,1
WALGER,1,0,1
WALGERT,1,0,1
WALGETRUDIS,1,0,1
WALHTER,1,0,1
WALIMER,1,0,1
WALING,1,0,1
WALIZ,1,0,1
WALKEA,1,0,1
WALKIN,1,0,1
WALKIRYA,1,0,1
WALKY,1,0,1
WALLEZKA,1,0,1
WALLIE,1,0,1
WALLTER,1,0,1
WALMON,1,0,1
WALMOR,1,0,1
WALMORE,1,0,1
WALNEY,1,0,1
WALQUER,1,0,1
WALQUIN,1,0,1
WALQUIR,1,0,1
WALSMAN,1,0,1
WALSON,1,0,1
WALSTED,1,0,1
WALSTON,1,0,1
WALTA,1,0,1
WALTAN,1,0,1
WALTEL,1,0,1
WALTERH,1,0,1
WALTERIA,1,0,1
WALTERIANA,1,0,1
WALTERLEE,1,0,1
WALTERMAN,1,0,1
WALTEROVIDIO,1,0,1
WALTES,1,0,1
WALTHIN,1,0,1
WALTOMAR,1,0,1
WALTTHER,1,0,1
WALY,1,0,1
WANAXA,1,0,1
WANAYRAN,1,0,1
WANCELINA,1,0,1
WANDALI,1,0,1
WANDENE,1,0,1
WANDENIA,1,0,1
WANDENY,1,0,1
WANDI,1,0,1
WANDOLY,1,0,1
WANELGER,1,0,1
WANERGIE,1,0,1
WANG,1,0,1
WANILA,1,0,1
WANIR,1,0,1
WANNDHA,1,0,1
WANSELENA,1,0,1
WANUER,1,0,1
WAPUL,1,0,1
WARDIN,1,0,1
WARDIN¼A,1,0,1
WARDLEY,1,0,1
WAREN,1,0,1
WARMEN,1,0,1
WARNALD,1,0,1
WARNERRENE,1,0,1
WARNIERI,1,0,1
WARNON,1,0,1
WARNY,1,0,1
WASDA,1,0,1
WASLIN,1,0,1
WASTE,1,0,1
WATAN,1,0,1
WATLHER,1,0,1
WATRILIA,1,0,1
WATSEN,1,0,1
WATTARY,1,0,1
WAYANI,1,0,1
WAYANO,1,0,1
WAYDA,1,0,1
WAYLAN,1,0,1
WAYLAND,1,0,1
WAYLE,1,0,1
WAYLEY,1,0,1
WAYLITO,1,0,1
WAYONE,1,0,1
WAYRON,1,0,1
WAYTON,1,0,1
WEANE,1,0,1
WEATHERLY,1,0,1
WEB,1,0,1
WEBRELIN,1,0,1
WEDAD,1,0,1
WEDDY,1,0,1
WEDLER,1,0,1
WEDLING,1,0,1
WEDMAN,1,0,1
WEDMAR,1,0,1
WEDY,1,0,1
WEENA,1,0,1
WEENCK,1,0,1
WEENDIL,1,0,1
WEENONIE,1,0,1
WEGENER,1,0,1
WEHER,1,0,1
WEHINER,1,0,1
WEHLLYN,1,0,1
WEIBY,1,0,1
WEIDONG,1,0,1
WEIJING,1,0,1
WEIMAR,1,0,1
WEIMER,1,0,1
WEIPING,1,0,1
WEITSI,1,0,1
WELARTH,1,0,1
WELBE,1,0,1
WELBER,1,0,1
WELBERT,1,0,1
WELBERTO,1,0,1
WELBI,1,0,1
WELBIN,1,0,1
WELBUR,1,0,1
WELDEY,1,0,1
WELDINGGY,1,0,1
WELDIS,1,0,1
WELDITRUDIS,1,0,1
WELE,1,0,1
WELEANS,1,0,1
WELFRAM,1,0,1
WELFREN,1,0,1
WELGHEN,1,0,1
WELHELM,1,0,1
WELHTER,1,0,1
WELIN,1,0,1
WELKA,1,0,1
WELKI,1,0,1
WELKIN,1,0,1
WELKYS,1,0,1
WELLDY,1,0,1
WELLEFIDO,1,0,1
WELLER,1,0,1
WELLFRED,1,0,1
WELLHEM,1,0,1
WELLIAMGS,1,0,1
WELLINTON,1,0,1
WELLS,1,0,1
WELMA,1,0,1
WELMIN,1,0,1
WELNAR,1,0,1
WELON,1,0,1
WELQUI,1,0,1
WELQUIS,1,0,1
WELRICK,1,0,1
WELSA,1,0,1
WELTHER,1,0,1
WELTSY,1,0,1
WELTZON,1,0,1
WELVY,1,0,1
WELVYN,1,0,1
WENCELINA,1,0,1
WENCEM,1,0,1
WENCHALE,1,0,1
WENCIA,1,0,1
WENCILAO,1,0,1
WENDALIA,1,0,1
WENDE,1,0,1
WENDELYN,1,0,1
WENDES,1,0,1
WENDEXIS,1,0,1
WENDEY,1,0,1
WENDIA,1,0,1
WENDIE,1,0,1
WENDIG,1,0,1
WENDILINA,1,0,1
WENDILL,1,0,1
WENDIN,1,0,1
WENDIO,1,0,1
WENDIY,1,0,1
WENDIZ,1,0,1
WENDLEY,1,0,1
WENDLIE,1,0,1
WENDOLEN,1,0,1
WENDOLLY,1,0,1
WENDOLLYN,1,0,1
WENDOLYM,1,0,1
WENDU,1,0,1
WENDULI,1,0,1
WENDY DE LA,1,0,1
WENDY DESIREE,1,0,1
WENDY PATRICIA,1,0,1
WENDYCAROLINA,1,0,1
WENDYH,1,0,1
WENDYY,1,0,1
WENEPS,1,0,1
WENER,1,0,1
WENERGE,1,0,1
WENESLAO,1,0,1
WENETS,1,0,1
WENG,1,0,1
WENGE,1,0,1
WENGER,1,0,1
WENHNI,1,0,1
WENI,1,0,1
WENIFER,1,0,1
WENLI,1,0,1
WENNIVER,1,0,1
WENOLY,1,0,1
WENOYT,1,0,1
WENRIK,1,0,1
WENRRIS,1,0,1
WENRRY,1,0,1
WENSEL,1,0,1
WENSER,1,0,1
WENSERLADO,1,0,1
WENSESLAA,1,0,1
WENSESLADA,1,0,1
WENSISLAO,1,0,1
WENSLE,1,0,1
WENTAI,1,0,1
WENTER,1,0,1
WENTHELL,1,0,1
WENTIVARTH,1,0,1
WENTLEY,1,0,1
WENTON,1,0,1
WENTRESS,1,0,1
WEPSTER,1,0,1
WERALDINA,1,0,1
WERCINDA,1,0,1
WERDERL,1,0,1
WERIO,1,0,1
WERLI,1,0,1
WERLIN,1,0,1
WERLINDA,1,0,1
WERLYS,1,0,1
WERMAN,1,0,1
WERMER,1,0,1
WERMIN,1,0,1
WERNERS,1,0,1
WERNITO,1,0,1
WEROL,1,0,1
WERSON,1,0,1
WERVIN,1,0,1
WERY,1,0,1
WESENLAO,1,0,1
WESINLAO,1,0,1
WESLIE,1,0,1
WESLING,1,0,1
WESNER,1,0,1
WESPTER,1,0,1
WESSIS,1,0,1
WESSLY,1,0,1
WESTDMAN,1,0,1
WESTHLE,1,0,1
WEUILIANS,1,0,1
WEUNDY,1,0,1
WEWAR,1,0,1
WEYBY,1,0,1
WEYSBI,1,0,1
WEYVI,1,0,1
WGUESTER,1,0,1
WHALTER,1,0,1
WHAYTING,1,0,1
WHELLDRING,1,0,1
WHELLU,1,0,1
WHIEELI,1,0,1
WHILLAMS,1,0,1
WHILLDRING,1,0,1
WHILLIE,1,0,1
WHILMER,1,0,1
WHILY,1,0,1
WHISTHER,1,0,1
WHITEKLIF,1,0,1
WHOF,1,0,1
WHORDY,1,0,1
WHUALDIN,1,0,1
WHUENDAL,1,0,1
WHUIL,1,0,1
WHUILTON,1,0,1
WHYVA,1,0,1
WHYVOR,1,0,1
WIALMAN,1,0,1
WIBER,1,0,1
WIBHER,1,0,1
WICHART,1,0,1
WICKEY,1,0,1
WICLES,1,0,1
WICTTMR,1,0,1
WIDA,1,0,1
WIDAT,1,0,1
WIDGE,1,0,1
WIDHAN,1,0,1
WIDIAN,1,0,1
WIDMAN,1,0,1
WIDMARK,1,0,1
WIDNELY,1,0,1
WIDRAL,1,0,1
WIDSON,1,0,1
WIEL,1,0,1
WIELBERTO,1,0,1
WIELIAM,1,0,1
WIELKA,1,0,1
WIENDEY,1,0,1
WIFIL,1,0,1
WIFRIDO,1,0,1
WIGLBERTO,1,0,1
WIHLSSON,1,0,1
WIKAN,1,0,1
WIKLER,1,0,1
WILA,1,0,1
WILAN,1,0,1
WILAND,1,0,1
WILBAN,1,0,1
WILBARIDIXON,1,0,1
WILBERD,1,0,1
WILBERG,1,0,1
WILBERHT,1,0,1
WILBERNELIO,1,0,1
WILBIDA,1,0,1
WILBIN,1,0,1
WILBORG,1,0,1
WILBOURTH,1,0,1
WILBRAND,1,0,1
WILBRHAN,1,0,1
WILBUER,1,0,1
WILBURE,1,0,1
WILCAN,1,0,1
WILCAR,1,0,1
WILCE,1,0,1
WILCER,1,0,1
WILCHEZ,1,0,1
WILCOR,1,0,1
WILDAN,1,0,1
WILDANITA,1,0,1
WILDDER,1,0,1
WILDEL,1,0,1
WILDELIA,1,0,1
WILDENE,1,0,1
WILDERMAN,1,0,1
WILDERS,1,0,1
WILDES,1,0,1
WILDIBERTO,1,0,1
WILDING,1,0,1
WILDONIA,1,0,1
WILDRE,1,0,1
WILDREDO,1,0,1
WILDRINH,1,0,1
WILDRINKS,1,0,1
WILDRIR,1,0,1
WILDRIS,1,0,1
WILDTON,1,0,1
WILE,1,0,1
WILEAN,1,0,1
WILEBALDO,1,0,1
WILEN,1,0,1
WILER,1,0,1
WILEY,1,0,1
WILF,1,0,1
WILFA,1,0,1
WILFEDO,1,0,1
WILFER,1,0,1
WILFRANDO,1,0,1
WILFREDDY,1,0,1
WILFREDES,1,0,1
WILFREDIZ,1,0,1
WILFREDYS,1,0,1
WILFREFO,1,0,1
WILFRIET,1,0,1
WILGBERT,1,0,1
WILGEFORTIS,1,0,1
WILHDRING,1,0,1
WILHELN,1,0,1
WILHERMINA,1,0,1
WILHMER,1,0,1
WILIA,1,0,1
WILIAN DE JESUS,1,0,1
WILIANSALFONSO,1,0,1
WILIAR,1,0,1
WILIBALDA,1,0,1
WILILMER,1,0,1
WILIMA,1,0,1
WILING,1,0,1
WILINTAN,1,0,1
WILINTON,1,0,1
WILIS,1,0,1
WILISH,1,0,1
WILISTAN,1,0,1
WILITA,1,0,1
WILKEEN,1,0,1
WILKELL,1,0,1
WILKERSON,1,0,1
WILKINS,1,0,1
WILKIS,1,0,1
WILKY,1,0,1
WILKYN,1,0,1
WILKZHIE,1,0,1
WILLAM,1,0,1
WILLARDA,1,0,1
WILLBERTH,1,0,1
WILLBURT,1,0,1
WILLCEMINA,1,0,1
WILLDAH,1,0,1
WILLDER,1,0,1
WILLEAMS,1,0,1
WILLEMS,1,0,1
WILLENTON,1,0,1
WILLERD,1,0,1
WILLERMO,1,0,1
WILLES,1,0,1
WILLET,1,0,1
WILLFOCE,1,0,1
WILLGTHON,1,0,1
WILLHEM,1,0,1
WILLIAMNS,1,0,1
WILLIAMROLANDO,1,0,1
WILLIANA,1,0,1
WILLIBER,1,0,1
WILLIEM,1,0,1
WILLIM,1,0,1
WILLIN,1,0,1
WILLING,1,0,1
WILLINS,1,0,1
WILLIST,1,0,1
WILLITON,1,0,1
WILLLAN,1,0,1
WILLLIANS,1,0,1
WILLSONN,1,0,1
WILLSSON,1,0,1
WILLTHENGS,1,0,1
WILLVER,1,0,1
WILLYAMS,1,0,1
WILLYBRANT,1,0,1
WILLYN,1,0,1
WILMAINA,1,0,1
WILMAM,1,0,1
WILMAN  ANTONIO,1,0,1
WILMANS,1,0,1
WILME,1,0,1
WILMED,1,0,1
WILMER  NOEL,1,0,1
WILMER DE JESUS,1,0,1
WILMER GEOVANNY,1,0,1
WILMERT,1,0,1
WILMERY,1,0,1
WILMIN,1,0,1
WILMINTON,1,0,1
WILMON,1,0,1
WILMWER,1,0,1
WILNARD,1,0,1
WILNECIO,1,0,1
WILNEL,1,0,1
WILNHA,1,0,1
WILNOR,1,0,1
WILOT,1,0,1
WILQUEN,1,0,1
WILQUER,1,0,1
WILSIN,1,0,1
WILSITO,1,0,1
WILSON  ARNALDO,1,0,1
WILSON BETHOVEN,1,0,1
WILSONN,1,0,1
WILSONOMAR,1,0,1
WILSONWUILSON,1,0,1
WILSOR,1,0,1
WILSTAN,1,0,1
WILT,1,0,1
WILTE,1,0,1
WILTHER,1,0,1
WILTHONG,1,0,1
WILTIN,1,0,1
WILTOM,1,0,1
WILTRUDES,1,0,1
WILVIN,1,0,1
WILVY,1,0,1
WILYAMS,1,0,1
WILYAN,1,0,1
WILYEN,1,0,1
WILYON,1,0,1
WILYS,1,0,1
WILZO,1,0,1
WIMEL,1,0,1
WIMIN,1,0,1
WIMY,1,0,1
WINCAP,1,0,1
WINCE,1,0,1
WINCENLAO,1,0,1
WINCER,1,0,1
WINCESLAO,1,0,1
WINCI,1,0,1
WINDALAIN,1,0,1
WINDIE,1,0,1
WINDIN,1,0,1
WINDOR,1,0,1
WINDREFH,1,0,1
WINDSOR,1,0,1
WINDYS,1,0,1
WINEDAY,1,0,1
WINEL,1,0,1
WINFORD,1,0,1
WINFRED,1,0,1
WINGUER,1,0,1
WINGUIN,1,0,1
WINI,1,0,1
WINLICIO,1,0,1
WINLO,1,0,1
WINNA,1,0,1
WINNEL,1,0,1
WINNIFELD,1,0,1
WINSEL,1,0,1
WINSEN,1,0,1
WINSTIN,1,0,1
WINTONG,1,0,1
WINTRES,1,0,1
WINWATH,1,0,1
WINZER,1,0,1
WINZOR,1,0,1
WIPINIA,1,0,1
WIRIS,1,0,1
WIRMAN,1,0,1
WIRTON,1,0,1
WISBER,1,0,1
WISBERTO,1,0,1
WISLE,1,0,1
WISLLON,1,0,1
WISMEL,1,0,1
WISMOR,1,0,1
WISTAN,1,0,1
WISTER,1,0,1
WISTHER,1,0,1
WISTO,1,0,1
WITER,1,0,1
WITHCELL,1,0,1
WITHMAN,1,0,1
WITHON,1,0,1
WITMER,1,0,1
WITNY,1,0,1
WITO,1,0,1
WITSELL,1,0,1
WITTINAY,1,0,1
WITTON,1,0,1
WIUL,1,0,1
WIULBERTO,1,0,1
WIULIAN,1,0,1
WIULMERT,1,0,1
WIWAR,1,0,1
WLDAN,1,0,1
WLENDER,1,0,1
WLENDY,1,0,1
WLIAM,1,0,1
WLIZON,1,0,1
WLKIN,1,0,1
WLMER,1,0,1
WLUENDIS,1,0,1
WNDY,1,0,1
WOALDINA,1,0,1
WOANERGES,1,0,1
WODEN,1,0,1
WODSON,1,0,1
WOELEAM,1,0,1
WOELIAN,1,0,1
WOENCESLAO,1,0,1
WOESSI,1,0,1
WOLBIN,1,0,1
WOLCOTT,1,0,1
WOLDA,1,0,1
WOLDEN,1,0,1
WOLDIE,1,0,1
WOLDING,1,0,1
WOLDIS,1,0,1
WOLDY,1,0,1
WOLER,1,0,1
WOLFFANG,1,0,1
WOLFGGANG,1,0,1
WOLFHANZ,1,0,1
WOLFWAN,1,0,1
WOLIMER,1,0,1
WOLVER,1,0,1
WONER,1,0,1
WONERGES,1,0,1
WOO,1,0,1
WOOLMER,1,0,1
WOORLLIN,1,0,1
WOOVER,1,0,1
WORD,1,0,1
WORDMAN,1,0,1
WORDON,1,0,1
WORDY,1,0,1
WORMAN,1,0,1
WORNITA,1,0,1
WOSLE,1,0,1
WOSVIN,1,0,1
WOUDSIN,1,0,1
WOVIMITA,1,0,1
WRELLING,1,0,1
WRENDA,1,0,1
WROSBIN,1,0,1
WRUEYVI,1,0,1
WRUHCE,1,0,1
WUADALBERTO,1,0,1
WUADIN,1,0,1
WUAIT,1,0,1
WUALDA,1,0,1
WUALDER,1,0,1
WUALDETRUDIZ,1,0,1
WUALDIN,1,0,1
WUALDIRA,1,0,1
WUALDITRUDES,1,0,1
WUALDITRUDIS,1,0,1
WUALLTHER,1,0,1
WUALMEN,1,0,1
WUALMER,1,0,1
WUALTELER,1,0,1
WUALTERIO,1,0,1
WUALTHON,1,0,1
WUAMBIURIN,1,0,1
WUANDER,1,0,1
WUANERGES,1,0,1
WUANES,1,0,1
WUATTER,1,0,1
WUBENSESLAO,1,0,1
WUEBELY,1,0,1
WUEDIN,1,0,1
WUELBY,1,0,1
WUELDERMAN,1,0,1
WUELDIN,1,0,1
WUELDY,1,0,1
WUELMIS,1,0,1
WUELQUING,1,0,1
WUENCELADO,1,0,1
WUENCELAO,1,0,1
WUENCIO,1,0,1
WUENDE,1,0,1
WUENDELL,1,0,1
WUENDYS,1,0,1
WUENERGE,1,0,1
WUENLADY,1,0,1
WUENSELAO,1,0,1
WUENSES,1,0,1
WUERNER,1,0,1
WUESLEY,1,0,1
WUESLI,1,0,1
WUESLIE,1,0,1
WUESTER,1,0,1
WUEYBI,1,0,1
WUI,1,0,1
WUIBER,1,0,1
WUIDETT,1,0,1
WUIDIS,1,0,1
WUIDMER,1,0,1
WUIFOR,1,0,1
WUILDAN,1,0,1
WUILDEL,1,0,1
WUILDEN,1,0,1
WUILDREN,1,0,1
WUILDY,1,0,1
WUILFIDA,1,0,1
WUILFREDIS,1,0,1
WUILGER,1,0,1
WUILHEM,1,0,1
WUILIN,1,0,1
WUILION,1,0,1
WUILIS,1,0,1
WUILLAMS,1,0,1
WUILLEAMS,1,0,1
WUILLEAN,1,0,1
WUILLLAMS,1,0,1
WUILMAHIN,1,0,1
WUILMERME,1,0,1
WUILMERRUFINO,1,0,1
WUILO,1,0,1
WUILT,1,0,1
WUILTER,1,0,1
WUILTERE,1,0,1
WUILTOR,1,0,1
WUILVERTO,1,0,1
WUILVON,1,0,1
WUILYS,1,0,1
WUINDA,1,0,1
WUINDEL,1,0,1
WUINDES,1,0,1
WUINDY,1,0,1
WUINSTON,1,0,1
WUIRSON,1,0,1
WUISBERTO,1,0,1
WUISTREMUNDO,1,0,1
WUIVY,1,0,1
WULADIN,1,0,1
WULIAN,1,0,1
WULIM,1,0,1
WULIN,1,0,1
WULLMAN,1,0,1
WUN,1,0,1
WUNTER,1,0,1
WUNTHER,1,0,1
WUOLFRAN,1,0,1
WUSBALDO,1,0,1
WUVALDA,1,0,1
WUVALDO,1,0,1
WUVENSESLAO,1,0,1
WVENCE,1,0,1
WVENIEL,1,0,1
WVENSESLAO,1,0,1
WYLFREDO,1,0,1
WYLLMAN,1,0,1
WYLSON,1,0,1
WYNDHAN,1,0,1
WYNELLE,1,0,1
WYNNA,1,0,1
WYNTON,1,0,1
XACHIL,1,0,1
XANDROS,1,0,1
XARAH,1,0,1
XAREN,1,0,1
XARRIEL,1,0,1
XELENNA,1,0,1
XENI,1,0,1
XENIA ISMELDA,1,0,1
XENIAH,1,0,1
XENNIA,1,0,1
XENOVIA,1,0,1
XEOMARIS,1,0,1
XEX,1,0,1
XEYDI,1,0,1
XEYLA,1,0,1
XIAOXIN,1,0,1
XIAOYU,1,0,1
XICZOMINA,1,0,1
XIDA,1,0,1
XIDIA,1,0,1
XILA,1,0,1
XILAS,1,0,1
XIMARA,1,0,1
XINARA,1,0,1
XINARY,1,0,1
XINNIA,1,0,1
XIO,1,0,1
XIOCHIR,1,0,1
XIODIRA,1,0,1
XIOLA,1,0,1
XIOLY,1,0,1
XIOMARA MARITZA,1,0,1
XIOMARAA,1,0,1
XIOMY,1,0,1
XIONIS,1,0,1
XIONNAH,1,0,1
XIOVANY,1,0,1
XIRLE,1,0,1
XISTA,1,0,1
XITLANIE,1,0,1
XIUKI,1,0,1
XIURY,1,0,1
XIYONG,1,0,1
XOCCHILL,1,0,1
XOCHIEL,1,0,1
XOCHILH,1,0,1
XOCHILHT,1,0,1
XOCHILTD,1,0,1
XOCHILTL,1,0,1
XOCHILTZ,1,0,1
XOCHITT,1,0,1
XOE,1,0,1
XOSCHILT,1,0,1
XOSHILT,1,0,1
XOTCHIL,1,0,1
XUANNY,1,0,1
XUEZHI,1,0,1
XUITA,1,0,1
YA LMY,1,0,1
YABELINA,1,0,1
YACELYN,1,0,1
YACENIE,1,0,1
YACER,1,0,1
YACHIMAN,1,0,1
YACHSON,1,0,1
YACKELEM,1,0,1
YACKIE,1,0,1
YACKLIN,1,0,1
YACOB,1,0,1
YACSANIA,1,0,1
YACSELIN,1,0,1
YACSIRA,1,0,1
YACXON,1,0,1
YADARA,1,0,1
YADBI,1,0,1
YADERIS,1,0,1
YADHIMIR,1,0,1
YADHYRA,1,0,1
YADIANA,1,0,1
YADILEN,1,0,1
YADIRA  MARIA,1,0,1
YADMIR,1,0,1
YADO,1,0,1
YAELA,1,0,1
YAENY,1,0,1
YAERCINIO,1,0,1
YAGENIS,1,0,1
YAGILIA,1,0,1
YAGUILA,1,0,1
YAH,1,0,1
YAHANDRA,1,0,1
YAHANY,1,0,1
YAHARIA,1,0,1
YAHEL CAROLINA,1,0,1
YAHIN,1,0,1
YAICENIA,1,0,1
YAIDY,1,0,1
YAINA,1,0,1
YAINER,1,0,1
YAIQUE,1,0,1
YAIRI,1,0,1
YAIRINA,1,0,1
YAIRO,1,0,1
YAISY,1,0,1
YAIVY,1,0,1
YAJAERA,1,0,1
YAJAIRE,1,0,1
YAKELISX,1,0,1
YAKIE,1,0,1
YAKIKO,1,0,1
YAKILINA,1,0,1
YAKILSA,1,0,1
YAKIS,1,0,1
YAKOR,1,0,1
YAKSI,1,0,1
YALA,1,0,1
YALANI,1,0,1
YALAO,1,0,1
YALDIZ,1,0,1
YALEMIS,1,0,1
YALEXCI,1,0,1
YALEXY,1,0,1
YALIC,1,0,1
YALILIS,1,0,1
YALIRIA,1,0,1
YALIXSA,1,0,1
YALLENA,1,0,1
YALMA,1,0,1
YALMAN,1,0,1
YALMEN,1,0,1
YALVERY,1,0,1
YALVIN,1,0,1
YALYLE,1,0,1
YAMAC,1,0,1
YAMACUERE,1,0,1
YAMADA,1,0,1
YAMADO,1,0,1
YAMAHIRA,1,0,1
YAMALET,1,0,1
YAMAN,1,0,1
YAMARES,1,0,1
YAMBAO,1,0,1
YAMBER,1,0,1
YAMEI,1,0,1
YAMELLI,1,0,1
YAMENIZ,1,0,1
YAMIDAS,1,0,1
YAMIDY,1,0,1
YAMILDE,1,0,1
YAMILENDA,1,0,1
YAMILETH DEL,1,0,1
YAMILETHY,1,0,1
YAMILEZA,1,0,1
YAMILH,1,0,1
YAMILITT,1,0,1
YAMILKA,1,0,1
YAMILSON,1,0,1
YAMILT,1,0,1
YAMIMETH,1,0,1
YAMININA,1,0,1
YAMIOLA,1,0,1
YAMIRES,1,0,1
YAMIVEL,1,0,1
YAMIXA,1,0,1
YAMMY,1,0,1
YAMNORIA,1,0,1
YAMPIEER,1,0,1
YAMYN,1,0,1
YANAILA,1,0,1
YANALEE,1,0,1
YANALES,1,0,1
YANALIX,1,0,1
YANATAN,1,0,1
YANAURIO,1,0,1
YANCARLO,1,0,1
YANCIN,1,0,1
YANCIRA,1,0,1
YANCSY,1,0,1
YANDES,1,0,1
YANDIL,1,0,1
YANDIRY,1,0,1
YANDRA,1,0,1
YANDRI,1,0,1
YANECSI,1,0,1
YANEDYS,1,0,1
YANEIBY,1,0,1
YANELID,1,0,1
YANELIDA,1,0,1
YANERIZ,1,0,1
YANERLIN,1,0,1
YANESSI,1,0,1
YANETY,1,0,1
YANEYRA,1,0,1
YANEYSY,1,0,1
YANICEL,1,0,1
YANICETH,1,0,1
YANIE,1,0,1
YANIELED,1,0,1
YANIGCIA,1,0,1
YANIH,1,0,1
YANIK,1,0,1
YANIMETH,1,0,1
YANINA LETICIA,1,0,1
YANINN,1,0,1
YANIOR,1,0,1
YANIRAS,1,0,1
YANIRTA,1,0,1
YANISAM,1,0,1
YANISSEY,1,0,1
YANISZA,1,0,1
YANIVYS,1,0,1
YANIZHA,1,0,1
YANKE,1,0,1
YANKEL  ANTONIO,1,0,1
YANKLIN,1,0,1
YANKO,1,0,1
YANMAN,1,0,1
YANMAR,1,0,1
YANNER,1,0,1
YANNERIE,1,0,1
YANNETHS,1,0,1
YANNIA,1,0,1
YANNICK,1,0,1
YANNIE,1,0,1
YANNIRA,1,0,1
YANNORI,1,0,1
YANOARIO,1,0,1
YANODIS,1,0,1
YANOI,1,0,1
YANORIY,1,0,1
YANPIER,1,0,1
YANSELINA,1,0,1
YANSON,1,0,1
YANSSE,1,0,1
YANSSI,1,0,1
YANUARE,1,0,1
YANUL,1,0,1
YANYS,1,0,1
YAPETH,1,0,1
YAPING,1,0,1
YAPODE,1,0,1
YAQUELIHN,1,0,1
YAQUELIN DE LA,1,0,1
YAQUELITO,1,0,1
YAQUELYNE,1,0,1
YAQUENIL,1,0,1
YAQUINET,1,0,1
YARAH,1,0,1
YARALETH,1,0,1
YARBIN,1,0,1
YARCELIA,1,0,1
YARCI,1,0,1
YARDLEY,1,0,1
YARE,1,0,1
YAREDI,1,0,1
YAREH,1,0,1
YARELIZ,1,0,1
YARESIS,1,0,1
YARESSY,1,0,1
YAREYH,1,0,1
YARHY,1,0,1
YARIC,1,0,1
YARISMA,1,0,1
YARITSA,1,0,1
YARITXSAN,1,0,1
YARIXAN,1,0,1
YARIXSAN,1,0,1
YARLADINA,1,0,1
YARLELY,1,0,1
YARLEM,1,0,1
YARLENIE,1,0,1
YARLEY,1,0,1
YARLI,1,0,1
YARLING,1,0,1
YARLINI,1,0,1
YARLYN,1,0,1
YARLYZ,1,0,1
YARMAN,1,0,1
YARMELIA,1,0,1
YARMEY,1,0,1
YARMILIA,1,0,1
YARMINA,1,0,1
YARO,1,0,1
YAROLD,1,0,1
YAROS,1,0,1
YARSALINA,1,0,1
YARSELY,1,0,1
YARSIN,1,0,1
YARSON,1,0,1
YARUY,1,0,1
YARVERT,1,0,1
YARVICK,1,0,1
YARVIN,1,0,1
YARVIY,1,0,1
YARZALINA,1,0,1
YASBY,1,0,1
YASCA,1,0,1
YASCENY,1,0,1
YASCER,1,0,1
YASELA,1,0,1
YASELDI,1,0,1
YASELIO,1,0,1
YASENIS,1,0,1
YASENKA,1,0,1
YASERAH,1,0,1
YASET,1,0,1
YASHMINA,1,0,1
YASHUARA,1,0,1
YASI,1,0,1
YASIBE,1,0,1
YASIC,1,0,1
YASICA,1,0,1
YASIKA,1,0,1
YASIMIRA,1,0,1
YASINIA,1,0,1
YASISA,1,0,1
YASKA,1,0,1
YASKARA,1,0,1
YASKARY,1,0,1
YASLYN,1,0,1
YASMANY,1,0,1
YASMEN,1,0,1
YASMENI,1,0,1
YASMERY,1,0,1
YASMI   ALEXI,1,0,1
YASMIDA,1,0,1
YASMILA,1,0,1
YASMIRIA,1,0,1
YASNERY,1,0,1
YASNI,1,0,1
YASNY,1,0,1
YASON,1,0,1
YASPER,1,0,1
YASQUIN,1,0,1
YASSEN,1,0,1
YASSET,1,0,1
YASSICA,1,0,1
YASSING,1,0,1
YASSMI,1,0,1
YASSON,1,0,1
YASTAN,1,0,1
YASTIN,1,0,1
YASUNARI,1,0,1
YASUNARY,1,0,1
YASVI,1,0,1
YASVY,1,0,1
YASY,1,0,1
YATCENIA,1,0,1
YATELINA,1,0,1
YATICA,1,0,1
YATLE,1,0,1
YATSENY,1,0,1
YATZBY,1,0,1
YAUDALINA,1,0,1
YAUDIE,1,0,1
YAUDIS,1,0,1
YAUDYS,1,0,1
YAUN,1,0,1
YAVHE,1,0,1
YAX,1,0,1
YAXA,1,0,1
YAXENA,1,0,1
YAXSON,1,0,1
YAY,1,0,1
YAYCLAINER,1,0,1
YAYDIRA,1,0,1
YAYKLY,1,0,1
YAYMARA,1,0,1
YAYNY,1,0,1
YAZARY,1,0,1
YAZENIA,1,0,1
YBALDINA,1,0,1
YBANIA,1,0,1
YBIN,1,0,1
YBLIN,1,0,1
YD,1,0,1
YDALMI,1,0,1
YDALYD,1,0,1
YDELFONSO,1,0,1
YDELSY,1,0,1
YDELVERTO,1,0,1
YDES,1,0,1
YDETH,1,0,1
YDUVINA,1,0,1
YE,1,0,1
YEAN,1,0,1
YEANETET,1,0,1
YEANNA,1,0,1
YEANNY,1,0,1
YEARL,1,0,1
YEBI,1,0,1
YEBRY,1,0,1
YEC,1,0,1
YECCI,1,0,1
YECCY,1,0,1
YECDY,1,0,1
YECEËA,1,0,1
YECEISKY,1,0,1
YECELICA,1,0,1
YECELIN,1,0,1
YECIN,1,0,1
YECIS,1,0,1
YECSEN,1,0,1
YECSENIA DEL,1,0,1
YECTA,1,0,1
YECXI,1,0,1
YECXY,1,0,1
YEDARI,1,0,1
YEDERMAN,1,0,1
YEDID,1,0,1
YEDIEL,1,0,1
YEDKA,1,0,1
YEDRI,1,0,1
YEECH,1,0,1
YEENNIISSEELL,1,0,1
YEENY,1,0,1
YEERVIS,1,0,1
YEESICA,1,0,1
YEEYNE,1,0,1
YEFAT,1,0,1
YEFER,1,0,1
YEFFERY,1,0,1
YEFFRIE,1,0,1
YEFFRIN,1,0,1
YEFI,1,0,1
YEFREL,1,0,1
YEFRIS,1,0,1
YEFRIZ,1,0,1
YEGMI,1,0,1
YEGNI,1,0,1
YEGRIN,1,0,1
YEGSON,1,0,1
YEHELIN,1,0,1
YEHIMI,1,0,1
YEHINI,1,0,1
YEHSICA,1,0,1
YEHUDI,1,0,1
YEHYVI,1,0,1
YEIBI,1,0,1
YEIBIAN,1,0,1
YEIBIN,1,0,1
YEIBYN,1,0,1
YEICY,1,0,1
YEIDDY,1,0,1
YEIDI,1,0,1
YEILIN,1,0,1
YEILY,1,0,1
YEIN,1,0,1
YEINES,1,0,1
YEINGS,1,0,1
YEINMY,1,0,1
YEINNI,1,0,1
YEINOR,1,0,1
YEISA,1,0,1
YEISI,1,0,1
YEISIL,1,0,1
YEISIS,1,0,1
YEISMY,1,0,1
YEIVI,1,0,1
YEJHEILA,1,0,1
YEKY,1,0,1
YELA,1,0,1
YELBY,1,0,1
YELCI,1,0,1
YELCIN,1,0,1
YELDA,1,0,1
YELDIN,1,0,1
YELDY,1,0,1
YELENNY,1,0,1
YELESICA,1,0,1
YELFRY,1,0,1
YELICA,1,0,1
YELIS,1,0,1
YELKI,1,0,1
YELLENER,1,0,1
YELLIN,1,0,1
YELLSO,1,0,1
YELLSY,1,0,1
YELMER,1,0,1
YELMIS,1,0,1
YELMY,1,0,1
YELSSI,1,0,1
YELSSON,1,0,1
YELTHON,1,0,1
YELVANIA,1,0,1
YELVIZ,1,0,1
YELY,1,0,1
YELZI,1,0,1
YELZIN,1,0,1
YEMER,1,0,1
YEMILEY,1,0,1
YEMIMA,1,0,1
YEMINYEN,1,0,1
YEMIR,1,0,1
YEMITH,1,0,1
YEMMI,1,0,1
YEMNEA,1,0,1
YEMNI,1,0,1
YEMYFER,1,0,1
YENA,1,0,1
YENALICES,1,0,1
YENCE,1,0,1
YENCIN,1,0,1
YENCIO,1,0,1
YENDLI,1,0,1
YENDRIS,1,0,1
YENELIY,1,0,1
YENERIG,1,0,1
YENEVITH,1,0,1
YENEY,1,0,1
YENGENIS,1,0,1
YENGSON,1,0,1
YENI JOSEFA,1,0,1
YENIAS,1,0,1
YENIBESY,1,0,1
YENIEL,1,0,1
YENIH,1,0,1
YENII,1,0,1
YENINA,1,0,1
YENIRA,1,0,1
YENIRE,1,0,1
YENISS,1,0,1
YENISSA,1,0,1
YENNE,1,0,1
YENNIER,1,0,1
YENNYFER,1,0,1
YENNYTH,1,0,1
YENOVI,1,0,1
YENPSIN,1,0,1
YENQUI,1,0,1
YENSEEN,1,0,1
YENSSEN,1,0,1
YENSYS,1,0,1
YENTRI,1,0,1
YENY    NOEMI,1,0,1
YENYFEER,1,0,1
YENYFER,1,0,1
YENZEN,1,0,1
YEOBAN,1,0,1
YEOBANIO,1,0,1
YEOJANY,1,0,1
YEPHOR,1,0,1
YEPSI,1,0,1
YERALL,1,0,1
YERBI,1,0,1
YERCO,1,0,1
YERDIN,1,0,1
YERDITH,1,0,1
YERFRIN,1,0,1
YERGENIS,1,0,1
YERGUS,1,0,1
YERHYNG,1,0,1
YERIC,1,0,1
YERICK,1,0,1
YERIKS,1,0,1
YERITH,1,0,1
YERITT,1,0,1
YERITZON,1,0,1
YERIX,1,0,1
YERIXA,1,0,1
YERLEE,1,0,1
YERLET,1,0,1
YERLIES,1,0,1
YERLINN,1,0,1
YERLITH,1,0,1
YERME,1,0,1
YERMELIEN,1,0,1
YERMES,1,0,1
YERMILAI,1,0,1
YERMISS,1,0,1
YERNY,1,0,1
YERRILEE,1,0,1
YERSA,1,0,1
YERSICA,1,0,1
YERSIKA,1,0,1
YERSIN,1,0,1
YERSITO,1,0,1
YERSO,1,0,1
YERTRUDIS,1,0,1
YERTY,1,0,1
YERVIN DE JESUS,1,0,1
YERVIS,1,0,1
YERWING,1,0,1
YERWISH,1,0,1
YERYN,1,0,1
YERZON,1,0,1
YESA,1,0,1
YESAN,1,0,1
YESBIS,1,0,1
YESBY,1,0,1
YESCICA,1,0,1
YESCIES,1,0,1
YESCINIA,1,0,1
YESECA,1,0,1
YESEE ALANA,1,0,1
YESEIRA,1,0,1
YESELENIA,1,0,1
YESELIN,1,0,1
YESELIS,1,0,1
YESELMY,1,0,1
YESENEA,1,0,1
YESFRI,1,0,1
YESFRY,1,0,1
YESICCA,1,0,1
YESICKA,1,0,1
YESIHCA,1,0,1
YESIHI,1,0,1
YESILEEN,1,0,1
YESIMBEL,1,0,1
YESIRA,1,0,1
YESIRETH,1,0,1
YESISCA,1,0,1
YESKIN,1,0,1
YESKY,1,0,1
YESLER,1,0,1
YESLING,1,0,1
YESLYBETH,1,0,1
YESMERI,1,0,1
YESMILA,1,0,1
YESMINE,1,0,1
YESMINEE,1,0,1
YESMIS,1,0,1
YESNA,1,0,1
YESS,1,0,1
YESSENIA DEL,1,0,1
YESSENIEY,1,0,1
YESSENNIA,1,0,1
YESSEY,1,0,1
YESSIA,1,0,1
YESSICKA,1,0,1
YESSU,1,0,1
YESSYKA,1,0,1
YESTEL,1,0,1
YESTY,1,0,1
YESUANA,1,0,1
YESVINIA,1,0,1
YESYRE,1,0,1
YESYS,1,0,1
YETCY,1,0,1
YETSERI,1,0,1
YETSY,1,0,1
YETTE,1,0,1
YETTY,1,0,1
YEUDY,1,0,1
YEUGENY,1,0,1
YEUSENIA,1,0,1
YEVI,1,0,1
YEVIS,1,0,1
YEXARY,1,0,1
YEXELINIA,1,0,1
YEXIKA,1,0,1
YEXMI,1,0,1
YEXSENIS,1,0,1
YEXSY,1,0,1
YEYBI,1,0,1
YEYCI,1,0,1
YEYDIN,1,0,1
YEYGIN,1,0,1
YEYLI,1,0,1
YEYLO,1,0,1
YEYNE,1,0,1
YEYNIS,1,0,1
YEYOLA,1,0,1
YEYSI,1,0,1
YEYSY,1,0,1
YEYZZI,1,0,1
YEZENNIA,1,0,1
YEZIL,1,0,1
YEZIN,1,0,1
YEZIRAH,1,0,1
YEZITH,1,0,1
YFRAIN,1,0,1
YGINIO,1,0,1
YHADIRA,1,0,1
YHAIQUI,1,0,1
YHANINA,1,0,1
YHARI,1,0,1
YHARY,1,0,1
YHECIKA,1,0,1
YHECSON,1,0,1
YHEGNY,1,0,1
YHELENIA,1,0,1
YHENY,1,0,1
YHERLIN,1,0,1
YHERSON,1,0,1
YHESENIA,1,0,1
YHESICA,1,0,1
YHESIKA,1,0,1
YHESMIN,1,0,1
YHEZZI,1,0,1
YHIANNAH,1,0,1
YHICEL,1,0,1
YHIMEH,1,0,1
YHIMY,1,0,1
YHOALMO,1,0,1
YHONDER,1,0,1
YHOSSARA,1,0,1
YHULI,1,0,1
YHUNEA,1,0,1
YIBIN,1,0,1
YIBINSON,1,0,1
YICSY,1,0,1
YIDAH,1,0,1
YIDDA,1,0,1
YIDDY,1,0,1
YIDIAN,1,0,1
YIDIER,1,0,1
YIDIN,1,0,1
YIDING,1,0,1
YIDMER,1,0,1
YIDY,1,0,1
YIENI,1,0,1
YIGMEN,1,0,1
YIGMER,1,0,1
YIGNA,1,0,1
YIGUEILI,1,0,1
YILBERTO,1,0,1
YILDER,1,0,1
YILDES,1,0,1
YILDYS,1,0,1
YILE,1,0,1
YILEAN,1,0,1
YILEK,1,0,1
YILENIA,1,0,1
YILL,1,0,1
YILLA,1,0,1
YILMEN,1,0,1
YILSA,1,0,1
YILTON,1,0,1
YILVALDO,1,0,1
YIMA,1,0,1
YIMARI,1,0,1
YIMIAN,1,0,1
YIMIEN,1,0,1
YIMIOR,1,0,1
YIMIR,1,0,1
YIMISON,1,0,1
YIMIT,1,0,1
YIMNY,1,0,1
YINALY,1,0,1
YINDA,1,0,1
YINEA,1,0,1
YINED,1,0,1
YINEL,1,0,1
YINELH,1,0,1
YINESI,1,0,1
YINET,1,0,1
YINGJIE,1,0,1
YINGREIN,1,0,1
YINIAIDA,1,0,1
YINIAN,1,0,1
YINIOR,1,0,1
YINME,1,0,1
YINMIS,1,0,1
YINUHIR,1,0,1
YINYER,1,0,1
YINYS,1,0,1
YIORGINA,1,0,1
YIORLENE,1,0,1
YIORYI,1,0,1
YIPSI,1,0,1
YIPSY,1,0,1
YIREH,1,0,1
YIRIAN,1,0,1
YIRIS,1,0,1
YIRLAN,1,0,1
YIRLI,1,0,1
YIRMILIN,1,0,1
YIRNIS,1,0,1
YIRY,1,0,1
YISBIN,1,0,1
YISCELA,1,0,1
YISE,1,0,1
YISEEL,1,0,1
YISIR,1,0,1
YISIRIA,1,0,1
YISREL,1,0,1
YISSELLY,1,0,1
YISSENIA,1,0,1
YISSIL,1,0,1
YITI,1,0,1
YITMY,1,0,1
YITSER,1,0,1
YITZHAR,1,0,1
YIVEN,1,0,1
YIXAN,1,0,1
YIXECELA,1,0,1
YIXSAN,1,0,1
YIXSI,1,0,1
YIXSY,1,0,1
YIXY,1,0,1
YIZAK,1,0,1
YIZREEL,1,0,1
YLARIA,1,0,1
YLASKA,1,0,1
YLBER,1,0,1
YLDEFONSA,1,0,1
YLDIFONSO,1,0,1
YLEALDO,1,0,1
YLENDY,1,0,1
YLIHC,1,0,1
YLIND,1,0,1
YLMAN,1,0,1
YLONIA,1,0,1
YLSE,1,0,1
YLSER,1,0,1
YLULY,1,0,1
YMA,1,0,1
YMAR,1,0,1
YMBER,1,0,1
YMELEXES,1,0,1
YMMER,1,0,1
YMPLICITA,1,0,1
YNDIA,1,0,1
YNDITH,1,0,1
YNGINIO,1,0,1
YNMER,1,0,1
YNOSENTE,1,0,1
YO HON,1,0,1
YOAANA,1,0,1
YOALINA,1,0,1
YOALMY,1,0,1
YOALNDA,1,0,1
YOALNO,1,0,1
YOAMI,1,0,1
YOANELJI,1,0,1
YOANNIE,1,0,1
YOAO,1,0,1
YOAS,1,0,1
YOAURA,1,0,1
YOBANNA,1,0,1
YOBEIDA,1,0,1
YOBER,1,0,1
YOBERTH,1,0,1
YOBIN,1,0,1
YOBON,1,0,1
YOCELE,1,0,1
YOCER,1,0,1
YOCES,1,0,1
YOCHANA,1,0,1
YOCY,1,0,1
YODALA,1,0,1
YODALITO,1,0,1
YODELINA,1,0,1
YODEN,1,0,1
YODI,1,0,1
YODIÑA,1,0,1
YODIANA,1,0,1
YODIE,1,0,1
YODIMIRA,1,0,1
YODIS,1,0,1
YODSEPH,1,0,1
YOEIS,1,0,1
YOELSO,1,0,1
YOER,1,0,1
YOESTAN,1,0,1
YOFER,1,0,1
YOFINES,1,0,1
YOGANA,1,0,1
YOGANIS,1,0,1
YOGARSI,1,0,1
YOGELIA,1,0,1
YOGEYDA,1,0,1
YOGLONI,1,0,1
YOGSARA,1,0,1
YOGUIN,1,0,1
YOHALIS,1,0,1
YOHAMA,1,0,1
YOHAMNA,1,0,1
YOHAMY,1,0,1
YOHANDA,1,0,1
YOHANINA,1,0,1
YOHELIET,1,0,1
YOHEMI,1,0,1
YOHESLENI,1,0,1
YOHET,1,0,1
YOHNI,1,0,1
YOHNNI,1,0,1
YOHOJANY,1,0,1
YOHONNY,1,0,1
YOHORDANA,1,0,1
YOICHI,1,0,1
YOICILA,1,0,1
YOIDA,1,0,1
YOINER,1,0,1
YOINNER,1,0,1
YOISI,1,0,1
YOISIN,1,0,1
YOJADA,1,0,1
YOJANDA,1,0,1
YOJANINA,1,0,1
YOJARIA,1,0,1
YOJARMA,1,0,1
YOJAYDA,1,0,1
YOJENES,1,0,1
YOJOA,1,0,1
YOK,1,0,1
YOKIR,1,0,1
YOKLIM,1,0,1
YOKO,1,0,1
YOLA,1,0,1
YOLAINITA,1,0,1
YOLAMNI,1,0,1
YOLANDA DE JESU,1,0,1
YOLANDA ISOLINA,1,0,1
YOLANDELE,1,0,1
YOLANIN,1,0,1
YOLANLY,1,0,1
YOLAYDA,1,0,1
YOLECNI,1,0,1
YOLEMIS,1,0,1
YOLEN,1,0,1
YOLENE,1,0,1
YOLIBEETH,1,0,1
YOLIBEG,1,0,1
YOLIDANY,1,0,1
YOLIDETH,1,0,1
YOLIDIA,1,0,1
YOLINQUEN,1,0,1
YOLISA,1,0,1
YOLIVI,1,0,1
YOLIX,1,0,1
YOLIZMA,1,0,1
YOLJANA,1,0,1
YOLMER  ONAN,1,0,1
YOLMIA,1,0,1
YOLNA,1,0,1
YOLNDA,1,0,1
YOLOTLI,1,0,1
YOLVIS,1,0,1
YOMADIS,1,0,1
YOMAIRA,1,0,1
YOMALINDA,1,0,1
YOMANDA,1,0,1
YOME,1,0,1
YOMELO,1,0,1
YOMI,1,0,1
YOMIN,1,0,1
YOMINI,1,0,1
YOMIRA,1,0,1
YOMNIS,1,0,1
YOMPOL,1,0,1
YONAILA,1,0,1
YONAISA,1,0,1
YONAISE,1,0,1
YONALD,1,0,1
YONALIXS,1,0,1
YONAMIS,1,0,1
YONARDA,1,0,1
YONARIE,1,0,1
YONASAN,1,0,1
YONEIDY,1,0,1
YONELINA,1,0,1
YONELL,1,0,1
YONERT,1,0,1
YONESY,1,0,1
YONG  FA,1,0,1
YONGRI,1,0,1
YONGUE,1,0,1
YONHNY,1,0,1
YONIAN,1,0,1
YONIC,1,0,1
YONICO,1,0,1
YONIDES,1,0,1
YONIES,1,0,1
YONIFRANCISCO,1,0,1
YONIOR,1,0,1
YONIP,1,0,1
YONIPSON,1,0,1
YONISELDA,1,0,1
YONITH,1,0,1
YONNES,1,0,1
YONOF,1,0,1
YONOP,1,0,1
YONS,1,0,1
YONSUL,1,0,1
YONSUM,1,0,1
YONTINA,1,0,1
YONYL,1,0,1
YONYN,1,0,1
YOQUIN,1,0,1
YORA,1,0,1
YORALDINA,1,0,1
YORANDIR,1,0,1
YORASMA,1,0,1
YORBALINA,1,0,1
YORBIS,1,0,1
YORBIY,1,0,1
YORBY,1,0,1
YORCHI,1,0,1
YORDA,1,0,1
YORDIANA,1,0,1
YOREA,1,0,1
YOREL,1,0,1
YORELEN,1,0,1
YORGE,1,0,1
YORGEN,1,0,1
YORGETT,1,0,1
YORGI,1,0,1
YORGIA,1,0,1
YORGIN,1,0,1
YORGO,1,0,1
YORGOS,1,0,1
YORHGI,1,0,1
YORHLIN,1,0,1
YORIANA,1,0,1
YORINTIN,1,0,1
YORIO,1,0,1
YORITZA,1,0,1
YORIVEL,1,0,1
YORJANES,1,0,1
YORJINA,1,0,1
YORKOS,1,0,1
YORLANDA,1,0,1
YORLEN,1,0,1
YORLENNE,1,0,1
YORLENYZ,1,0,1
YORLESLY,1,0,1
YORLIN   MAHALY,1,0,1
YORLINA,1,0,1
YORLING,1,0,1
YORLIS,1,0,1
YORLLEVE,1,0,1
YORMAN,1,0,1
YORMELY,1,0,1
YORMILITA,1,0,1
YORMINA,1,0,1
YORNA,1,0,1
YORNE,1,0,1
YORNELI,1,0,1
YORNITA,1,0,1
YORQUIN,1,0,1
YORSI,1,0,1
YORSY,1,0,1
YORTHY,1,0,1
YORVA,1,0,1
YORVI,1,0,1
YORVY,1,0,1
YORY,1,0,1
YORYE,1,0,1
YORYILI,1,0,1
YORYIN,1,0,1
YOSAIDA,1,0,1
YOSAIS,1,0,1
YOSBI,1,0,1
YOSEC,1,0,1
YOSEDI,1,0,1
YOSEINA,1,0,1
YOSELYNE,1,0,1
YOSENES,1,0,1
YOSERA,1,0,1
YOSERLINDA,1,0,1
YOSHARI,1,0,1
YOSHUA,1,0,1
YOSIF,1,0,1
YOSILES,1,0,1
YOSIN,1,0,1
YOSKA,1,0,1
YOSLENYS,1,0,1
YOSLYN,1,0,1
YOSMANY,1,0,1
YOSMI,1,0,1
YOSMY,1,0,1
YOSNAN,1,0,1
YOSOMBY,1,0,1
YOSSEN,1,0,1
YOSSIL,1,0,1
YOSSIN,1,0,1
YOSSIO,1,0,1
YOSSIRA,1,0,1
YOSSLIN,1,0,1
YOSSMIRA,1,0,1
YOSTELETH,1,0,1
YOSTENETH,1,0,1
YOSTIN,1,0,1
YOSUNY,1,0,1
YOUGER,1,0,1
YOUIS,1,0,1
YOUNG,1,0,1
YOUNTHER,1,0,1
YOURGIN,1,0,1
YOURI,1,0,1
YOURLENY,1,0,1
YOUSETH,1,0,1
YOUSSEF,1,0,1
YOUTHLY,1,0,1
YOUZ HONG,1,0,1
YOVAZKY,1,0,1
YOVCANIN,1,0,1
YOVELIS,1,0,1
YOVER,1,0,1
YOVERY,1,0,1
YOVIDES,1,0,1
YOVINNY,1,0,1
YOVITO,1,0,1
YOWID,1,0,1
YOXABEL,1,0,1
YOXCHANAN,1,0,1
YOXCIRA,1,0,1
YOXELY,1,0,1
YOXER,1,0,1
YOXIRIA,1,0,1
YOXON,1,0,1
YOYCE,1,0,1
YOYCELIN,1,0,1
YOYCELYN,1,0,1
YOYCI,1,0,1
YOYNER,1,0,1
YOYSELIN,1,0,1
YOYSI,1,0,1
YOYTE,1,0,1
YOZZYZ,1,0,1
YPOLITO,1,0,1
YRAEL,1,0,1
YRAN,1,0,1
YRENEO,1,0,1
YRINA,1,0,1
YRINEO,1,0,1
YSA,1,0,1
YSAC,1,0,1
YSAHIAS,1,0,1
YSAIAS DE JESUS,1,0,1
YSER,1,0,1
YSIEL,1,0,1
YSILIA,1,0,1
YSIMY,1,0,1
YSMARI,1,0,1
YSRRAEL,1,0,1
YTSA,1,0,1
YUANA,1,0,1
YUANDI,1,0,1
YUBE,1,0,1
YUBEN,1,0,1
YUBENIS,1,0,1
YUBENLINA,1,0,1
YUBERTALINA,1,0,1
YUBIOSA,1,0,1
YUCAP,1,0,1
YUDAL,1,0,1
YUDALEA,1,0,1
YUDAS,1,0,1
YUDECKS,1,0,1
YUDEFF,1,0,1
YUDELIN,1,0,1
YUDHY,1,0,1
YUDIALI,1,0,1
YUDILINA,1,0,1
YUDIRIA,1,0,1
YUDITT,1,0,1
YUDLEE,1,0,1
YUDS,1,0,1
YUEL,1,0,1
YUESY,1,0,1
YUGDINA,1,0,1
YUGER,1,0,1
YUGLES,1,0,1
YUGUANE,1,0,1
YUGUANIS,1,0,1
YUGUER,1,0,1
YUHER,1,0,1
YUILAN,1,0,1
YUILIANG,1,0,1
YUIMIS,1,0,1
YUISTAN,1,0,1
YUJANA,1,0,1
YUJANIS,1,0,1
YUK,1,0,1
YULADIR,1,0,1
YULAPER,1,0,1
YULESIA,1,0,1
YULIAM,1,0,1
YULIAMS,1,0,1
YULIANY,1,0,1
YULIBA,1,0,1
YULICES,1,0,1
YULIEZA,1,0,1
YULIL,1,0,1
YULINS,1,0,1
YULIO,1,0,1
YULISER,1,0,1
YULISKA,1,0,1
YULISY,1,0,1
YULIUS,1,0,1
YULMAN,1,0,1
YULMEN,1,0,1
YULNA,1,0,1
YULNIS,1,0,1
YULVIA,1,0,1
YULZIN,1,0,1
YUMAEL,1,0,1
YUMAISA,1,0,1
YUMASTA,1,0,1
YUMENIS,1,0,1
YUMI,1,0,1
YUMIBETH,1,0,1
YUMIER,1,0,1
YUMINDA,1,0,1
YUNAL,1,0,1
YUNANDIR,1,0,1
YUNARI,1,0,1
YUNATA,1,0,1
YUNDRINA,1,0,1
YUNDY,1,0,1
YUNGER,1,0,1
YUNGRID,1,0,1
YUNGUI,1,0,1
YUNIBA,1,0,1
YUNICE,1,0,1
YUNID,1,0,1
YUNIEL,1,0,1
YUNIK,1,0,1
YUNIL,1,0,1
YUNILITA,1,0,1
YUNIOS,1,0,1
YUNIR,1,0,1
YUNIRY,1,0,1
YUNIVOR,1,0,1
YUNNIOR,1,0,1
YUNSY,1,0,1
YUNUEM,1,0,1
YUNUS,1,0,1
YUNYC,1,0,1
YUNYOR,1,0,1
YURAHIMA,1,0,1
YURAINI,1,0,1
YURAN,1,0,1
YURANA,1,0,1
YURARDIR,1,0,1
YURAYMA,1,0,1
YURAYNA,1,0,1
YURBI,1,0,1
YURBILINA,1,0,1
YURBIN,1,0,1
YURDY,1,0,1
YURE,1,0,1
YURENA,1,0,1
YURGIN,1,0,1
YURGUEN,1,0,1
YURGUIN,1,0,1
YURI ALBERTO DE,1,0,1
YURIY,1,0,1
YURIZH,1,0,1
YURJIA,1,0,1
YURLENI,1,0,1
YURLENY,1,0,1
YURMES,1,0,1
YURNES,1,0,1
YURNI,1,0,1
YURYE,1,0,1
YURYEN,1,0,1
YURYS,1,0,1
YUSAILA,1,0,1
YUSAINA,1,0,1
YUSELY,1,0,1
YUSHSARA,1,0,1
YUSHUI,1,0,1
YUSIRI,1,0,1
YUSLI,1,0,1
YUSLIAN,1,0,1
YUSLIM,1,0,1
YUSMY,1,0,1
YUSMYN,1,0,1
YUSSON,1,0,1
YUSSY,1,0,1
YUTEN,1,0,1
YUTH,1,0,1
YUTILDA,1,0,1
YUTILIA,1,0,1
YUVANA,1,0,1
YUVANIZ,1,0,1
YUVELI,1,0,1
YUVIA,1,0,1
YUVINYG,1,0,1
YUWAL,1,0,1
YUXON,1,0,1
YUYA,1,0,1
YUZET,1,0,1
YVELICE,1,0,1
YVEN,1,0,1
YVER,1,0,1
YVES,1,0,1
YVIPS,1,0,1
YVONA,1,0,1
YXON,1,0,1
YYIMY,1,0,1
YYMY,1,0,1
YYNER,1,0,1
ZAADICK,1,0,1
ZABATA,1,0,1
ZABBIELTEL,1,0,1
ZABINO,1,0,1
ZACAIRA,1,0,1
ZACARIAZ,1,0,1
ZACHUR,1,0,1
ZACKS,1,0,1
ZADDIN,1,0,1
ZADIKE,1,0,1
ZADIL,1,0,1
ZADRI,1,0,1
ZAHARI,1,0,1
ZAHDIA,1,0,1
ZAHRA,1,0,1
ZAIDA ELISABETT,1,0,1
ZAIDE,1,0,1
ZAIDI,1,0,1
ZAILA,1,0,1
ZAILE,1,0,1
ZAILY,1,0,1
ZAIMA,1,0,1
ZAINE,1,0,1
ZAIRE,1,0,1
ZAIRIS,1,0,1
ZAKHARIA,1,0,1
ZALIA,1,0,1
ZALIN,1,0,1
ZALINAS,1,0,1
ZALMAY,1,0,1
ZALUTINA,1,0,1
ZAMARY,1,0,1
ZAMBRANO,1,0,1
ZAMI,1,0,1
ZAMIT,1,0,1
ZAMIZA,1,0,1
ZAMMA,1,0,1
ZAMMI,1,0,1
ZAMNA,1,0,1
ZANA,1,0,1
ZANDRAMARITZA,1,0,1
ZANDY,1,0,1
ZANETA,1,0,1
ZANETH,1,0,1
ZANIAH,1,0,1
ZANINA,1,0,1
ZANKIA,1,0,1
ZANNA,1,0,1
ZANY,1,0,1
ZAOOAD,1,0,1
ZAREL,1,0,1
ZARELA,1,0,1
ZARIO,1,0,1
ZARITMA,1,0,1
ZARIXA,1,0,1
ZARVIA,1,0,1
ZARY,1,0,1
ZARYA,1,0,1
ZASKYA,1,0,1
ZATHYA,1,0,1
ZATTA,1,0,1
ZAULO,1,0,1
ZAWDI,1,0,1
ZAYDE,1,0,1
ZAYDI,1,0,1
ZAYLI,1,0,1
ZAYLIN,1,0,1
ZE,1,0,1
ZEANUS,1,0,1
ZEBBIE,1,0,1
ZECARLOS,1,0,1
ZEDA,1,0,1
ZEDAN,1,0,1
ZEDUA,1,0,1
ZEETT,1,0,1
ZEHIDA,1,0,1
ZEHIN,1,0,1
ZEHYDA,1,0,1
ZEIDDY,1,0,1
ZEIDE,1,0,1
ZEILIN,1,0,1
ZEINA,1,0,1
ZEINI,1,0,1
ZELAIDA,1,0,1
ZELALENE,1,0,1
ZELAYAJOSE,1,0,1
ZELDINA,1,0,1
ZELEDONIO,1,0,1
ZELER,1,0,1
ZELETE,1,0,1
ZELFPRA,1,0,1
ZELI,1,0,1
ZELINE,1,0,1
ZELINY,1,0,1
ZELIO,1,0,1
ZELMI,1,0,1
ZELMY,1,0,1
ZELON,1,0,1
ZELONG,1,0,1
ZELORENE,1,0,1
ZELPHRA,1,0,1
ZELSO,1,0,1
ZELUBA,1,0,1
ZELWA,1,0,1
ZELY,1,0,1
ZELZA,1,0,1
ZEMAIAS,1,0,1
ZEMMORY,1,0,1
ZEMREY,1,0,1
ZENA,1,0,1
ZENADIA,1,0,1
ZENAN,1,0,1
ZENDI,1,0,1
ZENETTE,1,0,1
ZENFORD,1,0,1
ZENI,1,0,1
ZENIDA,1,0,1
ZENIS,1,0,1
ZENMI,1,0,1
ZENYN,1,0,1
ZEPTA,1,0,1
ZERAPIA,1,0,1
ZERDEL,1,0,1
ZERLIN,1,0,1
ZERVIN,1,0,1
ZETHRO,1,0,1
ZETILE,1,0,1
ZETY,1,0,1
ZEUDY,1,0,1
ZEUSS,1,0,1
ZEUXIS,1,0,1
ZEVERINA,1,0,1
ZEWKI,1,0,1
ZEYLI,1,0,1
ZEYLY,1,0,1
ZHABY,1,0,1
ZHE,1,0,1
ZHEIDA,1,0,1
ZHENG,1,0,1
ZHENIA,1,0,1
ZHIGUANG,1,0,1
ZHIVARO,1,0,1
ZHULMA,1,0,1
ZHUO,1,0,1
ZIANNY,1,0,1
ZIBIA,1,0,1
ZIBIAN,1,0,1
ZICIE,1,0,1
ZIF,1,0,1
ZIICRI,1,0,1
ZIJAN,1,0,1
ZILAS,1,0,1
ZILCA,1,0,1
ZILDYAN,1,0,1
ZILIANG,1,0,1
ZILKA,1,0,1
ZILLA,1,0,1
ZILNYE,1,0,1
ZILOS,1,0,1
ZILVIA,1,0,1
ZIMIRRY,1,0,1
ZIMNIA,1,0,1
ZINAI,1,0,1
ZINAIDA,1,0,1
ZINDIA,1,0,1
ZINECIA,1,0,1
ZINRI,1,0,1
ZINRY,1,0,1
ZINYA,1,0,1
ZIOLA,1,0,1
ZIPIO,1,0,1
ZIRA,1,0,1
ZIRCE,1,0,1
ZIRJAN,1,0,1
ZIRKZI,1,0,1
ZIRLE,1,0,1
ZIRLEN,1,0,1
ZIRZI,1,0,1
ZISIE,1,0,1
ZITALINA,1,0,1
ZITELLA,1,0,1
ZIUKY,1,0,1
ZIVIA,1,0,1
ZIZE,1,0,1
ZIZIE,1,0,1
ZOARY,1,0,1
ZOBEYDY,1,0,1
ZOCKATESS,1,0,1
ZODGUIE,1,0,1
ZODIA,1,0,1
ZODY,1,0,1
ZOEIDA,1,0,1
ZOFFY,1,0,1
ZOGEHILA,1,0,1
ZOGEYLA,1,0,1
ZOHARA,1,0,1
ZOHARY,1,0,1
ZOHENIA,1,0,1
ZOHEYLA,1,0,1
ZOIDY,1,0,1
ZOILA  EMERITA,1,0,1
ZOILA ANTONIA,1,0,1
ZOILA DE JESUS,1,0,1
ZOILA MARGARITA,1,0,1
ZOILA MARIA,1,0,1
ZOILE,1,0,1
ZOILINA,1,0,1
ZOITA,1,0,1
ZOJEL,1,0,1
ZOL,1,0,1
ZOLAYDA,1,0,1
ZOLEIMA,1,0,1
ZOLI,1,0,1
ZOLLIANNE,1,0,1
ZOLTAN,1,0,1
ZOLY,1,0,1
ZOMAR,1,0,1
ZOMARIA,1,0,1
ZOMELYA,1,0,1
ZONAIDA,1,0,1
ZONAYDA,1,0,1
ZONILIA,1,0,1
ZONIZ,1,0,1
ZONNIA,1,0,1
ZONNY,1,0,1
ZONYA,1,0,1
ZOOCHIL,1,0,1
ZOORBEN,1,0,1
ZORAIDE,1,0,1
ZORI,1,0,1
ZORIA,1,0,1
ZORIDA,1,0,1
ZORIS,1,0,1
ZOROBAVEL,1,0,1
ZORY,1,0,1
ZOSELIA,1,0,1
ZOTICO,1,0,1
ZOTLICALT,1,0,1
ZOYZENE,1,0,1
ZOZIMO,1,0,1
ZRTA,1,0,1
ZU YUE,1,0,1
ZUAD,1,0,1
ZUAMY,1,0,1
ZUANNY,1,0,1
ZUARIC,1,0,1
ZUATTY,1,0,1
ZUBRITA,1,0,1
ZUECIA,1,0,1
ZUELLEN,1,0,1
ZUELMI,1,0,1
ZUELMY,1,0,1
ZUETTA,1,0,1
ZUGELEN,1,0,1
ZUGEYDA,1,0,1
ZUGUELY,1,0,1
ZUHEIL,1,0,1
ZUHITA,1,0,1
ZULA,1,0,1
ZULAI,1,0,1
ZULAID,1,0,1
ZULAMY,1,0,1
ZULEIRA,1,0,1
ZULELEM,1,0,1
ZULEMEA,1,0,1
ZULITA,1,0,1
ZULMAH,1,0,1
ZULME,1,0,1
ZUNIGAMARLON,1,0,1
ZUNIS,1,0,1
ZURE,1,0,1
ZUREA,1,0,1
ZURISADAY,1,0,1
ZURISMA,1,0,1
ZUSI,1,0,1
ZUSSY,1,0,1
ZUZANNE,1,0,1
ZUZETTE,1,0,1
ZUZY,1,0,1
ZWANG,1,0,1
ZWITHA,1,0,1
ZYENE,1,0,1
ZYNRRY,1,0,1
ZZWIRJHALLIM,1,0,1
